90
0.000000 0.000000 0.000000 0.000000 0.000000 0.500000 0.030000
0.000000 0.000000 0.500000 -0.463486 0.000000 2.628562 0.018326
-0.115872 0.000000 1.157140 0.009594 -0.067406 -0.123470 0.007973
-0.112674 -0.022469 1.115984 0.044273 -0.020059 -0.049651 0.010569
-0.109476 -0.044937 1.074827 0.040941 -0.035850 -0.082874 0.009868
-0.106278 -0.067406 1.033670 0.088526 -0.051301 -0.086910 0.010540
-0.231743 0.000000 1.814281 0.005075 -0.042332 -0.063444 0.010425
-0.229206 -0.021166 1.782559 -0.137075 -0.019870 -0.013101 0.011110
-0.226669 -0.042332 1.750837 -0.083089 0.003825 -0.045139 0.010619
-0.229206 -0.021166 1.782559 0.084969 -0.019340 -0.088408 0.010933
-0.226669 -0.042332 1.750837 0.060518 -0.077774 -0.117173 0.010059
-0.347615 0.000000 2.471421 0.046295 -0.140389 -0.089371 0.010494
-0.324467 -0.070194 2.426736 -0.043544 -0.044019 -0.030496 0.008810
-0.301319 -0.140389 2.382050 -0.113809 -0.066552 -0.034991 0.010571
-0.336041 -0.035097 2.449078 0.074771 0.010985 -0.012435 0.009635
-0.324467 -0.070194 2.426736 0.134842 -0.066417 -0.013203 0.010303
-0.312893 -0.105292 2.404393 0.087525 -0.022009 -0.004222 0.008693
-0.301319 -0.140389 2.382050 0.117098 0.009353 -0.019998 0.010311
-0.463486 0.000000 3.128562 -0.024180 -0.180534 -0.073387 0.011048
-0.475576 -0.090267 3.091868 -0.075632 -0.005393 -0.002689 0.011720
-0.487666 -0.180534 3.055175 -0.122940 -0.037496 -0.038766 0.009508
-0.115872 0.000000 1.157140 -0.035940 0.163962 0.064095 0.010299
-0.124857 0.040990 1.173164 0.004573 0.030995 0.013561 0.010202
-0.133842 0.081981 1.189188 0.018714 0.033444 -0.004499 0.008153
-0.142827 0.122971 1.205211 0.066027 0.082712 0.004037 0.009648
-0.151812 0.163962 1.221235 0.052099 0.064199 -0.010704 0.011020
-0.127852 0.054654 1.178505 -0.048985 0.050619 0.000443 0.009741
-0.139832 0.109308 1.199870 -0.173711 0.106740 0.034661 0.009384
-0.151812 0.163962 1.221235 -0.118105 0.033267 0.018598 0.009524
-0.231743 0.000000 1.814281 -0.015419 0.083110 0.061074 0.011230
-0.239453 0.041555 1.844818 0.049760 0.133921 -0.013756 0.010562
-0.247163 0.083110 1.875355 0.026188 0.034328 0.021193 0.010546
-0.236883 0.027703 1.834639 -0.027511 0.012235 0.008473 0.010851
-0.242023 0.055407 1.854997 -0.133864 0.016922 0.030945 0.009257
-0.247163 0.083110 1.875355 -0.005285 0.005683 0.002381 0.011590
-0.347615 0.000000 2.471421 0.004996 0.016237 -0.040878 0.009910
-0.345117 0.008119 2.450982 0.061452 -0.016891 -0.081268 0.009320
-0.342619 0.016237 2.430543 0.119140 0.072454 -0.115947 0.010660
-0.345949 0.005412 2.457795 -0.011044 0.037964 -0.085306 0.009300
-0.344284 0.010825 2.444169 -0.067793 0.067816 -0.089433 0.010969
-0.342619 0.016237 2.430543 -0.082354 0.079681 -0.111489 0.010925
-0.463486 0.000000 3.128562 -0.017622 0.092421 0.175860 0.009993
-0.469360 0.030807 3.187182 0.046575 0.062877 0.046418 0.009984
-0.475234 0.061614 3.245802 0.030610 0.021174 0.031879 0.010555
-0.481108 0.092421 3.304421 0.020036 0.011854 0.033366 0.010338
-0.472297 0.046211 3.216492 -0.039376 0.021775 0.073257 0.006783
-0.481108 0.092421 3.304421 -0.071870 0.025765 0.059714 0.009565
0.000000 0.000000 0.500000 0.522602 -0.000000 2.963822 0.018488
0.104520 -0.000000 1.092764 0.036558 0.057150 0.169094 0.010936
0.113660 0.014287 1.135038 0.024005 0.011526 0.062064 0.011570
0.122799 0.028575 1.177312 0.067588 0.020696 0.117527 0.008375
0.131939 0.042862 1.219585 0.089034 -0.015532 0.043390 0.010877
0.141078 0.057150 1.261859 0.006674 -0.004227 -0.000591 0.009096
0.116706 0.019050 1.149129 -0.002352 0.041598 0.084176 0.009226
0.128892 0.038100 1.205494 -0.027884 0.059364 0.060935 0.008270
0.141078 0.057150 1.261859 -0.000095 0.042536 0.061112 0.010520
0.209041 -0.000000 1.685529 0.040063 0.090821 0.017408 0.010473
0.249103 0.090821 1.702937 0.118375 -0.024528 -0.018365 0.010654
0.222395 0.030274 1.691332 -0.046275 0.085530 -0.006592 0.010669
0.235749 0.060547 1.697134 0.023934 0.051388 0.010674 0.010044
0.249103 0.090821 1.702937 -0.055468 0.080335 0.040944 0.010882
0.313561 -0.000000 2.278293 0.055967 0.150711 0.135088 0.009584
0.369528 0.150711 2.413381 0.121717 0.020023 -0.051819 0.010935
0.341544 0.075356 2.345837 -0.016594 0.091413 0.061471 0.010336
0.369528 0.150711 2.413381 -0.089454 0.055126 0.009876 0.010909
0.418081 -0.000000 2.871058 0.020399 0.094594 0.067224 0.008916
0.438480 0.094594 2.938282 0.118208 -0.000027 0.036730 0.009937
0.438480 0.094594 2.938282 -0.041804 0.078458 0.032014 0.010414
0.522602 -0.000000 3.463822 0.015316 0.187404 0.032165 0.010322
0.530260 0.093702 3.479905 0.077282 -0.010987 0.011496 0.010226
0.537918 0.187404 3.495987 0.077431 0.001672 -0.015764 0.009345
0.530260 0.093702 3.479905 -0.010588 0.003343 -0.006248 0.009976
0.537918 0.187404 3.495987 -0.088416 0.082443 -0.013002 0.009569
0.174201 -0.000000 1.487941 -0.034757 -0.168925 -0.037960 0.008674
0.156822 -0.084463 1.468961 -0.075808 -0.002958 -0.009852 0.009563
0.139443 -0.168925 1.449981 -0.102199 -0.038039 -0.030473 0.009668
0.156822 -0.084463 1.468961 0.103942 -0.053781 -0.005426 0.011256
0.139443 -0.168925 1.449981 0.133444 -0.105753 -0.015168 0.010892
0.348401 -0.000000 2.475882 -0.026499 -0.134925 0.004139 0.010899
0.339568 -0.044975 2.477261 0.005293 0.003511 -0.001319 0.009906
0.330735 -0.089950 2.478641 -0.043005 -0.055988 0.001958 0.009601
0.321902 -0.134925 2.480021 -0.047296 -0.023953 0.004734 0.008693
0.335152 -0.067463 2.477951 0.052030 -0.022577 0.024582 0.008943
0.321902 -0.134925 2.480021 0.119029 -0.122553 0.037502 0.010076
0.522602 -0.000000 3.463822 -0.027041 -0.149323 -0.029169 0.009919
0.509081 -0.074662 3.449238 -0.189993 0.036356 -0.037939 0.009306
0.495560 -0.149323 3.434653 -0.074973 -0.031528 -0.000860 0.009636
0.513588 -0.049774 3.454099 0.011768 -0.012993 -0.002081 0.010186
0.504574 -0.099549 3.444376 0.092583 -0.092416 -0.059872 0.009078
0.495560 -0.149323 3.434653 0.041095 -0.121600 0.008995 0.009050
64
-0.062353 0.005281 0.811586 -0.020386 0.024373 -0.078388 0.042291
-0.116258 -0.000199 1.146851 -0.003934 -0.002022 -0.104750 0.052422
-0.173781 0.000291 1.467387 0.000121 0.001313 -0.082570 0.041290
-0.232296 0.001288 1.803138 -0.004652 0.010842 -0.093768 0.047253
-0.288516 0.000719 2.124576 0.006240 0.003861 -0.098084 0.049179
-0.347502 -0.001843 2.461685 0.001003 -0.016344 -0.086333 0.043936
-0.408778 -0.002532 2.782130 -0.018288 -0.014349 -0.101219 0.051927
-0.463057 0.000314 3.118583 0.004460 0.003262 -0.103724 0.051936
-0.106543 -0.067527 1.023134 -0.002089 -0.000959 -0.083103 0.041567
-0.069935 -0.071550 0.995128 -0.013070 0.086230 0.029643 0.046058
-0.228763 -0.042324 1.740999 -0.022645 0.000081 -0.106364 0.054374
-0.374222 -0.044162 1.762345 -0.079290 -0.031211 -0.071029 0.055466
-0.303892 -0.033305 1.698535 0.058871 0.052208 -0.071899 0.053294
-0.144453 -0.040538 1.683220 -0.001928 -0.000289 -0.097700 0.048860
-0.300530 -0.140590 2.371771 0.008520 -0.002169 -0.110939 0.055643
-0.266766 -0.023126 2.428792 -0.054453 0.009776 -0.077789 0.047728
-0.184284 -0.134123 2.352214 -0.000636 -0.031596 -0.100689 0.052766
-0.488634 -0.177232 3.046311 -0.008589 0.029298 -0.078635 0.042177
-0.555286 -0.089811 3.079877 -0.030327 0.043499 -0.069176 0.043581
-0.151458 0.165480 1.211840 0.004703 0.020190 -0.124928 0.063318
-0.078745 0.206196 1.199812 -0.022247 0.005869 -0.107942 0.055183
-0.180593 0.099982 1.171683 -0.037563 -0.052906 -0.072650 0.048703
-0.311107 0.213995 1.225705 0.027786 -0.023419 -0.100702 0.053529
-0.215411 0.182777 1.222455 -0.052596 0.025238 -0.093455 0.055085
-0.271662 0.189288 1.234872 -0.020123 -0.091589 -0.057214 0.054925
-0.246779 0.083174 1.863772 0.003396 0.000571 -0.102623 0.051340
-0.192947 0.174915 1.821029 -0.032820 -0.005659 -0.101212 0.053275
-0.274862 0.042552 1.841965 -0.102210 0.025523 -0.011191 0.052971
-0.344606 0.017805 2.419916 -0.016306 0.012862 -0.087183 0.044811
-0.275029 -0.012042 2.368459 0.085073 -0.032211 -0.012367 0.045902
-0.222056 0.090852 2.304254 0.015082 0.022898 -0.109637 0.056507
-0.479081 0.092081 3.295080 0.022170 -0.003722 -0.102189 0.052316
-0.447499 0.082358 3.267533 -0.028650 -0.004295 -0.101110 0.052589
-0.456870 0.103747 3.328356 0.038658 -0.004863 -0.086750 0.047549
-0.512636 0.067970 3.283034 -0.013545 -0.000221 -0.094490 0.047728
0.075337 -0.002485 0.905095 0.003636 -0.013292 -0.097914 0.049439
0.149602 -0.000198 1.328321 0.001349 -0.000929 -0.086916 0.043466
0.221739 -0.001159 1.751893 -0.010887 -0.005650 -0.089300 0.045069
0.297595 -0.000455 2.175159 -0.005564 -0.002444 -0.099202 0.049694
0.372523 -0.001567 2.598610 -0.004210 -0.008629 -0.101360 0.050907
0.447940 -0.000002 3.021931 -0.000022 -0.000013 -0.096485 0.048242
0.522853 0.000065 3.453907 0.002365 0.000611 -0.093427 0.046729
0.193046 0.048192 1.286971 0.030650 -0.012440 -0.090690 0.048267
0.106937 0.062844 1.228278 -0.068257 0.020216 -0.046263 0.042450
0.100714 0.102211 1.259664 -0.003784 0.060973 -0.086883 0.053106
0.250015 0.087857 1.692506 0.008684 -0.028221 -0.099316 0.051806
0.166374 0.112358 1.682101 -0.094045 -0.033247 -0.025455 0.051473
0.368492 0.147823 2.402912 -0.009929 -0.027699 -0.100381 0.052303
0.491524 0.169973 2.350657 0.002664 -0.007256 -0.103904 0.052096
0.323655 0.166718 2.397054 -0.013740 -0.000532 -0.108746 0.054806
0.428148 0.047749 2.895766 -0.001505 0.005136 -0.101155 0.050648
0.437790 0.093523 2.927946 -0.005617 -0.008717 -0.084093 0.042365
0.396954 0.173229 2.959887 0.002949 0.001867 -0.110178 0.055117
0.538570 0.186638 3.486471 0.006218 -0.007299 -0.090705 0.045605
0.608292 0.082595 3.481204 0.005830 -0.000930 -0.079285 0.039752
0.449273 0.272491 3.473792 -0.002507 0.028975 -0.100722 0.052419
0.152039 -0.083490 1.458818 -0.044186 0.008990 -0.093696 0.051991
0.133426 -0.171585 1.441300 -0.065132 -0.028784 -0.093960 0.058948
0.035295 -0.210349 1.410664 -0.017831 -0.030953 -0.080886 0.044211
0.262368 -0.137357 1.452429 0.016459 0.009106 -0.113931 0.057737
0.289608 -0.144572 2.471284 0.019003 0.013824 -0.094262 0.048574
0.318154 -0.038401 3.402040 -0.008957 -0.000918 -0.088782 0.044618
0.527831 -0.062017 3.442166 0.023602 0.007156 -0.093950 0.048567
0.599373 -0.195356 3.376380 0.026210 -0.040115 -0.096107 0.053695
0
