89
0.000000 0.000000 0.000000 0.000000 0.000000 0.500000 0.030000
0.000000 0.000000 0.500000 -1.310812 0.000000 2.270392 0.019988
-0.262162 0.000000 0.954078 0.006569 -0.174521 -0.066473 0.010394
-0.258878 -0.087260 0.920842 -0.156919 -0.028305 -0.038000 0.009380
-0.255593 -0.174521 0.887605 -0.081510 -0.068583 -0.018909 0.009293
-0.255593 -0.174521 0.887605 0.033125 -0.082272 -0.048292 0.010739
-0.524325 0.000000 1.408157 -0.067820 -0.154456 0.008048 0.008679
-0.546931 -0.051485 1.410840 -0.082584 0.001513 0.033890 0.010128
-0.569538 -0.102971 1.413522 -0.088029 0.033229 0.009891 0.008912
-0.592144 -0.154456 1.416205 -0.087709 0.022402 -0.032678 0.011170
-0.558235 -0.077228 1.412181 0.071380 -0.088589 -0.020914 0.008968
-0.592144 -0.154456 1.416205 0.047529 -0.062350 0.038074 0.010194
-0.786487 0.000000 1.862235 0.009594 -0.167378 0.023895 0.008472
-0.781690 -0.083689 1.874183 -0.096562 -0.049417 -0.111463 0.010482
-0.776893 -0.167378 1.886131 -0.009531 -0.023791 0.003236 0.009818
-0.784089 -0.041844 1.868209 0.060848 0.002136 0.050734 0.008204
-0.781690 -0.083689 1.874183 0.078177 -0.041933 -0.017545 0.009251
-0.779292 -0.125533 1.880157 0.055572 0.013286 0.045726 0.009473
-0.776893 -0.167378 1.886131 0.104406 -0.122126 0.034244 0.009624
-1.048649 0.000000 2.316314 0.022997 -0.192640 -0.002288 0.008936
-1.040984 -0.064213 2.315551 -0.024084 -0.009590 0.003741 0.009490
-1.033318 -0.128427 2.314789 -0.058126 -0.005460 0.001589 0.009291
-1.025652 -0.192640 2.314026 -0.016640 -0.016305 0.013024 0.011584
-1.037151 -0.096320 2.315170 0.047149 -0.025296 -0.006019 0.010702
-1.025652 -0.192640 2.314026 0.106812 -0.032509 0.035098 0.009969
-1.310812 0.000000 2.770392 -0.024575 -0.099980 0.063325 0.009659
-1.316955 -0.024995 2.786224 -0.095765 -0.021811 0.045230 0.010046
-1.323099 -0.049990 2.802055 -0.113319 -0.040737 0.000980 0.009163
-1.329243 -0.074985 2.817886 -0.042268 -0.046759 0.045408 0.010265
-1.335387 -0.099980 2.833717 -0.165988 -0.047697 0.082791 0.010320
-0.436937 0.000000 1.256797 0.048290 0.130330 -0.005016 0.008687
-0.388647 0.130330 1.251782 0.147279 0.070018 0.011808 0.010478
-0.412792 0.065165 1.254290 -0.037543 0.024497 -0.031208 0.008739
-0.388647 0.130330 1.251782 -0.036475 0.028997 -0.007425 0.009800
-0.873874 0.000000 2.013595 -0.015379 0.058165 0.020288 0.011504
-0.881564 0.029083 2.023739 0.102734 0.123652 0.011449 0.011215
-0.889253 0.058165 2.033883 0.117850 0.138312 0.021461 0.010899
-0.889253 0.058165 2.033883 -0.059041 0.038129 0.030278 0.011600
-1.310812 0.000000 2.770392 -0.003261 0.116207 -0.019281 0.010187
-1.311899 0.038736 2.763965 0.125099 0.101863 0.107886 0.008720
-1.312986 0.077471 2.757538 0.019877 0.023163 -0.001789 0.013049
-1.314073 0.116207 2.751111 0.054403 0.011636 -0.015189 0.009080
-1.311899 0.038736 2.763965 -0.138280 0.031334 0.044996 0.010298
-1.312986 0.077471 2.757538 -0.061101 -0.001603 -0.004814 0.010539
-1.314073 0.116207 2.751111 -0.028891 0.008713 -0.009570 0.010459
0.000000 0.000000 0.500000 1.360967 -0.000000 2.357264 0.020571
0.340242 -0.000000 1.089316 -0.044045 0.206697 -0.054902 0.009784
0.325560 0.068899 1.071015 0.002224 0.001813 -0.000931 0.009641
0.310878 0.137798 1.052715 0.020156 0.024429 -0.011174 0.009874
0.296196 0.206697 1.034414 0.178476 0.031100 -0.006447 0.011800
0.325560 0.068899 1.071015 -0.078894 0.052914 -0.062272 0.010435
0.310878 0.137798 1.052715 -0.068245 0.016557 -0.012320 0.009637
0.296196 0.206697 1.034414 -0.096571 0.030923 -0.007905 0.009384
0.680483 -0.000000 1.678632 -0.024102 0.237370 0.030539 0.010517
0.656381 0.237370 1.709171 0.110214 0.089551 0.002281 0.009591
0.656381 0.237370 1.709171 -0.062966 0.077860 -0.023920 0.010327
1.020725 -0.000000 2.267948 -0.009172 0.160069 0.020471 0.009722
1.017668 0.053356 2.274771 0.103784 0.053551 -0.008862 0.009546
1.014611 0.106713 2.281595 0.066334 0.141901 0.000146 0.010316
1.011553 0.160069 2.288419 0.106644 0.118186 -0.027879 0.010708
1.360967 -0.000000 2.857264 -0.003995 0.187303 -0.014783 0.009872
1.358969 0.093651 2.849872 0.026744 0.048608 -0.006796 0.011115
1.356972 0.187303 2.842480 0.098851 0.022025 -0.050881 0.009410
1.358969 0.093651 2.849872 -0.089580 0.117785 -0.031933 0.009451
1.356972 0.187303 2.842480 -0.117662 0.039825 0.020554 0.010827
0.340242 -0.000000 1.089316 -0.033645 -0.159582 -0.009124 0.009793
0.329027 -0.053194 1.086275 -0.109017 -0.074919 -0.022869 0.010617
0.317812 -0.106388 1.083233 -0.153106 -0.044539 -0.032332 0.009272
0.306597 -0.159582 1.080192 -0.046138 -0.038972 0.002803 0.009982
0.306597 -0.159582 1.080192 0.105523 -0.057147 0.039080 0.009343
0.680483 -0.000000 1.678632 0.024915 -0.047883 0.020633 0.010829
0.692941 -0.023941 1.688948 -0.049586 -0.065788 -0.028701 0.011330
0.705399 -0.047883 1.699265 -0.007803 -0.124517 0.024920 0.010152
0.688789 -0.015961 1.685509 0.047574 -0.000380 0.005837 0.009787
0.697094 -0.031922 1.692387 0.035011 -0.012361 0.006660 0.008410
0.705399 -0.047883 1.699265 0.141143 0.030132 -0.007076 0.009159
1.020725 -0.000000 2.267948 0.034267 -0.172112 0.032138 0.009458
1.029292 -0.043028 2.275982 0.124278 -0.022816 0.010114 0.008342
1.037859 -0.086056 2.284017 0.140146 -0.043318 0.017430 0.010125
1.046426 -0.129084 2.292051 0.118522 -0.128477 0.034605 0.008303
1.054992 -0.172112 2.300085 0.099131 -0.091495 0.037487 0.009050
1.360967 -0.000000 2.857264 -0.052645 -0.173874 -0.069922 0.011497
1.347805 -0.043468 2.839783 -0.114009 0.021324 0.078557 0.010189
1.334644 -0.086937 2.822303 -0.105635 -0.061608 -0.040036 0.010041
1.321483 -0.130405 2.804822 -0.098307 0.031093 -0.067685 0.008815
1.308321 -0.173874 2.787342 0.000890 -0.000059 0.000312 0.009727
1.343418 -0.057958 2.833956 0.084241 -0.047432 -0.014375 0.009360
1.325870 -0.115916 2.810649 0.087809 -0.061315 -0.009660 0.010866
1.308321 -0.173874 2.787342 0.055413 -0.175043 -0.061858 0.009771
69
-0.107686 -0.003331 0.669551 0.008800 -0.018927 -0.111653 0.056794
-0.201683 -0.001055 0.867597 0.080830 -0.005080 -0.052015 0.048127
-0.333085 -0.001208 1.048386 -0.029694 -0.006665 -0.105994 0.055138
-0.434822 0.001514 1.248509 0.024488 0.017524 -0.095934 0.050274
-0.551126 -0.003229 1.426903 -0.023977 -0.015629 -0.092406 0.048368
-0.657762 0.001811 1.615430 -0.010382 0.007980 -0.087095 0.044037
-0.760070 0.002020 1.805042 0.024135 0.010668 -0.102216 0.052784
-0.873818 0.000201 2.002093 0.000476 0.001679 -0.096246 0.048131
-0.973218 0.005774 2.186413 0.047450 0.027701 -0.078588 0.047945
-1.092104 -0.000230 2.372008 0.001249 -0.001203 -0.104525 0.052270
-1.196976 0.001874 2.561832 0.024598 0.010019 -0.103492 0.053423
-1.315004 -0.003179 2.761670 -0.048139 -0.036500 -0.100152 0.058481
-0.258764 -0.087299 0.911463 0.001289 -0.000434 -0.105853 0.052931
-0.250109 -0.172560 0.878583 0.055107 0.019700 -0.090652 0.053951
-0.304701 -0.208421 0.874095 -0.084023 0.003939 -0.040799 0.046744
-0.341454 -0.238815 0.861693 -0.049410 0.048703 -0.079525 0.052768
-0.226009 -0.260096 0.829728 -0.032363 -0.030195 -0.087628 0.049086
-0.586468 -0.054921 1.418734 0.016818 -0.040168 -0.086714 0.048517
-0.627128 -0.056211 1.437117 0.022647 -0.059173 -0.072202 0.048030
-0.683292 -0.126567 1.374426 -0.028387 0.045305 -0.075142 0.046110
-0.486159 -0.166482 1.382351 0.008458 -0.008091 -0.108474 0.054552
-0.774510 -0.165210 1.877062 0.022247 0.020235 -0.084662 0.044922
-0.880071 -0.130529 1.752725 -0.016875 0.023914 -0.092758 0.048633
-0.722683 -0.040281 1.910778 0.005926 -0.006091 -0.086832 0.043624
-0.726857 -0.104939 1.920737 -0.030533 0.071138 -0.050084 0.046101
-0.675128 -0.290718 1.911200 -0.030951 -0.014227 -0.107515 0.056391
-1.019399 -0.193469 2.306307 0.068331 -0.009056 -0.084347 0.054464
-1.065377 -0.074549 2.309836 -0.003609 -0.008703 -0.110337 0.055369
-1.090121 -0.133649 2.307184 0.013782 0.002474 -0.095748 0.048383
-0.917702 -0.231144 2.341241 0.011209 -0.059031 -0.077626 0.049082
-1.414186 -0.045168 2.821651 -0.011942 0.013341 -0.079856 0.040919
-1.436115 -0.089747 2.793929 0.003473 0.011220 -0.104203 0.052432
-0.386461 0.128287 1.242450 0.026164 -0.024450 -0.111670 0.058636
-0.241369 0.204521 1.253979 -0.000003 0.039163 -0.090199 0.049167
-0.953167 0.106733 2.062800 -0.040372 0.086476 -0.011269 0.048049
-1.262727 0.133231 2.729284 -0.032730 0.057676 -0.071064 0.048600
-1.453444 0.060385 2.807697 -0.033864 -0.100428 -0.013114 0.053396
-1.375103 0.076977 2.742294 -0.010301 0.011242 -0.105708 0.053401
-1.339399 0.116784 2.736020 0.031885 -0.072759 -0.049375 0.046767
0.169533 -0.004019 0.774492 -0.002879 -0.019669 -0.098705 0.050344
0.346509 -0.007125 1.086895 0.053769 -0.061123 -0.020771 0.042008
0.509035 -0.008273 1.365186 -0.006389 -0.039810 -0.090409 0.049496
0.680594 -0.001322 1.667884 0.000985 -0.011795 -0.095910 0.048319
0.851544 -0.001493 1.952794 0.004893 -0.007775 -0.106768 0.053581
1.022709 0.000279 2.258704 0.020768 0.002918 -0.096778 0.049512
1.196171 0.000069 2.542736 0.027785 0.000362 -0.103670 0.053665
1.362658 -0.001724 2.846023 0.014813 -0.015100 -0.098460 0.050353
0.332944 0.075401 1.067532 0.003014 0.062842 -0.066899 0.045918
0.331447 0.162252 1.031675 0.004405 0.000268 -0.105470 0.052781
0.247773 0.123927 0.998585 0.011705 0.022343 -0.107381 0.055152
0.245856 0.151238 1.031864 0.030108 -0.029125 -0.079705 0.045021
0.656883 0.237957 1.698873 0.004458 0.005223 -0.091618 0.045938
1.014449 0.152257 2.281693 0.028415 -0.076656 -0.065999 0.052534
1.128689 0.103949 2.260434 0.063003 -0.025754 -0.047662 0.041546
1.388516 0.135008 2.835133 0.020974 -0.054265 -0.059449 0.041590
1.457411 0.209528 2.782326 0.019792 0.002494 -0.115549 0.058629
0.323413 -0.082625 1.075380 -0.000062 -0.030274 -0.100121 0.052299
0.310851 -0.164974 1.073858 0.047389 -0.060071 -0.070555 0.052039
0.220712 -0.127752 1.052818 0.005926 0.003047 -0.089266 0.044757
0.161348 -0.145527 1.044153 -0.035742 0.057465 -0.071813 0.049338
0.736292 -0.016330 1.681560 -0.000758 0.000122 -0.105638 0.052821
1.149531 -0.063633 2.279140 -0.048433 0.026513 -0.083421 0.050020
1.187621 -0.126209 2.301594 0.098718 0.032493 0.001516 0.051970
1.168839 -0.255311 2.319676 0.048349 0.027956 -0.086736 0.051581
1.309415 -0.176481 2.777989 0.012185 -0.029058 -0.104265 0.054461
1.233837 -0.022091 2.908152 0.000418 0.000555 -0.106230 0.053116
1.231672 -0.100429 2.739199 0.093640 -0.012303 0.022721 0.048570
1.310557 -0.170365 2.778497 0.019961 0.033917 -0.080538 0.044819
1.417339 -0.183066 2.792585 0.033907 -0.054050 -0.077855 0.050330
0
