500
-0.00000   -0.00000   0.00000   0.03000   0.07200   1.02800   0.04000
0.03000   0.07200   1.02800   0.06400   0.05200   0.63000   0.04100
0.02134   0.05121   0.73117   0.07700   -0.00300   -0.01500   0.01300
0.09834   0.04821   0.71617   0.05200   -0.07900   0.04600   0.01300
0.11539   0.02230   0.73126   0.03000   -0.13800   -0.12500   0.00500
0.14539   -0.11570   0.60626   -0.02300   0.01900   -0.02300   0.00500
0.14539   -0.11570   0.60626   0.02100   0.13300   -0.10900   0.00500
0.16639   0.01730   0.49726   0.07000   0.01600   -0.07300   0.00500
0.23639   0.03330   0.42426   0.04100   -0.07500   0.02200   0.00500
0.18736   0.02209   0.47539   -0.02500   0.04500   -0.00900   0.00500
0.16236   0.06709   0.46639   0.05700   0.01200   0.01000   0.00500
0.16236   0.06709   0.46639   -0.03600   0.00100   -0.08300   0.00500
0.15034   -0.03079   0.76217   -0.06000   0.00900   0.07800   0.00500
0.15034   -0.03079   0.76217   0.04300   -0.02300   -0.04800   0.00500
0.19334   -0.05379   0.71417   -0.01900   0.00600   -0.15700   0.00500
0.15034   -0.03079   0.76217   0.05600   0.00300   0.00100   0.00500
0.20634   -0.02779   0.76317   0.03000   0.01100   0.01700   0.00500
0.23634   -0.01679   0.78017   0.12000   0.00600   -0.03400   0.00500
0.23634   -0.01679   0.78017   0.15700   0.08100   0.05700   0.00500
0.15034   -0.03079   0.76217   -0.00100   -0.21500   0.07900   0.00500
0.15004   -0.09374   0.78530   -0.08200   -0.01800   -0.04600   0.00600
0.06804   -0.11174   0.73930   -0.06900   -0.08400   -0.05900   0.00500
0.06804   -0.11174   0.73930   -0.05400   -0.01400   -0.05200   0.00500
0.01404   -0.12574   0.68730   -0.07200   -0.04200   -0.08500   0.00500
-0.05796   -0.16774   0.60230   0.03900   -0.06600   -0.01900   0.00800
-0.05796   -0.16774   0.60230   -0.11500   -0.03600   -0.12800   0.00500
-0.05796   -0.16774   0.60230   -0.00800   0.02000   -0.06400   0.00500
0.09834   0.04821   0.71617   0.14300   -0.09800   -0.02700   0.00500
0.24134   -0.04979   0.68917   0.05500   0.03300   0.01300   0.00500
0.29634   -0.01679   0.70217   0.01500   -0.00800   0.06200   0.00500
0.29634   -0.01679   0.70217   0.03500   -0.00400   -0.05900   0.00500
0.33134   -0.02079   0.64317   0.06800   -0.05100   0.00900   0.00500
0.39934   -0.07179   0.65217   0.10700   -0.08200   -0.15400   0.00500
0.50634   -0.15379   0.49817   0.07200   0.01300   -0.03900   0.00500
0.57834   -0.14079   0.45917   -0.01400   -0.05000   -0.01600   0.00500
0.14934   -0.24579   0.84117   -0.01700   -0.07000   0.08100   0.00500
0.13234   -0.31579   0.92217   0.05400   -0.14600   -0.08100   0.00500
0.13234   -0.31579   0.92217   0.00600   0.00600   0.11700   0.00500
0.13834   -0.30979   1.03917   0.02900   0.00200   0.03200   0.00500
0.16734   -0.30779   1.07117   0.01900   0.05200   -0.03300   0.00500
0.16734   -0.30779   1.07117   0.09300   -0.21900   -0.05600   0.00500
0.09834   0.04821   0.71617   -0.07000   -0.13100   -0.05000   0.00500
0.02834   -0.08279   0.66617   -0.00000   0.04600   -0.01000   0.00500
0.02834   -0.03679   0.65617   0.00300   0.05300   -0.02300   0.00500
0.02834   -0.08279   0.66617   -0.02200   -0.02900   -0.01900   0.00500
0.00634   -0.11179   0.64717   -0.11500   0.00700   0.04400   0.00500
0.00634   -0.11179   0.64717   -0.06400   0.06600   -0.03900   0.00500
-0.05766   -0.04579   0.60817   -0.08300   0.01200   -0.19100   0.00500
0.09834   0.04821   0.71617   0.09600   0.03100   0.03900   0.00500
0.19434   0.07921   0.75517   0.03900   0.03400   0.01800   0.00500
0.23334   0.11321   0.77317   0.10100   0.06800   -0.04500   0.00500
0.09834   0.04821   0.71617   0.00100   0.04000   0.00800   0.00500
0.09934   0.08821   0.72417   -0.02300   0.01800   0.01300   0.00500
0.07634   0.10621   0.73717   -0.00300   0.05100   -0.01900   0.00500
0.09934   0.08821   0.72417   0.00100   0.06900   0.04800   0.00500
0.10034   0.15721   0.77217   0.05500   0.09000   0.09400   0.00500
0.10034   0.15721   0.77217   0.15900   0.08100   -0.12700   0.00500
0.25934   0.23821   0.64517   0.02000   -0.08300   -0.16600   0.00500
0.27298   0.18159   0.53194   0.02300   0.01400   -0.00600   0.00500
0.29598   0.19559   0.52594   -0.03100   -0.03300   -0.07400   0.00500
0.25934   0.23821   0.64517   0.16000   0.04700   0.04700   0.00500
0.02997   0.07193   1.02701   -0.14700   0.08900   0.04000   0.01400
-0.11703   0.16093   1.06701   -0.22600   0.03200   0.09900   0.01300
-0.11703   0.16093   1.06701   -0.06800   -0.03000   0.14300   0.00500
-0.34303   0.19293   1.16601   -0.05700   0.02500   0.05000   0.00700
-0.40003   0.21793   1.21601   -0.15000   -0.01400   0.16000   0.00500
-0.34303   0.19293   1.16601   -0.24600   -0.08600   0.13700   0.00800
-0.58903   0.10693   1.30301   0.00700   -0.03000   0.01000   0.00500
-0.58903   0.10693   1.30301   -0.00500   -0.03200   0.06200   0.00500
-0.59403   0.07493   1.36501   -0.05000   -0.01400   0.03100   0.00500
-0.64403   0.06093   1.39601   -0.05200   -0.00800   -0.01300   0.00500
-0.66195   0.05817   1.39153   -0.07000   0.04000   -0.00300   0.00500
-0.64403   0.06093   1.39601   -0.10900   -0.12700   -0.06200   0.00500
-0.75303   -0.06607   1.33401   -0.05200   -0.05100   0.03000   0.00500
-0.75303   -0.06607   1.33401   -0.00600   -0.06100   -0.04700   0.00500
-0.58903   0.10693   1.30301   -0.07400   -0.00100   -0.02500   0.00500
-0.66303   0.10593   1.27801   -0.12100   0.08400   0.04200   0.00500
-0.66303   0.10593   1.27801   -0.09600   0.08400   -0.12800   0.00500
-0.75903   0.18993   1.15001   -0.02700   0.01900   -0.09100   0.00500
-0.78603   0.20893   1.05901   -0.01400   -0.03600   -0.05100   0.00800
-0.78603   0.20893   1.05901   0.01400   0.03400   0.00000   0.00500
-0.78603   0.20893   1.05901   0.00500   0.03100   -0.06500   0.00500
-0.78103   0.23993   0.99401   -0.01100   -0.01100   -0.04100   0.00500
-0.78187   0.23473   1.00492   -0.07100   0.02000   -0.00800   0.00500
-0.27089   0.18272   1.13441   0.00400   0.06800   -0.02000   0.00500
-0.26689   0.25072   1.11441   -0.01900   0.04200   -0.08500   0.00500
-0.28589   0.29272   1.02941   -0.10700   0.15800   -0.15800   0.00500
0.01906   0.04574   0.65302   -0.02000   -0.14700   0.00400   0.01200
-0.00094   -0.10126   0.65702   -0.05900   -0.24100   0.18600   0.00500
-0.00094   -0.10126   0.65702   -0.08900   -0.36600   -0.07800   0.00900
-0.01530   -0.16030   0.64444   -0.07000   -0.20700   0.14800   0.00600
-0.02501   -0.20023   0.63593   -0.01700   0.05900   -0.04900   0.00500
-0.04201   -0.14123   0.58693   -0.06500   0.00200   -0.11600   0.00500
-0.02501   -0.20023   0.63593   -0.04700   -0.01000   -0.01900   0.00500
-0.07201   -0.21023   0.61693   -0.04300   0.03400   -0.02500   0.00500
-0.07201   -0.21023   0.61693   -0.03200   -0.05000   -0.03500   0.00500
-0.05126   -0.30818   0.61292   -0.05400   -0.02700   -0.00700   0.00500
-0.10526   -0.33518   0.60592   -0.02300   0.02600   -0.02100   0.00500
-0.10526   -0.33518   0.60592   -0.01500   -0.04800   -0.01000   0.00500
-0.06218   -0.35307   0.60336   0.01500   -0.06500   0.02300   0.00500
-0.04718   -0.41807   0.62636   -0.03500   -0.02600   -0.01600   0.00500
-0.04718   -0.41807   0.62636   0.03200   -0.00900   0.01900   0.00500
-0.08994   -0.46726   0.57902   -0.02700   -0.02600   -0.19500   0.00500
-0.11694   -0.49326   0.38402   0.09800   -0.03000   -0.16400   0.00500
-0.08994   -0.46726   0.57902   0.03700   -0.09100   -0.06600   0.00500
-0.05294   -0.55826   0.51302   0.02500   -0.02000   -0.06300   0.00500
-0.02794   -0.57826   0.45002   -0.05900   -0.03100   -0.03200   0.00500
-0.08694   -0.60926   0.41802   -0.01800   -0.14300   -0.04300   0.00500
-0.02794   -0.57826   0.45002   0.00500   0.00400   -0.04000   0.00500
-0.02294   -0.57426   0.41002   0.06500   -0.05700   -0.08600   0.00500
0.04206   -0.63126   0.32402   0.07000   0.02700   -0.02500   0.00500
0.04206   -0.63126   0.32402   0.02600   -0.05100   -0.06900   0.00500
0.06806   -0.68226   0.25502   0.02700   -0.12900   -0.22700   0.00500
0.07496   -0.71524   0.19699   0.10100   -0.09800   0.04400   0.00500
0.06806   -0.68226   0.25502   0.00900   -0.04800   -0.01100   0.00500
0.07706   -0.73026   0.24402   0.04300   -0.04900   0.00800   0.00500
-0.08994   -0.46726   0.57902   -0.06900   -0.18700   0.14400   0.00500
-0.15894   -0.65426   0.72302   -0.02400   -0.04700   0.01600   0.00500
-0.18294   -0.70126   0.73902   -0.05700   0.05800   -0.08000   0.00500
-0.18294   -0.70126   0.73902   -0.00700   -0.06700   0.00500   0.00500
-0.00094   -0.10126   0.65702   -0.02800   -0.03100   -0.10900   0.00500
-0.02894   -0.13226   0.54802   0.00900   -0.07500   0.02400   0.00500
-0.02894   -0.13226   0.54802   0.01700   -0.01500   -0.05400   0.00500
-0.01194   -0.14726   0.49402   -0.00500   0.04500   -0.04500   0.00500
-0.01194   -0.14726   0.49402   0.04700   -0.02600   -0.05200   0.00500
-0.00094   -0.10126   0.65702   0.05900   -0.10900   0.04100   0.00500
0.05806   -0.21026   0.69802   -0.01700   -0.04200   -0.03500   0.00500
0.05806   -0.21026   0.69802   0.03800   -0.09300   -0.08400   0.00500
0.09606   -0.30326   0.61402   0.01400   -0.03300   -0.09800   0.00500
0.11006   -0.33626   0.51602   -0.05800   -0.08000   0.01600   0.00500
0.11006   -0.33626   0.51602   -0.05800   -0.08100   -0.18200   0.00500
0.05206   -0.41726   0.33402   -0.03700   -0.05400   0.03000   0.00500
0.05206   -0.41726   0.33402   -0.03100   -0.00100   -0.05200   0.00500
0.10533   -0.34286   0.50119   -0.02800   0.01500   -0.02400   0.00500
0.09390   0.12392   1.65702   0.10700   0.15100   0.57700   0.02400
0.16845   0.22913   2.05904   -0.19200   0.22200   -0.05300   0.01000
-0.02355   0.45113   2.00604   -0.04400   0.03800   -0.02400   0.00500
-0.06755   0.48913   1.98204   -0.00300   0.02800   -0.02800   0.00500
-0.07055   0.51713   1.95404   -0.03300   0.12500   -0.21600   0.00500
-0.08507   0.57214   1.85898   -0.01400   -0.01500   -0.04900   0.00500
-0.09454   0.60802   1.79698   -0.00500   -0.01800   -0.03300   0.00500
-0.09954   0.59002   1.76398   -0.00500   0.01600   -0.03400   0.00500
-0.10454   0.60602   1.72998   -0.03700   0.07400   -0.04500   0.00500
-0.10454   0.60602   1.72998   -0.00100   -0.01200   -0.03100   0.00500
-0.10554   0.59402   1.69898   -0.00500   0.00100   -0.03200   0.00500
-0.11054   0.59502   1.66698   -0.05700   0.09500   -0.13300   0.00500
-0.16754   0.69002   1.53398   0.01800   0.02500   -0.06400   0.00500
-0.14154   0.68002   1.68498   0.02200   0.00900   -0.03600   0.00500
-0.11954   0.68902   1.64898   0.05500   0.01800   -0.22400   0.00500
-0.06454   0.70702   1.42498   0.01900   -0.03800   -0.03400   0.00500
-0.11954   0.68902   1.64898   0.04900   -0.06700   -0.05300   0.00500
-0.02355   0.45113   2.00604   0.02400   -0.00700   -0.06500   0.00900
0.00045   0.44413   1.94104   -0.06900   0.00100   -0.20700   0.00800
-0.01285   0.44432   1.90115   -0.04300   0.00600   -0.06200   0.00500
-0.06855   0.44513   1.73404   -0.02200   -0.05100   -0.02400   0.00500
-0.06855   0.44513   1.73404   -0.03400   -0.01400   -0.11400   0.00500
-0.09150   0.43568   1.65709   -0.07200   0.01600   -0.04500   0.00500
-0.11614   0.44115   1.64169   -0.00000   0.04700   -0.01900   0.00500
-0.10255   0.43113   1.62004   -0.00600   -0.04000   -0.00400   0.00500
-0.10855   0.39113   1.61604   0.00200   -0.06200   -0.01100   0.00500
-0.10855   0.39113   1.61604   -0.00500   -0.02500   -0.03300   0.00500
-0.11355   0.36613   1.58304   -0.06400   -0.00300   0.02800   0.00500
-0.11355   0.36613   1.58304   -0.02800   -0.03900   -0.02100   0.00500
-0.10855   0.39113   1.61604   -0.07900   -0.07600   0.02100   0.00500
-0.18755   0.31513   1.63704   -0.12800   -0.02700   0.08400   0.00500
-0.22489   0.30725   1.66155   0.01600   -0.05800   -0.02000   0.00500
-0.31555   0.28813   1.72104   -0.11400   -0.03700   0.02100   0.00500
-0.31555   0.28813   1.72104   -0.06300   -0.02500   0.03800   0.00500
-0.37855   0.26313   1.75904   -0.13400   -0.06900   0.01700   0.00500
-0.31555   0.28813   1.72104   -0.00500   -0.02300   -0.01800   0.00500
-0.32055   0.26513   1.70304   -0.27400   -0.20600   0.20900   0.00500
-0.06755   0.48913   1.98204   -0.07100   -0.03800   -0.00200   0.00500
-0.13855   0.45113   1.98004   -0.01600   -0.01500   0.03000   0.00500
-0.13855   0.45113   1.98004   -0.09700   -0.05100   -0.11900   0.00500
-0.23555   0.40013   1.86104   -0.15300   0.09800   -0.00900   0.00500
-0.19782   0.41997   1.90733   -0.04300   -0.01900   -0.03800   0.00500
-0.02355   0.45113   2.00604   -0.02500   0.05200   -0.00600   0.00500
-0.04855   0.50313   2.00004   -0.08600   0.01300   -0.01800   0.00500
-0.13455   0.51613   1.98204   -0.03500   0.01300   -0.09400   0.00500
-0.04855   0.50313   2.00004   -0.02500   -0.03700   -0.05800   0.00500
-0.07355   0.46613   1.94204   -0.02900   0.01100   -0.05900   0.00500
-0.10255   0.47713   1.88304   -0.00800   0.00500   -0.03900   0.00500
-0.11055   0.48213   1.84404   -0.02200   0.04200   -0.23300   0.00500
-0.13255   0.52413   1.61104   0.02600   0.08100   -0.08900   0.00500
-0.13255   0.52413   1.61104   0.01600   -0.05200   -0.10500   0.00500
0.14861   0.20112   1.95202   -0.07000   -0.08100   -0.04500   0.00500
0.20090   0.27492   2.23402   -0.27200   -0.06200   0.08000   0.01000
-0.07110   0.21292   2.31402   -0.12900   -0.16700   -0.10800   0.00900
-0.20010   0.04592   2.20602   -0.04100   0.02000   -0.02200   0.00500
-0.20010   0.04592   2.20602   -0.17700   -0.21600   -0.10700   0.00500
-0.26653   -0.03515   2.16586   -0.01300   0.02600   -0.01000   0.00500
-0.25068   -0.01581   2.17544   -0.00300   -0.03100   -0.02200   0.00500
-0.37710   -0.17008   2.09902   0.04100   -0.01400   -0.01700   0.00500
-0.37710   -0.17008   2.09902   -0.06900   -0.07300   -0.04200   0.00500
-0.44610   -0.24308   2.05702   -0.14400   -0.07300   0.01200   0.00500
0.08987   0.24961   2.26668   -0.04100   -0.07400   0.07300   0.00500
0.04887   0.17561   2.33968   0.03400   -0.06700   0.00300   0.00500
0.01975   0.23363   2.28730   -0.01200   0.03800   -0.01500   0.00500
0.00775   0.27163   2.27230   -0.03700   0.05000   0.14500   0.00500
0.00775   0.27163   2.27230   -0.00200   0.05100   -0.00400   0.00600
0.00575   0.32263   2.26830   -0.03700   0.02100   0.05000   0.00500
-0.03125   0.34363   2.31830   -0.08600   -0.03200   0.23900   0.00500
-0.11725   0.31163   2.55730   -0.06000   -0.01800   0.27500   0.00500
0.00575   0.32263   2.26830   -0.08700   -0.03100   0.00900   0.00700
-0.08125   0.29163   2.27730   -0.05400   0.02700   0.00500   0.00500
-0.08125   0.29163   2.27730   -0.06900   -0.03700   -0.02200   0.00500
-0.15025   0.25463   2.25530   -0.03800   0.01900   0.00800   0.00500
-0.18825   0.27363   2.26330   -0.01000   0.01700   0.03200   0.00500
-0.18825   0.27363   2.26330   -0.10600   -0.02300   0.02600   0.00500
-0.15025   0.25463   2.25530   -0.00300   -0.02200   -0.02300   0.00500
-0.15325   0.23263   2.23230   -0.09800   -0.06700   0.00600   0.00500
-0.25125   0.16563   2.23830   -0.02800   0.02500   -0.02800   0.00500
-0.25125   0.16563   2.23830   -0.08900   -0.04800   0.04600   0.00500
-0.34025   0.11763   2.28430   -0.10800   -0.04100   0.08600   0.00500
-0.44825   0.07663   2.37030   -0.12500   -0.04500   0.06700   0.00500
0.02145   0.05148   0.73502   0.07800   -0.14500   -0.04300   0.02100
0.09944   -0.09350   0.69203   0.07200   -0.02300   0.04300   0.00500
0.17144   -0.11650   0.73503   0.01800   -0.02200   -0.06000   0.00500
0.18944   -0.13850   0.67503   -0.07600   0.12600   0.00900   0.00500
0.18944   -0.13850   0.67503   0.09700   -0.07400   0.03600   0.00500
0.28644   -0.21250   0.71103   0.07300   -0.08800   -0.01700   0.00500
0.28644   -0.21250   0.71103   0.00800   -0.01700   -0.06600   0.00500
0.29444   -0.22950   0.64503   0.08400   -0.05400   0.01000   0.00500
0.18944   -0.13850   0.67503   0.05700   -0.04500   -0.11300   0.00500
0.24644   -0.18350   0.56203   0.02800   -0.00300   -0.02300   0.00500
0.18944   -0.13850   0.67503   0.03300   -0.05500   -0.03000   0.00500
0.22244   -0.19350   0.64503   0.02400   -0.07100   0.13600   0.00500
0.22244   -0.19350   0.64503   -0.01200   -0.07800   -0.01800   0.00500
0.21044   -0.27150   0.62703   0.03300   -0.05700   -0.02600   0.00500
0.22875   -0.30313   0.61260   -0.05200   -0.05300   -0.05400   0.00500
0.17675   -0.35613   0.55860   -0.01300   -0.01100   -0.11500   0.00500
0.24344   -0.32850   0.60103   -0.05400   -0.07300   -0.14200   0.00500
0.18944   -0.40150   0.45903   -0.04800   0.00800   0.02300   0.00500
0.18944   -0.40150   0.45903   -0.01500   -0.05300   -0.05200   0.00500
0.17444   -0.45450   0.40703   0.14700   -0.04400   -0.02100   0.00500
0.32144   -0.49850   0.38603   0.22100   0.03800   0.02400   0.00500
0.32144   -0.49850   0.38603   0.06700   0.09100   -0.12100   0.00500
0.38844   -0.40750   0.26503   0.08600   0.10000   -0.06000   0.00500
0.47444   -0.30750   0.20503   0.13700   0.18100   0.01600   0.00500
0.24344   -0.32850   0.60103   -0.00500   -0.04800   0.02900   0.00500
0.23844   -0.37650   0.63003   -0.02900   -0.07000   0.00800   0.00500
0.20944   -0.44650   0.63803   -0.02100   -0.04000   0.03700   0.00500
0.20944   -0.44650   0.63803   -0.02600   -0.06400   -0.03500   0.00500
0.18344   -0.51050   0.60303   -0.02300   -0.02100   -0.17400   0.00500
0.16044   -0.53150   0.42903   0.05500   -0.03800   -0.13400   0.00500
0.09944   -0.09350   0.69203   0.01000   -0.07800   -0.01500   0.00600
0.10944   -0.17150   0.67703   0.06700   -0.08400   -0.02300   0.00500
0.17644   -0.25550   0.65403   -0.00900   -0.10000   -0.00800   0.00500
0.16744   -0.35550   0.64603   0.00700   -0.18100   -0.19600   0.00500
0.17444   -0.53650   0.45003   -0.06900   -0.13200   -0.18200   0.00500
0.17444   -0.53650   0.45003   0.02200   0.01000   -0.06100   0.00500
0.16744   -0.35550   0.64603   0.04500   -0.07400   -0.04000   0.00500
0.21244   -0.42950   0.60603   0.03000   -0.02800   0.02000   0.00500
0.24244   -0.45750   0.62603   0.07300   0.07600   0.19400   0.00500
0.21244   -0.42950   0.60603   0.04900   -0.03100   -0.07400   0.00500
0.21244   -0.42950   0.60603   -0.00900   -0.06700   -0.04100   0.00500
0.20344   -0.49650   0.56503   0.02300   -0.00500   0.07200   0.00500
0.20344   -0.49650   0.56503   -0.01900   -0.05300   -0.01500   0.00500
0.20344   -0.49650   0.56503   -0.07100   -0.05100   -0.10500   0.00500
0.13244   -0.54750   0.46003   0.09400   -0.05600   -0.15400   0.00500
0.22644   -0.60350   0.30603   0.00600   -0.04100   -0.10600   0.00500
0.04281   0.08241   1.15414   0.03200   0.00700   0.01800   0.00500
0.07481   0.08941   1.17214   0.00800   0.01100   -0.08900   0.00500
0.04920   0.08760   1.21700   0.01500   0.03200   -0.06600   0.00500
0.06420   0.11960   1.15100   0.01900   0.07200   -0.07200   0.00500
0.08320   0.19160   1.07900   0.01100   -0.01600   -0.03100   0.00500
0.06420   0.11960   1.15100   0.05600   0.01400   -0.06600   0.00500
0.12020   0.13360   1.08500   0.09300   -0.03500   -0.06400   0.00500
0.03960   0.07980   1.12250   0.01300   -0.04600   -0.01000   0.00500
0.03960   0.07980   1.12250   0.01700   -0.11900   0.05900   0.00500
0.04280   0.08240   1.15400   0.23000   -0.34100   -0.09100   0.00500
0.27280   -0.25860   1.06300   -0.00300   -0.08000   0.01000   0.00600
0.06297   0.05250   1.14602   0.00400   -0.03000   0.00200   0.00500
0.06697   0.02250   1.14802   0.05000   -0.05700   -0.06200   0.00500
0.11697   -0.03450   1.08602   -0.01300   -0.01300   -0.04000   0.00500
0.03640   0.07720   1.09100   0.04300   -0.18600   0.03100   0.00500
0.07940   -0.10880   1.12200   0.07500   -0.21700   0.01200   0.00500
0.15440   -0.32580   1.13400   0.09300   -0.06600   -0.04900   0.00500
0.10868   -0.02505   1.09630   -0.00100   -0.03200   -0.00400   0.00500
0.10768   -0.05705   1.09230   -0.03800   -0.02200   0.03400   0.00500
0.10768   -0.05705   1.09230   0.00800   -0.03100   -0.00700   0.00500
0.11568   -0.08805   1.08530   0.05600   -0.04300   0.02500   0.00500
0.17168   -0.13105   1.11030   0.00700   -0.01300   -0.01000   0.00500
0.23830   -0.20745   1.07665   0.03700   -0.00700   -0.04200   0.00500
0.27530   -0.21445   1.03465   0.01000   0.01700   -0.03700   0.00500
0.20193   -0.15353   1.09104   0.19000   0.02900   0.03500   0.00500
0.39193   -0.12453   1.12604   0.03300   0.05000   -0.00100   0.00500
0.39193   -0.12453   1.12604   -0.02600   -0.09700   0.40800   0.00500
0.18381   -0.12666   1.09821   -0.10600   -0.00800   0.00700   0.00500
0.07781   -0.13466   1.10521   -0.08000   -0.02700   -0.02800   0.00500
-0.00219   -0.16166   1.07721   -0.12000   0.00300   -0.13200   0.00500
-0.12219   -0.15866   0.94521   -0.02000   -0.00800   -0.00300   0.00500
-0.04029   -0.16071   1.03530   -0.01200   -0.02600   -0.02200   0.00500
0.27280   -0.25860   1.06300   0.01200   -0.06400   -0.00500   0.00500
0.28480   -0.32260   1.05800   -0.04900   -0.15800   0.16900   0.00500
0.23580   -0.48060   1.22700   -0.04800   -0.13500   0.14000   0.00500
0.18780   -0.61560   1.36700   0.04900   -0.12900   0.35200   0.00500
0.21067   -0.55129   1.30030   0.07400   0.00800   0.12600   0.00500
0.28480   -0.32260   1.05800   0.01200   -0.13800   -0.00300   0.00500
0.29680   -0.46060   1.05500   0.06100   -0.13100   0.03400   0.00500
0.35780   -0.59160   1.08900   0.04600   -0.08500   0.13100   0.00500
0.05276   0.09050   1.25209   -0.02000   -0.04100   0.33200   0.03500
0.08538   0.11700   1.57317   0.08000   -0.00900   0.01600   0.00900
0.16538   0.10800   1.58917   0.06700   0.01900   0.35400   0.01300
0.23238   0.12700   1.94317   0.02300   -0.03400   0.00700   0.00500
0.25538   0.09300   1.95017   0.16100   -0.01200   0.03100   0.00500
0.41638   0.08100   1.98117   0.04300   -0.05900   0.21100   0.00500
0.20266   0.11857   1.78614   0.03300   0.07500   -0.07300   0.00500
0.21306   0.12152   1.84107   -0.09500   0.14900   -0.06300   0.00500
0.11806   0.27052   1.77807   0.03300   0.08500   -0.07300   0.00500
0.15106   0.35552   1.70507   0.02400   0.07200   0.04000   0.00500
0.11806   0.27052   1.77807   -0.02300   0.11500   0.08600   0.00500
0.11806   0.27052   1.77807   0.00400   0.09400   0.02200   0.00500
0.12206   0.36452   1.80007   -0.02600   0.06300   0.06900   0.00500
0.12023   0.32152   1.79001   -0.02000   0.03800   0.03400   0.00500
0.21630   0.12244   1.85821   0.17300   0.07500   -0.02300   0.00500
0.38930   0.19744   1.83521   0.05400   -0.02000   -0.00300   0.00500
0.44330   0.17744   1.83221   0.17200   -0.11200   0.19700   0.00500
0.61530   0.06544   2.02921   0.11000   -0.01000   0.14400   0.00500
0.23238   0.12700   1.94317   0.04000   0.07100   0.06500   0.01300
0.27238   0.19800   2.00817   0.08400   0.19900   -0.04800   0.00800
0.35638   0.39700   1.96017   0.06700   -0.08900   0.27000   0.00500
0.35638   0.39700   1.96017   0.02500   0.03300   0.01500   0.00500
0.38138   0.43000   1.97517   0.12100   -0.02300   0.01300   0.00500
0.50238   0.40700   1.98817   -0.00500   -0.01500   0.05300   0.00500
0.50238   0.40700   1.98817   -0.00300   -0.05300   0.01700   0.00500
0.50238   0.40700   1.98817   0.08900   -0.15800   0.25000   0.00500
0.27238   0.19800   2.00817   0.06500   -0.01700   0.10300   0.00500
0.33738   0.18100   2.11117   0.04000   0.12800   0.07900   0.00500
0.37738   0.30900   2.19017   0.07200   -0.00800   0.08200   0.00500
0.37738   0.30900   2.19017   0.02600   0.08300   -0.00500   0.00500
0.40338   0.39200   2.18517   0.34300   0.12300   0.06300   0.00500
0.74638   0.51500   2.24817   0.18500   -0.09100   0.05700   0.00500
0.33738   0.18100   2.11117   0.06300   -0.07100   -0.11400   0.00500
0.40038   0.11000   1.99717   0.00600   0.03200   -0.00700   0.00500
0.40638   0.14200   1.99017   0.01900   0.01100   -0.07100   0.00500
0.40038   0.11000   1.99717   0.00000   -0.06500   -0.07700   0.00500
0.40038   0.04500   1.92017   0.09600   -0.04100   -0.06800   0.00500
0.49638   0.00400   1.85217   0.05300   -0.01200   0.02900   0.00500
0.49638   0.00400   1.85217   0.01000   -0.01000   -0.06300   0.00500
0.50638   -0.00600   1.78917   0.06000   0.02500   -0.06000   0.00500
0.56638   0.01900   1.72917   0.06400   0.00900   0.01100   0.00500
0.50638   -0.00600   1.78917   0.00000   -0.00900   -0.06900   0.00500
0.40038   0.04500   1.92017   0.00100   -0.12000   -0.11600   0.00500
0.40138   -0.07500   1.80417   -0.04400   -0.04400   -0.21800   0.00500
0.35738   -0.11900   1.58617   -0.01400   0.03600   -0.01900   0.00500
0.35738   -0.11900   1.58617   0.05200   -0.01700   -0.12200   0.00500
0.35738   -0.11900   1.58617   0.03900   0.07000   -0.13300   0.00500
0.39638   -0.04900   1.45317   0.09600   0.03700   0.01200   0.00500
0.39638   -0.04900   1.45317   0.03400   -0.02800   -0.04000   0.00500
0.08538   0.11700   1.57317   0.10000   -0.35700   0.20700   0.01200
0.18538   -0.24000   1.78017   0.02000   -0.22500   0.05900   0.01200
0.18538   -0.24000   1.78017   0.09400   -0.05400   0.26400   0.00500
0.19507   -0.34904   1.80876   0.03400   -0.05000   -0.00800   0.00500
0.22907   -0.39904   1.80076   0.04500   -0.08000   -0.00900   0.00500
0.27407   -0.47904   1.79176   0.06700   -0.00800   -0.05600   0.00500
0.34107   -0.48704   1.73576   0.05100   -0.03000   -0.12900   0.00500
0.22907   -0.39904   1.80076   0.06800   -0.07900   -0.09900   0.00500
0.29707   -0.47804   1.70176   -0.00300   0.01300   -0.06400   0.00500
0.29407   -0.46504   1.63776   -0.00000   0.03100   -0.01100   0.00500
0.29407   -0.43404   1.62676   0.09200   -0.05400   -0.08600   0.00500
0.29407   -0.46504   1.63776   -0.03200   -0.12900   -0.11000   0.00500
0.26207   -0.59404   1.52776   0.00300   -0.07500   0.11400   0.00500
0.26207   -0.59404   1.52776   0.00800   -0.06800   -0.04700   0.00500
0.27007   -0.66204   1.48076   0.02500   -0.02100   -0.04400   0.00500
0.27007   -0.66204   1.48076   -0.18800   -0.17600   0.06700   0.00500
0.08207   -0.83804   1.54776   0.08200   -0.12500   -0.09300   0.00500
0.08207   -0.83804   1.54776   0.06300   -0.05400   -0.02900   0.00500
0.14507   -0.89204   1.51876   0.00800   -0.08300   0.03600   0.00500
0.20538   -0.46500   1.83917   0.11800   -0.09000   -0.02900   0.00500
0.32338   -0.55500   1.81017   0.07900   -0.06100   -0.13300   0.00500
0.20538   -0.46500   1.83917   -0.11200   -0.18900   -0.05700   0.00500
0.09338   -0.65400   1.78217   0.08900   -0.13400   0.01400   0.00500
0.18238   -0.78800   1.79617   -0.06300   -0.09600   0.00000   0.00500
0.08538   0.11700   1.57317   0.01000   -0.00500   0.16700   0.02600
0.09538   0.11200   1.74017   0.03700   -0.12600   0.01000   0.00500
0.13238   -0.01400   1.75017   0.14300   -0.18100   0.08000   0.00500
0.13238   -0.01400   1.75017   0.02000   -0.04400   -0.02000   0.00500
0.15238   -0.05800   1.73017   -0.10600   -0.04200   0.02300   0.00500
0.09532   0.11203   1.73921   0.12200   0.07200   0.28100   0.02700
0.21732   0.18403   2.02021   0.09900   0.01700   0.02000   0.01400
0.21732   0.18403   2.02021   -0.04500   0.13700   0.38600   0.02600
0.31632   0.20103   2.04021   0.06500   -0.02000   0.10600   0.00500
0.38132   0.18103   2.14621   0.02400   0.10800   0.07400   0.00500
0.40532   0.28903   2.22021   0.03800   0.07200   -0.00200   0.00500
0.44332   0.36103   2.21821   0.03200   0.06000   0.03500   0.00500
0.47532   0.42103   2.25321   0.35700   0.09600   0.05000   0.00500
0.83232   0.51703   2.30321   0.13700   -0.03000   0.01600   0.00500
0.47532   0.42103   2.25321   0.07300   -0.02000   -0.04500   0.00500
0.44332   0.36103   2.21821   0.05900   0.05200   -0.07100   0.00500
0.44336   0.36109   2.21821   0.06100   0.01300   0.05900   0.00500
0.50436   0.37409   2.27721   0.09900   0.00600   0.27600   0.00500
0.18956   0.26857   2.25840   0.08900   0.21100   -0.10600   0.01400
0.27856   0.47957   2.15240   0.19300   0.22200   -0.01100   0.00500
0.47156   0.70157   2.14140   0.14300   0.09900   0.05400   0.00500
0.47156   0.70157   2.14140   0.03000   0.03300   -0.05200   0.00500
0.27856   0.47957   2.15240   0.02100   0.01800   0.08700   0.00500
0.29956   0.49757   2.23940   0.05600   0.06900   0.01100   0.00500
0.27856   0.47957   2.15240   -0.00200   0.14000   0.02600   0.00900
0.27710   0.58157   2.17134   -0.02800   0.00300   0.10100   0.00500
0.24910   0.58457   2.27234   -0.09400   0.04700   -0.04800   0.00500
0.27656   0.61957   2.17840   -0.08400   0.16100   0.07700   0.00500
0.19256   0.78057   2.25540   -0.00000   0.04800   0.04100   0.00500
0.27656   0.61957   2.17840   0.03400   0.06500   -0.02700   0.00500
0.31056   0.68457   2.15140   0.01900   0.10900   0.13600   0.00500
0.27656   0.61957   2.17840   0.01400   0.04200   0.01100   0.00500
0.29056   0.66157   2.18940   -0.05200   0.10700   -0.02600   0.00500
0.23856   0.76857   2.16340   -0.04400   0.01300   0.03300   0.00500
0.23856   0.76857   2.16340   -0.01900   0.04600   -0.04800   0.00500
0.23856   0.76857   2.16340   0.00800   0.06200   0.03300   0.00500
0.24656   0.83057   2.19640   0.01800   0.03900   -0.00700   0.00500
0.26456   0.86957   2.18940   0.12400   0.13100   0.08300   0.00500
0.26456   0.86957   2.18940   0.03300   0.00900   -0.02300   0.00500
0.29756   0.87857   2.16640   -0.01300   -0.01800   -0.05600   0.00500
0.27656   0.61957   2.17840   -0.02700   -0.01500   0.05300   0.00500
0.24956   0.60457   2.23140   -0.11900   0.06900   0.00100   0.00500
0.27656   0.61957   2.17840   -0.10100   0.28700   0.07200   0.00500
0.17556   0.90657   2.25040   0.01900   0.04200   0.00200   0.00500
0.19456   0.94857   2.25240   -0.05300   0.10100   -0.02100   0.00500
0.14156   1.04957   2.23140   0.03100   0.02800   0.02700   0.00500
0.14156   1.04957   2.23140   -0.01600   0.05500   -0.04100   0.00500
0.19069   0.86356   2.23961   -0.10500   0.05800   -0.00600   0.00500
0.08569   0.92156   2.23361   0.00400   0.03600   0.04900   0.00500
0.08569   0.92156   2.23361   -0.04100   0.04200   0.00100   0.00500
0.04469   0.96356   2.23461   -0.01500   -0.00500   0.07300   0.00500
0.04469   0.96356   2.23461   -0.12000   0.05400   -0.02600   0.00500
-0.07531   1.01756   2.20861   0.01500   -0.01900   0.06600   0.00500
-0.07531   1.01756   2.20861   -0.07500   0.00500   -0.04600   0.00500
-0.11014   1.01988   2.18725   -0.05900   -0.05000   0.03500   0.00500
0.17232   0.32103   2.40621   -0.11800   0.26700   0.14000   0.01000
0.05432   0.58803   2.54621   0.06900   -0.02000   0.48200   0.00500
0.07564   0.53980   2.52092   0.03000   -0.01500   0.02200   0.01000
0.10564   0.52480   2.54292   0.03600   0.00300   0.03900   0.01000
0.10564   0.52480   2.54292   0.01100   -0.01700   0.05000   0.00500
0.10564   0.52480   2.54292   -0.00200   -0.06100   0.04800   0.00500
0.10364   0.46380   2.59092   0.02000   -0.04000   0.18800   0.00500
0.14164   0.52780   2.58192   0.05200   0.07100   0.01900   0.00500
0.19364   0.59880   2.60092   0.04700   0.05300   0.04500   0.00500
0.24064   0.65180   2.64592   0.06000   0.04600   0.15600   0.00500
0.30064   0.69780   2.80192   0.09600   0.00100   0.34500   0.00500
0.19364   0.59880   2.60092   0.04900   0.07300   -0.01800   0.00500
0.08607   0.51619   2.50854   0.00100   0.01400   -0.04100   0.00500
0.08707   0.53019   2.46754   -0.03700   0.11500   -0.03600   0.00500
0.05007   0.64519   2.43154   0.09100   0.11100   0.05700   0.00500
0.14107   0.75619   2.48854   -0.06600   0.02400   0.08000   0.00500
0.06362   0.60309   2.44472   0.01400   0.02100   -0.04900   0.00500
0.06910   0.61132   2.42551   -0.02700   0.04000   -0.01800   0.00500
0.07762   0.62409   2.39572   -0.06600   0.02900   -0.12900   0.00500
0.01162   0.65309   2.26672   0.03200   0.05500   0.00200   0.00500
0.01162   0.65309   2.26672   -0.03500   -0.02500   0.02300   0.00500
0.01162   0.65309   2.26672   0.00800   0.05200   -0.01800   0.00500
0.05432   0.58803   2.54621   0.08400   0.21100   -0.08700   0.00600
0.13832   0.79903   2.45921   0.03900   0.08900   0.11900   0.00500
0.13832   0.79903   2.45921   0.12600   0.23800   0.04900   0.00500
0.13832   0.79903   2.45921   0.06600   0.03200   -0.02300   0.00500
0.09532   0.11203   1.73921   -0.00300   0.15800   0.12200   0.02600
0.09232   0.27003   1.86121   -0.06000   0.08100   0.03600   0.01500
0.03232   0.35103   1.89721   -0.08000   0.32200   0.10800   0.01600
-0.00545   0.50308   1.94821   -0.06000   0.03600   0.10300   0.00500
-0.06545   0.53908   2.05121   -0.02200   0.03400   0.16900   0.00500
-0.06545   0.53908   2.05121   0.05600   0.01700   0.07100   0.00500
-0.01136   0.52687   1.95619   -0.03200   -0.00000   0.37200   0.00500
-0.04768   0.67303   2.00521   -0.01900   0.15700   0.03000   0.01500
-0.06668   0.83003   2.03521   -0.03000   0.05900   -0.02900   0.01100
-0.09668   0.88903   2.00621   -0.06900   0.07700   -0.10000   0.00700
-0.16568   0.96603   1.90621   -0.00000   0.00700   -0.06300   0.00700
-0.16568   0.97303   1.84321   0.01000   0.07200   -0.06100   0.00500
-0.16568   0.97303   1.84321   0.00000   -0.03700   -0.01100   0.00500
-0.16568   0.93603   1.83221   0.07900   -0.02900   -0.09300   0.00500
-0.15568   1.04503   1.78221   0.00700   0.11300   -0.09900   0.00500
-0.14868   1.15803   1.68321   -0.09300   0.11600   -0.11800   0.00500
-0.24168   1.27403   1.56521   -0.03000   0.05900   -0.01400   0.00500
-0.27168   1.33303   1.55121   0.02600   0.06100   0.03200   0.00500
-0.27168   1.33303   1.55121   -0.05400   0.02300   -0.02200   0.00500
-0.14868   1.15803   1.68321   -0.01500   0.00200   -0.03000   0.00500
-0.14868   1.15803   1.68321   0.06200   0.10700   0.06300   0.00500
-0.06668   0.83003   2.03521   0.03800   0.45400   0.12300   0.01600
-0.06668   0.83003   2.03521   -0.03900   0.02600   0.04900   0.01200
-0.10568   0.85603   2.08421   -0.07600   0.09900   0.09200   0.01100
-0.13608   0.89563   2.12101   -0.00200   -0.00600   0.06100   0.00500
-0.05528   0.96623   2.07211   -0.04600   0.07400   0.11800   0.00500
-0.05528   0.96623   2.07211   0.03700   0.05100   0.01400   0.00500
-0.01828   1.01723   2.08611   0.01500   0.01000   0.05300   0.00500
-0.01828   1.01723   2.08611   0.03400   0.07300   0.01000   0.00500
0.01572   1.09023   2.09611   -0.06400   0.13600   0.63100   0.00500
-0.02868   1.28403   2.15821   0.03200   0.07200   0.06600   0.00500
0.00332   1.35603   2.22421   -0.01800   0.06700   0.03600   0.00500
-0.01468   1.42303   2.26021   -0.04000   0.00900   -0.00200   0.00500
-0.01468   1.42303   2.26021   0.01300   0.20400   0.10400   0.00500
-0.03947   1.15501   2.12325   -0.03600   0.03100   0.28400   0.00500
-0.04415   0.65884   2.00045   0.10500   0.03500   0.12000   0.00900
0.06085   0.69384   2.12045   -0.04300   0.03000   0.05600   0.00500
-0.02868   1.28403   2.15821   -0.13300   0.05600   -0.02100   0.01000
-0.16168   1.34003   2.13721   -0.01500   0.10500   -0.00700   0.01000
-0.17668   1.44503   2.13021   -0.13100   0.28700   0.18900   0.00700
-0.17668   1.44503   2.13021   -0.11100   0.04200   0.06600   0.00500
-0.28768   1.48703   2.19621   -0.04600   0.03500   0.06600   0.00500
-0.17668   1.44503   2.13021   -0.06200   0.03500   -0.02300   0.00500
-0.19310   1.48102   2.15391   -0.03300   0.03100   0.02900   0.00500
-0.27296   1.65597   2.26912   -0.05600   0.06300   -0.03500   0.00500
144
0.12239   -0.09670   0.58326   0.00400   -0.00100   -0.07900   0.04000
0.12636   0.06809   0.38339   0.01200   -0.00700   -0.02900   0.01600
0.09034   -0.02179   0.84017   0.01000   -0.00700   -0.09100   0.04600
0.17434   -0.04779   0.55717   0.00200   -0.00200   -0.10000   0.05000
0.30597   -0.02193   0.74199   0.00900   -0.04700   -0.03900   0.03100
0.18572   -0.01167   0.69967   0.01100   -0.00800   -0.05900   0.03000
0.14953   -0.20389   0.82577   -0.01700   -0.02100   -0.01500   0.01500
-0.01896   -0.23374   0.58330   0.00600   0.00600   -0.08600   0.04300
-0.10434   -0.18226   0.55067   -0.00900   0.00500   -0.06300   0.03200
-0.02447   -0.13621   0.53382   -0.00100   0.01000   -0.07000   0.03500
0.56434   -0.19079   0.44317   0.01300   -0.01800   -0.05400   0.02900
0.18634   -0.25579   1.03817   -0.01400   -0.00400   -0.06800   0.03500
-0.14066   -0.03379   0.41717   0.00600   -0.00900   -0.05300   0.02700
0.07334   0.15721   0.71817   -0.00200   0.01400   -0.04800   0.02500
0.27934   0.15521   0.47917   0.00900   0.08100   -0.01500   0.04100
0.26498   0.16259   0.45194   0.03400   0.07200   -0.01100   0.04000
-0.58203   0.07693   1.31301   0.01800   0.01500   -0.08600   0.04500
-0.69603   0.05293   1.38301   0.00100   0.01300   -0.08700   0.04400
-0.79203   0.22893   0.95301   -0.01200   -0.02300   -0.06200   0.03400
-0.80003   0.17293   1.00801   0.06800   -0.01600   -0.04300   0.04100
-0.77203   0.24293   1.05901   0.03600   -0.01900   -0.06400   0.03800
-0.77203   0.24293   1.05901   -0.02900   0.04600   -0.04700   0.03600
-0.78497   0.21551   1.04522   0.05900   0.02600   -0.07900   0.05100
-0.28589   0.29272   1.02941   -0.04400   -0.00100   -0.05200   0.03400
-0.28589   0.29272   1.02941   0.06000   0.06100   0.00600   0.04300
-0.30743   0.32453   0.99760   -0.00900   -0.03200   -0.05400   0.03200
-0.35009   0.38752   0.93461   0.01000   -0.00900   -0.07800   0.04000
-0.31699   0.33864   0.98348   0.02000   0.01700   -0.05500   0.03000
-0.10701   -0.13923   0.47093   -0.00200   -0.00500   -0.08700   0.04400
-0.12826   -0.30918   0.58492   -0.00800   0.00800   -0.10000   0.05000
-0.01894   -0.52326   0.22002   -0.00700   -0.00900   -0.08200   0.04100
0.11206   -0.60426   0.29902   0.01800   -0.01900   -0.06400   0.03500
-0.23994   -0.64326   0.65902   0.00600   0.02600   -0.05300   0.03000
-0.01694   -0.10226   0.44902   -0.00400   -0.00100   -0.06800   0.03400
0.07733   -0.32786   0.47719   -0.00200   0.00600   -0.07000   0.03500
-0.09907   0.55714   1.80998   -0.02800   0.01600   -0.06800   0.03800
-0.10355   0.64213   1.73804   -0.00000   -0.02800   -0.06700   0.03600
-0.14954   0.71502   1.46998   0.01300   0.02400   -0.07800   0.04100
-0.05415   0.68624   1.40639   -0.02800   0.04800   -0.02300   0.03000
-0.08929   0.69892   1.52578   -0.01400   -0.02600   -0.05500   0.03100
-0.10579   0.69352   1.59298   0.03900   0.00400   -0.07000   0.04000
-0.15898   0.67574   1.55397   -0.03100   -0.02100   -0.02400   0.02200
-0.07054   0.62202   1.59598   -0.00100   -0.00300   -0.06700   0.03400
-0.05585   0.45032   1.83915   0.00600   -0.01800   -0.06900   0.03600
-0.11726   0.49494   1.77298   0.05600   0.04000   -0.02300   0.03600
-0.11614   0.48815   1.62269   0.00200   0.04000   -0.11000   0.05900
-0.16350   0.45168   1.61209   -0.00300   0.02400   -0.03600   0.02200
-0.11614   0.48815   1.62269   0.07000   -0.02500   -0.00700   0.03700
-0.10655   0.32913   1.60504   0.03000   -0.00300   -0.05400   0.03100
-0.14155   0.32713   1.56204   -0.02700   0.02300   -0.03200   0.02400
-0.30347   0.29068   1.71311   -0.03100   0.03900   0.03900   0.03200
-0.20889   0.24925   1.64155   0.02800   -0.02500   -0.07900   0.04400
-0.36198   0.23398   1.73464   0.00700   0.00700   -0.04700   0.02400
-0.24082   0.40097   1.86933   -0.03700   -0.00800   -0.05000   0.03100
-0.16955   0.52913   1.88804   0.01200   -0.00000   -0.08300   0.04200
-0.11055   0.48213   1.84404   0.08300   0.01900   -0.07300   0.05600
-0.10655   0.60513   1.52204   -0.01300   -0.01500   -0.06900   0.03600
-0.11655   0.47213   1.50604   -0.00400   -0.01900   -0.10100   0.05100
0.16722   0.15446   1.90481   -0.01300   0.00600   -0.05900   0.03000
0.15890   0.14954   1.88563   0.03600   -0.00100   -0.07700   0.04300
0.11273   0.29356   2.04366   -0.02900   0.03300   -0.06600   0.04000
0.16396   0.15253   1.89729   -0.01800   -0.02200   -0.07500   0.04000
-0.24110   0.06592   2.18402   -0.00000   0.03200   -0.05700   0.03300
-0.21780   0.02432   2.19532   -0.01900   0.02000   -0.05800   0.03200
-0.20010   0.04592   2.20602   0.05500   0.00400   -0.06100   0.04100
-0.27953   -0.00915   2.15586   0.00800   0.02200   -0.06600   0.03500
-0.25368   -0.04681   2.15344   0.01200   -0.01700   -0.04500   0.02500
-0.33527   -0.11903   2.12431   -0.04400   0.01900   0.03600   0.03000
-0.33610   -0.18408   2.08202   -0.01000   0.00700   -0.04200   0.02200
-0.44610   -0.24308   2.05702   -0.05100   -0.12700   0.03900   0.07100
-0.42195   -0.21753   2.07172   0.07600   -0.09200   -0.05800   0.06600
0.04929   0.17479   2.33971   -0.00300   -0.05700   -0.05600   0.04000
0.04887   0.17561   2.33968   0.02800   0.00700   -0.05700   0.03200
0.00775   0.27163   2.27230   0.04700   0.01100   -0.05800   0.03800
0.00775   0.27163   2.27230   -0.00900   0.00300   -0.06900   0.03500
-0.19825   0.29063   2.29530   -0.02100   0.05300   -0.03000   0.03200
-0.27925   0.19063   2.21030   -0.00100   0.02400   -0.06900   0.03700
0.27444   -0.18650   0.53903   0.01200   0.00300   -0.08400   0.04200
0.16375   -0.36713   0.44360   0.02200   0.01900   -0.08800   0.04600
0.47444   -0.30750   0.20503   -0.01700   0.03700   -0.05800   0.03500
0.38844   -0.40750   0.26503   -0.02000   0.01600   -0.07900   0.04200
0.21544   -0.56950   0.29503   0.00400   0.01700   -0.07000   0.03600
0.19644   -0.52650   0.38903   0.02200   -0.00700   -0.08000   0.04200
0.26144   -0.46050   0.53203   0.01100   -0.01200   -0.07700   0.03900
0.23244   -0.64450   0.20003   0.02000   -0.01300   -0.08700   0.04500
0.09420   0.17560   1.04800   -0.00700   0.00400   -0.06600   0.03300
0.04475   0.04375   1.14037   -0.07200   -0.01100   0.05100   0.04400
0.10397   -0.04750   1.04602   -0.05100   0.01900   -0.06400   0.04200
0.06968   -0.07905   1.12630   -0.00100   0.01800   -0.08200   0.04200
0.28530   -0.19745   0.99765   -0.00100   0.01900   -0.06900   0.03600
0.32543   -0.13468   1.11379   -0.00500   0.00100   -0.07200   0.03600
0.42493   -0.07453   1.12504   0.04200   -0.00600   -0.04300   0.03000
-0.05229   -0.18671   1.01330   0.01000   -0.00100   -0.08300   0.04200
0.28480   -0.32260   1.05800   0.02000   0.02400   -0.05700   0.03200
0.38770   -0.64685   1.17415   0.02500   -0.01500   -0.06900   0.03700
0.35780   -0.59160   1.08900   -0.02600   0.01900   -0.08900   0.04700
0.29680   -0.46060   1.05500   -0.02000   0.01300   -0.08100   0.04200
0.29124   -0.39664   1.05639   0.04200   0.02400   -0.05500   0.03700
0.23566   0.19357   1.71314   -0.01600   -0.00300   -0.07700   0.03900
0.35444   0.18232   1.83984   -0.01000   0.02000   -0.08300   0.04300
0.49938   0.35400   2.00517   -0.00400   -0.00200   -0.07100   0.03600
0.42538   0.15300   1.91917   -0.00500   0.01900   -0.06600   0.03400
0.54938   -0.00800   1.88117   -0.00000   0.00700   -0.06100   0.03100
0.50638   -0.01500   1.72017   -0.01800   -0.00700   -0.06800   0.03500
0.34338   -0.08300   1.56717   0.00300   0.04500   -0.06800   0.04100
0.25393   -0.16785   1.81817   0.00200   0.00400   -0.07800   0.03900
0.40938   -0.13600   1.46417   -0.01100   -0.00300   -0.07900   0.04000
0.39207   -0.51704   1.60676   -0.00600   0.01200   -0.05700   0.02900
0.29507   -0.68304   1.43676   0.04000   -0.00600   -0.05400   0.03400
0.16407   -0.96304   1.45476   0.00000   -0.01300   -0.08000   0.04100
0.40238   -0.61600   1.67717   0.00100   -0.01600   -0.05800   0.03000
0.20432   0.83103   2.43621   0.06200   0.03100   -0.01700   0.03600
0.16062   0.80984   2.45144   0.03800   0.03600   -0.02500   0.02900
0.26432   1.03703   2.50821   -0.01100   0.06700   0.03400   0.03800
0.26432   1.03703   2.50821   0.01900   0.05300   0.01400   0.02900
0.54832   0.40103   2.20821   -0.00600   0.00600   -0.06200   0.03100
0.50232   0.41303   2.14721   0.02000   -0.00600   -0.05600   0.03000
0.50156   0.73457   2.08940   -0.00300   -0.01400   -0.07500   0.03800
0.35556   0.56657   2.25040   -0.00300   -0.01200   -0.05200   0.02700
0.32956   0.79357   2.28740   -0.00900   0.01400   -0.07300   0.03700
0.21956   0.81457   2.11540   -0.02500   0.01000   -0.05400   0.03000
0.28456   0.86057   2.11040   0.01300   0.02200   -0.06600   0.03500
0.13056   0.67357   2.23240   -0.02900   0.01600   -0.10900   0.05700
0.12556   1.10457   2.19040   -0.03100   0.00800   -0.04700   0.02800
-0.16914   0.96988   2.22225   -0.02700   -0.02100   -0.07600   0.04200
0.09318   0.57676   2.81765   0.02800   0.02700   -0.04600   0.03000
0.24379   0.65421   2.65412   -0.02400   0.00400   -0.06400   0.03400
0.14107   0.75619   2.48854   0.00600   0.03800   -0.06700   0.03900
0.04210   0.65132   2.40751   -0.00500   0.01900   -0.05300   0.02800
-0.02338   0.62809   2.28972   0.01200   -0.02300   -0.04400   0.02600
-0.04336   0.52687   2.32819   0.05300   -0.04700   -0.03400   0.03900
-0.16368   1.16003   1.65321   -0.01600   0.00200   -0.07700   0.03900
-0.13021   1.18989   1.70197   -0.02900   0.05700   -0.04500   0.03900
-0.13795   0.89001   2.17807   0.03600   -0.02000   -0.07000   0.04100
-0.00328   1.02723   2.13911   0.05800   -0.00100   -0.05900   0.04100
-0.01952   1.01551   2.08564   -0.03600   0.06100   -0.06300   0.04700
-0.13808   0.88963   2.18201   -0.00600   -0.02100   0.06900   0.03600
0.00332   1.35603   2.22421   0.04800   -0.06800   -0.01300   0.04200
-0.05468   1.43203   2.25821   0.01400   0.00200   -0.07200   0.03700
-0.00193   1.62299   2.36215   0.02600   0.00300   -0.07200   0.03800
0.02194   0.72098   2.17112   -0.01500   0.01500   -0.06400   0.03400
0.01785   0.72384   2.17645   -0.02000   0.06800   0.01000   0.03600
-0.22610   1.51202   2.18291   -0.02900   0.00300   -0.06200   0.03400
-0.23868   1.48003   2.10721   0.00200   -0.00500   -0.07400   0.03700
