263
-0.000000   -0.000000   0.000000   -0.041480   0.023083   0.562060   0.023580
-0.041479   0.023083   0.562051   0.056757   0.021900   0.619240   0.021050
0.014187   0.044562   1.169390   0.008781   0.041905   0.337690   0.010000
0.022968   0.086467   1.507081   0.027134   0.002745   0.404140   0.005000
0.050103   0.089212   1.911231   -0.023750   -0.000813   0.341160   0.005000
0.026353   0.088399   2.252390   -0.000131   -0.066424   0.336240   0.005000
0.037041   0.088765   2.098861   -0.012578   0.034425   0.031930   0.005000
0.042978   0.088968   2.013570   -0.001620   0.044910   0.017370   0.005000
0.046470   0.088844   1.857121   0.093334   0.033512   -0.289700   0.005000
0.139855   0.122375   1.567262   0.197713   0.178521   -0.314840   0.005000
0.013782   0.044406   1.164974   0.121060   0.060592   0.088450   0.005000
0.133020   0.104086   1.252093   0.302764   0.176449   0.033430   0.005000
0.435785   0.280535   1.285523   0.194623   0.111035   -0.064000   0.005000
0.630402   0.391566   1.221525   0.124970   0.075098   -0.073070   0.005000
0.012059   0.043741   1.146170   0.060398   0.121647   0.204260   0.009220
0.070798   0.162046   1.344820   0.016832   0.169151   0.130800   0.005000
0.087629   0.331192   1.475616   0.021511   0.253118   0.071340   0.005000
0.109141   0.584322   1.546959   0.073025   0.528285   0.036540   0.005000
0.116444   0.637149   1.550613   0.064202   0.057394   0.065230   0.005000
0.095158   0.419785   1.500585   0.129548   0.076592   0.079940   0.005000
0.010511   0.043144   1.129289   0.067347   0.115078   -0.033240   0.006990
0.077858   0.158222   1.096049   0.108135   0.168054   -0.029680   0.005340
0.181701   0.319604   1.067547   0.134200   0.239347   0.028910   0.006180
0.307845   0.544583   1.094722   0.189265   0.409102   0.190930   0.005000
0.496512   0.952393   1.285049   0.075145   0.088586   0.404390   0.005000
0.383553   0.708229   1.171096   0.043041   0.047422   0.303340   0.005000
0.345698   0.626404   1.132908   0.001090   -0.033452   0.364140   0.005000
0.288639   0.510329   1.090584   0.101046   -0.014468   0.153600   0.005000
0.306117   0.541501   1.094349   -0.006436   0.007588   0.032720   0.005000
0.242092   0.427312   1.080557   0.017003   0.010341   0.063440   0.005000
0.242092   0.427312   1.080557   0.086805   -0.001550   0.066860   0.005000
0.327622   0.425785   1.146435   0.046064   -0.048179   0.017350   0.005000
0.182916   0.321493   1.067214   0.030109   -0.014511   -0.004730   0.005000
0.221959   0.391405   1.076220   0.006908   0.028440   -0.033410   0.005000
0.155369   0.278682   1.074774   -0.005850   0.008924   0.021640   0.005000
0.007287   0.041899   1.094109   0.056378   -0.051442   -0.002260   0.008620
0.063721   -0.009594   1.091847   0.089527   -0.091977   -0.073430   0.006980
0.148787   -0.096988   1.022076   0.140212   -0.248505   -0.021020   0.005000
0.288999   -0.345493   1.001056   0.137349   -0.336369   0.047490   0.005290
0.426348   -0.681862   1.048546   0.226942   -0.539474   0.159900   0.005000
0.653287   -1.221327   1.208443   -0.030246   -0.142609   0.105450   0.005000
0.623162   -1.363365   1.313471   -0.129630   -0.237773   0.314330   0.005000
0.585208   -1.059494   1.160476   0.003595   0.000104   0.108000   0.005000
0.542902   -0.958926   1.130667   -0.004451   -0.006613   0.072010   0.005000
0.506975   -0.873523   1.105354   -0.046626   -0.051650   0.121590   0.005000
0.483084   -0.816731   1.088521   0.063524   0.015696   0.476770   0.005000
0.450909   -0.740246   1.065851   0.077731   -0.003619   0.079870   0.005000
0.349379   -0.493362   1.021932   0.032024   -0.007939   -0.005950   0.005000
0.313002   -0.404275   1.009355   0.029716   0.017065   -0.012810   0.005000
0.288999   -0.345493   1.001056   0.157080   0.110461   0.340830   0.005000
0.253946   -0.283367   1.006311   -0.044736   -0.047550   0.045740   0.005000
0.239925   -0.258516   1.008413   0.114413   0.035256   0.016180   0.005000
0.351797   -0.224043   1.024233   0.182778   0.056425   0.276060   0.005000
-0.002208   0.038236   0.990520   0.098686   0.030055   0.011360   0.011330
0.096468   0.068288   1.001879   0.255375   0.137069   -0.060330   0.006160
0.343855   0.201069   0.943436   0.268217   0.303983   -0.116600   0.005000
0.612073   0.505053   0.826836   0.125310   0.462933   -0.243090   0.005000
0.737031   0.966687   0.584428   -0.105062   0.202082   0.066120   0.005000
0.737383   0.967986   0.583746   0.043388   0.128812   0.072460   0.005000
0.718586   0.898545   0.620210   0.006173   0.030293   0.010400   0.005000
0.693524   0.805959   0.668828   -0.043650   0.030100   0.023330   0.005000
0.649666   0.643933   0.753909   -0.015450   0.025480   0.003960   0.005000
0.617580   0.525398   0.816153   -0.016049   0.033368   -0.005070   0.005000
0.585251   0.474654   0.838496   0.125757   0.099720   0.115890   0.005000
0.558429   0.444256   0.850156   -0.017638   0.066907   0.010520   0.005000
0.491375   0.368260   0.879306   0.026556   -0.013246   0.016080   0.005000
0.397499   0.261866   0.920116   0.031338   0.047402   0.042180   0.005000
0.370677   0.231468   0.931776   -0.026370   0.094200   0.020990   0.005000
0.357266   0.216268   0.937606   0.074358   0.053063   0.098820   0.005000
0.262463   0.157383   0.962664   0.086418   0.016414   0.074080   0.005000
-0.013101   0.034033   0.871671   0.072273   -0.056084   0.008760   0.010450
0.059172   -0.022051   0.880431   0.140036   -0.187980   -0.218020   0.005000
0.198826   -0.209518   0.663007   0.231849   -0.341422   -0.280240   0.007810
0.430675   -0.550940   0.382766   0.357253   -0.151841   -0.224620   0.005000
0.787928   -0.702781   0.158146   0.051505   -0.000674   0.019490   0.005000
0.839433   -0.703455   0.177636   0.002178   0.051978   -0.115770   0.005000
0.787928   -0.702781   0.158146   0.267305   0.172243   -0.354100   0.005000
0.716477   -0.672413   0.203071   0.063607   0.097244   -0.235880   0.005000
0.716477   -0.672413   0.203071   -0.002085   0.033124   -0.014770   0.005000
0.698615   -0.664821   0.214301   -0.140875   0.057471   0.174410   0.005000
0.537851   -0.596492   0.315380   0.055709   0.019881   -0.026860   0.005000
0.482284   -0.572875   0.350318   0.034355   0.038842   -0.034350   0.005000
0.516633   -0.534040   0.315974   0.062030   0.009472   -0.104670   0.005000
0.419082   -0.533869   0.396779   -0.006355   -0.048980   0.026590   0.005000
0.408371   -0.518096   0.409725   -0.001808   0.002080   -0.036420   0.005000
0.340740   -0.418501   0.491473   0.101780   0.052521   0.001830   0.005000
0.312648   -0.377134   0.525427   -0.002454   -0.048368   0.011900   0.005000
0.252256   -0.288199   0.598425   0.075255   0.033175   -0.025770   0.005000
0.194235   -0.203356   0.670153   0.055102   -0.008179   0.047210   0.005000
-0.024127   0.029778   0.751369   0.061748   0.118944   0.037920   0.005000
0.036666   0.146882   0.788702   0.232068   0.464514   -0.132470   0.005000
0.268734   0.611396   0.656232   0.264558   0.120225   -0.086890   0.005000
0.265771   0.605465   0.657924   0.379747   0.091535   0.193520   0.005000
0.222320   0.518493   0.682726   0.167778   0.003105   -0.028400   0.005000
0.152700   0.379139   0.722467   0.053851   0.032286   0.041650   0.005000
0.136593   0.346899   0.731662   0.203550   0.065801   0.062650   0.005000
0.119676   0.313039   0.741318   -0.018430   0.034997   0.012630   0.005000
0.083079   0.239785   0.762208   0.046508   0.073885   0.053520   0.005000
0.037621   0.148722   0.789289   -0.031088   0.073199   0.098130   0.005000
-0.027290   0.028558   0.716861   0.145820   0.055821   0.003070   0.012890
0.118542   0.084383   0.719931   0.180352   0.095853   -0.094120   0.014370
0.297665   0.179583   0.626453   0.239551   0.235565   -0.296410   0.005000
0.537215   0.415147   0.330044   0.304079   0.252403   -0.563610   0.005000
0.841294   0.667550   -0.233566   0.082440   0.092868   -0.003460   0.005000
0.918568   0.754599   -0.236809   -0.048624   0.265954   0.048420   0.005000
0.810886   0.642309   -0.177205   -0.028039   0.032500   0.001700   0.005000
0.758908   0.599165   -0.080864   0.016942   0.122683   0.083140   0.005000
0.742096   0.585210   -0.049704   -0.037747   0.061313   -0.012080   0.005000
0.656815   0.514422   0.108364   -0.010290   0.017911   -0.009440   0.005000
0.628438   0.490868   0.160961   0.084714   0.069277   -0.049540   0.005000
0.613877   0.478781   0.187951   -0.026108   0.022932   -0.035490   0.005000
0.593917   0.462213   0.224946   0.004147   0.206286   -0.073050   0.005000
0.552419   0.427767   0.301863   -0.005355   0.104230   -0.043090   0.005000
0.465351   0.344478   0.418966   -0.004652   -0.004994   0.046010   0.005000
0.473126   0.352125   0.409344   -0.027480   0.077741   -0.060820   0.005000
0.417440   0.297366   0.478248   0.027491   0.065555   0.017070   0.005000
0.405463   0.285587   0.493068   -0.058659   0.071319   -0.092240   0.005000
0.298891   0.180235   0.625813   -0.055373   0.170985   -0.091020   0.005000
0.224002   0.140433   0.664895   -0.048488   0.176616   -0.078050   0.005000
0.161632   0.107285   0.697444   0.002631   0.075597   0.070870   0.005000
0.029915   0.088521   2.201217   -0.029970   -0.040390   0.177740   0.005000
0.029915   0.088521   2.201217   -0.122080   -0.001760   0.059410   0.005000
-0.091586   0.086769   2.260345   -0.102370   -0.044990   0.007690   0.005000
-0.192414   0.042457   2.267919   -0.133980   -0.115590   0.019880   0.005000
0.039415   0.088846   2.064753   -0.009460   0.006910   0.033440   0.005000
0.031108   0.087290   1.628323   -0.132300   -0.022370   0.103900   0.005000
-0.100894   0.064971   1.731989   -0.201000   -0.074700   0.045470   0.005000
0.025681   0.086741   1.547495   -0.108880   0.072680   0.173720   0.005000
0.016821   0.057133   1.270697   -0.099200   0.011950   0.102840   0.008740
-0.082379   0.069083   1.373537   -0.191200   0.115020   0.136170   0.009830
-0.267809   0.180632   1.505598   -0.273200   0.186320   0.053660   0.005000
-0.541009   0.366952   1.559258   -0.174290   0.156550   -0.017770   0.005000
-0.715299   0.523502   1.541488   -0.167820   0.179890   -0.091540   0.005000
-0.881869   0.702053   1.450629   -0.081360   0.069350   -0.045570   0.005000
0.016382   0.055038   1.253812   -0.015180   0.089810   0.053610   0.008420
0.001202   0.144848   1.307422   -0.095930   0.236490   0.042590   0.005430
-0.094728   0.381338   1.350012   -0.024740   0.137810   0.069670   0.005070
-0.119468   0.519148   1.419682   0.144110   0.137950   0.334510   0.005000
0.024642   0.657098   1.754192   0.380230   0.095200   0.511480   0.005000
-0.061153   0.298569   1.335106   0.123110   0.135800   0.141960   0.005000
-0.008388   0.168489   1.311680   -0.071530   -0.017330   0.020480   0.005000
0.016403   0.055137   1.254608   0.049020   0.010390   0.055340   0.005000
0.016382   0.055038   1.253812   -0.124070   -0.096560   0.136490   0.005280
-0.107688   -0.041522   1.390302   -0.147840   -0.149350   0.051420   0.005000
-0.255528   -0.190872   1.441722   -0.360290   -0.396420   -0.067660   0.005000
-0.615627   -0.587082   1.374098   -0.023580   -0.061440   -0.148880   0.005000
-0.638386   -0.646384   1.230399   -0.091570   -0.045260   -0.140280   0.005000
-0.641119   -0.647735   1.226213   -0.033310   -0.186810   -0.105370   0.005000
-0.107688   -0.041522   1.390302   0.037340   -0.127960   0.054450   0.005000
-0.039448   0.011587   1.315231   0.026550   -0.022720   0.138640   0.005000
0.015252   0.044973   1.181007   -0.182400   -0.321720   0.044000   0.005000
-0.167148   -0.276747   1.225007   -0.282230   -0.277140   0.000690   0.005000
-0.449373   -0.553882   1.225697   -0.449780   -0.375360   0.016940   0.005000
-0.899170   -0.929256   1.242638   -0.124510   0.064190   0.180530   0.005000
-0.719239   -0.779097   1.235861   -0.141330   0.002070   0.122710   0.005000
-0.860569   -0.777027   1.358571   -0.108570   -0.030130   0.233340   0.005000
-0.561810   -0.647716   1.229932   -0.007950   -0.044870   0.022770   0.005000
-0.516840   -0.610186   1.228238   0.002180   -0.044890   0.007890   0.005000
-0.471858   -0.572647   1.226544   -0.013950   -0.089850   0.165700   0.005000
-0.485818   -0.662557   1.392354   -0.065370   -0.118610   0.399210   0.005000
-0.421149   -0.526167   1.225628   -0.003800   -0.030460   0.017860   0.005000
-0.378817   -0.484599   1.225525   0.013790   -0.050320   0.003980   0.005000
-0.378817   -0.484599   1.225525   -0.025230   0.017810   0.044260   0.005000
-0.294148   -0.401457   1.225318   -0.004230   -0.020250   0.035230   0.005000
-0.251817   -0.359889   1.225214   0.044110   -0.037420   0.041940   0.005000
-0.195373   -0.304463   1.225076   -0.007210   0.015700   0.063450   0.005000
-0.112431   -0.180236   1.211808   0.046760   -0.014830   -0.012340   0.005000
0.003926   0.040603   1.057443   -0.059140   0.154020   0.041160   0.009640
-0.054741   0.193392   1.098274   -0.138120   0.320680   -0.020050   0.005000
-0.191332   0.510522   1.078446   -0.409100   0.254530   -0.041520   0.005000
-0.600432   0.765052   1.036926   -0.261950   -0.041860   -0.205340   0.005000
-0.862382   0.723192   0.831586   -0.170540   -0.006360   -0.232700   0.005000
-1.032922   0.716832   0.598886   -0.127260   -0.068370   -0.109120   0.005000
-0.436793   0.663241   1.053534   -0.015740   -0.020480   -0.011570   0.005000
-0.252693   0.548699   1.072219   -0.046950   -0.054160   -0.010440   0.005000
-0.293603   0.574152   1.068067   -0.078590   0.004300   -0.132620   0.005000
-0.156101   0.428723   1.083560   -0.120670   -0.017720   -0.000950   0.005000
-0.109725   0.321051   1.090292   -0.059280   0.009490   0.016920   0.005000
-0.082366   0.257530   1.094264   -0.092470   0.000780   -0.057620   0.005000
-0.004587   0.037318   0.964557   -0.043730   -0.430800   -0.009900   0.006000
-0.048317   -0.393482   0.954657   -0.288990   -0.425910   0.206280   0.005000
-0.337307   -0.819392   1.160937   -0.250550   -0.212360   0.044700   0.005000
-0.587857   -1.031752   1.205637   -0.170430   -0.231900   -0.078780   0.005000
-0.163918   -0.563853   1.037172   -0.012680   -0.000550   -0.009800   0.005000
-0.062770   -0.414782   0.964973   0.024290   -0.001010   -0.008410   0.005000
-0.014598   -0.061301   0.962291   -0.170180   -0.103890   0.028810   0.009000
-0.184778   -0.165191   0.991101   -0.097920   -0.050550   -0.006480   0.005940
-0.282698   -0.215741   0.984621   -0.397680   -0.127410   0.237060   0.005000
-0.678899   -0.342678   1.220799   -0.141170   -0.196010   -0.081410   0.005000
-0.817745   -0.535461   1.140730   -0.434810   -0.510430   -0.553480   0.005000
-0.600836   -0.317668   1.174265   -0.011820   -0.097680   0.138690   0.005000
-0.401998   -0.253963   1.055736   0.003780   0.012540   0.029940   0.005000
-0.010263   0.035128   0.902633   -0.088500   0.069290   0.042260   0.009290
-0.098763   0.104418   0.944893   -0.341020   0.278040   -0.101060   0.005000
-0.437084   0.380257   0.844633   -0.280380   0.228680   -0.177560   0.005000
-0.717035   0.608587   0.667345   -0.202990   0.120910   -0.168740   0.005000
-0.918430   0.728547   0.499931   -0.221720   0.121110   -0.177850   0.005000
-1.140150   0.849657   0.322081   -0.299740   -0.222340   -0.104140   0.005000
-1.073636   0.813325   0.375434   -0.048960   -0.014110   -0.004830   0.005000
-1.029289   0.789101   0.411006   -0.035800   -0.018110   -0.016970   0.005000
-0.981767   0.763144   0.449125   -0.030760   -0.066760   -0.021190   0.005000
-0.920025   0.729497   0.498605   -0.052590   -0.020060   0.031730   0.005000
-0.818528   0.669041   0.582976   -0.022350   0.004170   0.013620   0.005000
-0.788084   0.650907   0.608284   -0.036010   0.088480   0.001260   0.005000
-0.708508   0.601632   0.672744   -0.146130   0.140560   0.000000   0.005000
-0.689429   0.586072   0.684826   -0.128890   -0.040280   0.039760   0.005000
-0.818311   0.545795   0.724584   -0.085200   0.044070   0.008180   0.005000
-0.578788   0.495832   0.754894   0.007610   0.017740   0.004820   0.005000
-0.560392   0.480828   0.766544   -0.128390   0.052360   0.078060   0.005000
-0.535217   0.460295   0.782487   -0.023130   0.074780   0.027640   0.005000
-0.479147   0.414564   0.817995   -0.029400   0.048200   0.042360   0.005000
-0.422734   0.368557   0.848885   -0.038240   -0.026520   0.041550   0.005000
-0.013101   0.034033   0.871671   -0.283740   0.014380   0.048470   0.005960
-0.296841   0.048413   0.920141   -0.329380   0.163020   -0.020270   0.005000
-0.625231   0.210943   0.899932   -0.184340   0.097500   -0.021240   0.008240
-0.809571   0.308443   0.878692   -0.400790   0.088270   -0.061920   0.005000
-1.210361   0.396713   0.816772   -0.247450   -0.004020   -0.005990   0.005000
-1.395951   0.393698   0.812279   -0.020770   -0.016200   0.035790   0.005000
-1.346462   0.394502   0.813477   -0.098440   0.011260   -0.070950   0.005000
-1.321722   0.394904   0.814076   -0.396590   -0.259810   0.181480   0.005000
-1.381210   0.355932   0.841298   -0.030930   -0.018920   0.039190   0.005000
-1.381210   0.355932   0.841298   0.092210   -0.073970   0.052430   0.005000
-1.296971   0.395306   0.814675   -0.013780   0.005650   -0.076290   0.005000
-1.130212   0.379061   0.829154   0.177210   -0.114680   0.009210   0.005000
-1.170293   0.387888   0.822962   0.288320   -0.387370   0.056090   0.005000
-0.949852   0.339338   0.857019   0.000800   0.037190   0.012700   0.005000
-0.772702   0.288942   0.882940   -0.119590   -0.074410   0.070410   0.005000
-0.735832   0.269441   0.887188   -0.246490   -0.156970   0.212010   0.005000
-1.210361   0.396713   0.816772   -0.026020   0.041540   0.065770   0.005000
-0.643662   0.220691   0.897808   -0.099540   -0.044370   0.053360   0.005000
-0.021614   0.030748   0.778785   0.051950   -0.302050   -0.128890   0.005000
0.030336   -0.271302   0.649895   -0.219800   -0.844050   -0.500230   0.005000
-0.188465   -1.111515   0.151939   -0.473950   -0.221920   -0.176540   0.005000
-0.283254   -1.155898   0.116632   -0.202940   0.031700   -0.104380   0.005000
-0.156494   -0.988745   0.224699   0.000340   0.015160   -0.080330   0.005000
-0.145505   -0.946545   0.249709   -0.091800   0.004960   0.015180   0.005000
-0.134514   -0.904338   0.274723   -0.040090   -0.099090   0.015140   0.005000
-0.123523   -0.862133   0.299736   -0.126310   0.118240   -0.008330   0.005000
-0.248155   -0.745464   0.291517   -0.074830   0.063640   -0.067540   0.005000
-0.112534   -0.819933   0.324746   -0.070170   -0.059500   0.072050   0.005000
-0.182234   -0.879035   0.396314   -0.137770   -0.056440   0.147510   0.005000
-0.101545   -0.777733   0.349756   0.065150   -0.077120   -0.026900   0.005000
-0.090553   -0.735526   0.374771   -0.056570   -0.010550   0.007460   0.005000
-0.124494   -0.741856   0.379247   -0.018710   -0.007070   -0.029880   0.005000
-0.090553   -0.735526   0.374771   -0.050610   -0.003780   0.079900   0.005000
-0.141264   -0.739314   0.454830   -0.002430   -0.081810   -0.030340   0.005000
-0.057585   -0.608926   0.449801   0.198620   -0.199380   -0.075460   0.005000
0.140804   -0.808075   0.374428   0.092020   -0.276610   -0.089100   0.005000
-0.068575   -0.651126   0.424791   -0.091770   0.026300   0.065000   0.005000
-0.046593   -0.566714   0.474818   0.020930   -0.025150   0.050200   0.005000
-0.002634   -0.397907   0.574862   0.069700   -0.044630   -0.025940   0.005000
0.008356   -0.355707   0.599872   -0.128670   -0.035570   0.081380   0.005000
0.008356   -0.355707   0.599872   0.054830   -0.023980   0.020190   0.005000
0.030336   -0.271302   0.649895   -0.129210   -0.126620   -0.071290   0.012460
-0.096587   -0.395681   0.579867   -0.575210   -0.593600   0.362480   0.005000
-0.326673   -0.633123   0.724860   -0.085190   0.016180   0.062040   0.005000
-0.269152   -0.573763   0.688612   -0.103380   0.025390   0.140090   0.005000
-0.027290   0.028558   0.716861   -0.409150   0.314550   -0.056270   0.005000
-0.436446   0.343112   0.660590   -0.059370   0.065510   -0.236810   0.005000
-0.495814   0.408619   0.423791   -0.049140   -0.037460   -0.072570   0.005000
-0.379193   0.089171   0.915073   -0.114790   0.015620   0.089710   0.005000
-0.329780   0.064715   0.918114   -0.037930   -0.029780   0.054660   0.005000
-0.296841   0.048413   0.920141   0.004460   -0.008520   0.023900   0.005000
216
0.025500   0.120351   2.128158   -0.022627   0.027663   -0.044460   0.028520
0.042125   0.112627   2.022721   -0.065295   0.032433   -0.002220   0.036470
0.333966   0.297643   1.258157   0.034762   0.050833   -0.042810   0.037500
0.089351   0.104241   1.724021   0.060788   -0.005121   -0.029080   0.033790
0.755375   0.466667   1.148453   0.014372   0.000946   -0.065180   0.033370
0.581754   0.363812   1.237523   -0.031107   -0.003806   -0.068990   0.037890
0.433026   0.278927   1.285218   0.008433   -0.037297   -0.048110   0.030730
0.124645   0.644481   1.558946   0.035999   0.007898   -0.036890   0.026070
0.305990   0.541650   1.094992   0.009334   0.015964   -0.067140   0.034820
0.289058   0.511076   1.090675   0.026246   -0.016706   -0.041420   0.025900
0.299680   0.549090   1.127071   -0.017907   -0.046367   -0.003320   0.024910
0.258597   0.437350   1.142138   0.032074   0.051491   -0.033420   0.034630
0.259096   0.437654   1.144000   -0.062029   -0.013277   -0.034220   0.036040
0.328298   0.425079   1.146690   0.040785   0.010324   -0.060550   0.036870
0.330242   0.423046   1.147422   -0.054910   -0.051733   -0.028270   0.040280
0.212698   0.307139   1.062535   0.027056   -0.027798   -0.043940   0.029310
0.228432   0.418054   1.044914   0.001057   0.011436   -0.059310   0.030200
0.149519   0.287606   1.096415   -0.012962   0.016322   0.059270   0.031410
0.201831   0.355506   1.071884   0.003237   0.021865   -0.052080   0.028290
0.054288   0.117945   1.107683   -0.017359   0.065436   0.003690   0.033900
0.538848   -0.964950   1.196257   0.042816   -0.048914   -0.019270   0.033900
0.377917   -0.500437   1.016630   0.007382   0.056288   -0.030390   0.032200
0.381402   -0.501301   1.015983   0.003231   -0.078347   -0.023000   0.040860
0.342066   -0.387584   0.996826   0.049212   -0.026442   0.051740   0.038070
0.342717   -0.387211   0.996545   -0.014438   -0.006854   -0.070760   0.036270
0.724514   0.927634   0.630196   0.072071   -0.001916   -0.003060   0.036080
0.650658   0.835518   0.691739   -0.016570   0.037478   -0.068870   0.040070
0.724759   0.928838   0.630610   -0.040744   0.007909   -0.085550   0.047540
0.634216   0.669413   0.757869   0.063748   0.032982   -0.019390   0.037170
0.634216   0.669413   0.757869   -0.069878   -0.010992   -0.066900   0.048680
0.601531   0.558766   0.811083   -0.033445   -0.035942   -0.058590   0.038220
0.679569   0.549444   0.925414   0.026691   0.023415   -0.058890   0.034380
0.541083   0.510055   0.860502   0.028624   0.003036   -0.057820   0.032300
0.544138   0.498466   0.858680   -0.101805   0.009383   -0.050690   0.057050
0.516642   0.355657   0.894606   0.011898   -0.032045   -0.034380   0.024240
0.428426   0.308646   0.961743   -0.025116   0.037413   -0.063080   0.038760
0.345512   0.321365   0.951807   -0.032500   0.015557   -0.061790   0.035760
0.431626   0.269333   1.036429   0.001931   -0.083570   -0.001800   0.041810
0.431626   0.269333   1.036429   0.013424   0.053544   -0.046440   0.036070
0.348881   0.173797   1.036744   0.006466   -0.041785   -0.068430   0.040220
0.348881   0.173797   1.036744   0.002859   0.073910   -0.011480   0.037420
1.054941   -0.530726   -0.195568   -0.008306   0.052365   -0.044520   0.034620
1.020096   -0.553179   -0.149408   -0.026427   -0.010363   -0.047360   0.027610
0.839433   -0.703455   0.177636   0.002632   0.000431   -0.076450   0.038250
0.779370   -0.576260   -0.030163   -0.000375   0.059935   -0.021830   0.031900
0.776431   -0.580753   -0.019264   0.060047   -0.015706   -0.069750   0.046690
0.714392   -0.639288   0.188300   0.022906   0.028123   -0.044470   0.028690
0.593019   -0.576804   0.288781   0.055423   0.024755   -0.008360   0.030640
0.593560   -0.576611   0.288520   -0.049836   -0.002794   -0.042810   0.032880
0.538343   -0.530725   0.279339   -0.042024   0.042610   -0.076350   0.048510
0.412956   -0.581083   0.422410   0.041430   -0.035595   -0.042700   0.034660
0.413588   -0.576217   0.419768   -0.073681   0.001614   -0.062050   0.048170
0.406566   -0.516019   0.373356   0.011424   0.000568   -0.075930   0.038390
0.442518   -0.365981   0.493303   0.012817   0.028586   -0.054690   0.031510
0.310194   -0.425505   0.537328   0.015336   -0.019136   -0.076250   0.040050
0.325847   -0.255758   0.573224   0.051868   0.006535   -0.033900   0.031150
0.326871   -0.255306   0.572874   -0.048033   0.015723   -0.070560   0.043390
0.248592   -0.211424   0.716725   0.050225   -0.036411   0.005320   0.031130
0.249337   -0.211535   0.717363   -0.015036   0.043355   -0.057050   0.036610
0.453924   0.695554   0.595409   0.000346   -0.048926   -0.092510   0.052330
0.206547   0.411423   0.764114   0.024652   0.023317   0.047290   0.029100
0.340143   0.412700   0.794312   0.044619   0.005972   -0.016810   0.024020
0.102622   0.345425   0.753005   0.002464   0.019800   -0.074350   0.038490
0.007957   0.218568   0.882923   0.041904   0.044582   -0.007100   0.030800
0.009514   0.214903   0.878010   -0.074146   0.006011   -0.058840   0.047420
0.782731   0.674944   -0.175498   -0.040129   0.042866   0.015390   0.030350
0.782847   0.674809   -0.175505   -0.049358   0.025013   -0.064570   0.042520
0.795682   0.629689   -0.149024   -0.044132   0.013013   -0.049000   0.033610
0.704349   0.646524   -0.061784   -0.011763   0.061248   -0.023390   0.033300
0.646525   0.532334   0.098924   0.005534   0.014196   -0.065750   0.033750
0.711978   0.559184   0.112108   0.011460   0.056373   -0.002410   0.028790
0.713152   0.560145   0.111421   -0.006013   -0.053237   -0.033380   0.031560
0.589198   0.500457   0.154404   0.010347   0.005533   -0.079380   0.040120
0.628438   0.490868   0.160961   -0.000912   -0.049468   -0.037390   0.031010
0.595622   0.547036   0.194908   0.062016   0.001260   -0.010820   0.031480
0.595731   0.552457   0.192989   -0.056207   0.012539   -0.052690   0.039030
0.547096   0.531379   0.259029   -0.039503   -0.018212   -0.080060   0.045560
0.460699   0.339484   0.464976   0.015416   -0.012594   -0.075540   0.039060
0.446168   0.428389   0.349679   -0.034996   0.060611   -0.039260   0.040120
0.448141   0.422808   0.354046   0.010741   -0.050366   -0.055950   0.038020
0.445095   0.363312   0.495419   0.013918   0.012912   0.007910   0.010280
0.444931   0.362921   0.495318   -0.037933   0.036121   -0.081880   0.048600
0.348371   0.355001   0.403292   -0.010607   0.013386   -0.068750   0.035420
0.244576   0.347954   0.536531   0.000815   0.016614   -0.067930   0.034970
0.175514   0.317049   0.586845   0.007754   0.000638   -0.050440   0.025520
0.164111   0.178505   0.764211   -0.022303   -0.001289   -0.074810   0.039040
0.029953   0.095758   2.098202   0.009430   0.049890   -0.041240   0.032710
0.045353   0.089049   1.979463   -0.035110   0.042160   -0.015010   0.028440
0.041962   0.088388   1.789979   -0.044930   0.051990   0.003020   0.034390
-0.301894   -0.009729   1.777459   0.003610   -0.014890   -0.060130   0.031030
-0.083199   0.159421   1.721215   -0.061460   -0.009270   -0.031480   0.034830
-0.083199   0.159421   1.721215   0.045340   0.044040   -0.057490   0.042720
-0.869861   0.689181   1.457180   -0.006590   0.064340   -0.020220   0.033880
-0.893858   0.712271   1.443915   -0.024180   -0.044290   -0.039770   0.032130
-0.765647   0.577472   1.514025   -0.028140   -0.040230   -0.043810   0.032900
-0.446210   0.302300   1.540638   -0.002350   0.031290   -0.051630   0.030210
-0.500028   0.339004   1.551208   -0.035920   -0.033240   0.026850   0.027910
-0.418065   0.283106   1.535110   -0.063040   0.009560   0.047720   0.039820
-0.350205   0.236825   1.521781   0.035830   0.043540   -0.061570   0.041740
0.309814   0.728498   2.137802   -0.032130   -0.057260   0.007850   0.033060
0.290796   0.723736   2.112219   0.008250   0.013640   -0.024080   0.014440
0.233764   0.709457   2.035500   -0.022300   -0.073740   -0.051100   0.046220
-0.025797   0.608815   1.637114   -0.019120   0.059590   -0.027700   0.034220
0.025027   0.393633   1.434483   0.022110   0.016660   -0.070880   0.038050
-0.079918   0.151159   1.332160   -0.052340   0.010180   0.049540   0.036390
-0.079918   0.151159   1.332160   -0.009130   0.008060   -0.048690   0.025100
0.065423   0.065527   1.309948   0.003230   0.066520   -0.024740   0.035520
-0.641116   -0.647733   1.226218   -0.021290   0.020590   -0.053200   0.030450
-0.641116   -0.647733   1.226218   0.019780   0.014080   -0.065190   0.034780
-0.485810   -0.662507   1.392263   -0.000230   -0.013730   -0.067980   0.034680
-0.485810   -0.662507   1.392263   0.052400   -0.043730   -0.048160   0.041760
-0.569041   -0.688525   1.250642   0.023970   -0.025690   -0.074360   0.041120
-0.514660   -0.655067   1.236127   0.030720   -0.000890   -0.075110   0.040580
-0.480229   -0.626561   1.325971   -0.003550   0.053390   -0.020800   0.028710
-0.480229   -0.626561   1.325971   0.012450   -0.025320   -0.081120   0.042940
-0.473254   -0.581638   1.243124   -0.028090   -0.065260   0.003460   0.035570
-0.424920   -0.556399   1.243355   -0.005320   -0.035130   -0.102350   0.054170
-0.365027   -0.534919   1.229505   -0.026370   0.008170   -0.045130   0.026450
-0.364898   -0.535389   1.229542   -0.003150   -0.022170   -0.068940   0.036240
-0.365027   -0.534919   1.229505   0.072750   0.032240   -0.002560   0.039810
-0.401819   -0.468362   1.265876   0.049060   0.081620   -0.018870   0.048540
-0.365027   -0.534919   1.229505   -0.043230   0.005500   -0.046370   0.031820
-0.298127   -0.420506   1.258459   0.033520   0.062310   0.024070   0.037370
-0.207707   -0.397309   1.267154   -0.007820   -0.047440   -0.031870   0.028840
-0.207707   -0.397309   1.267154   0.059930   0.049900   -0.031050   0.041970
-0.202583   -0.288763   1.288526   0.010550   0.059920   -0.003480   0.030470
-0.065671   -0.195066   1.199468   -0.033160   -0.073730   0.000270   0.040420
-0.103309   -0.164147   1.209608   0.031050   0.123960   -0.038030   0.066670
-1.034580   0.715942   0.597465   -0.058020   0.030750   -0.047790   0.040610
-1.037282   0.714490   0.595148   0.034010   -0.036300   -0.066390   0.041480
-0.820553   0.729877   0.864376   -0.068740   0.032050   0.020540   0.039290
-0.722940   0.745475   0.940893   0.007970   -0.022370   -0.058710   0.031670
-0.498155   0.701418   1.047306   0.010460   -0.011070   -0.065680   0.033710
-0.451743   0.643790   1.042545   -0.053510   0.024060   -0.013170   0.030060
-0.452533   0.642761   1.041964   0.033050   0.003960   -0.064580   0.036330
-0.293603   0.574152   1.068067   -0.045170   0.059780   0.001110   0.037470
-0.299643   0.494539   1.061779   -0.047700   0.026380   -0.004680   0.027350
-0.299643   0.494539   1.061779   0.021770   -0.049150   -0.013460   0.027710
-0.372193   0.578452   0.935447   -0.018540   0.008850   -0.063380   0.033310
-0.276371   0.411062   1.082614   -0.048550   -0.012870   -0.027320   0.028590
-0.276771   0.411003   1.082610   -0.000890   0.009010   -0.058180   0.029440
-0.169014   0.330543   1.107215   -0.056800   -0.003590   -0.031960   0.032640
-0.166835   0.330194   1.106593   0.014860   0.045390   -0.063480   0.039720
-0.174737   0.258310   1.036706   -0.013220   -0.013760   -0.064240   0.033510
-0.899153   -0.929242   1.242637   -0.049710   -0.013020   -0.085480   0.049870
-0.854178   -0.891709   1.240944   0.054790   -0.067010   -0.033560   0.046420
-0.854178   -0.891709   1.240944   -0.044920   0.035110   -0.036540   0.033860
-0.221714   -0.649033   1.078427   -0.036420   -0.145510   -0.027870   0.046280
-0.176598   -0.564403   1.027372   -0.035470   0.013880   -0.035510   0.026040
-0.038480   -0.415792   0.956563   0.003570   -0.016190   -0.066650   0.034340
-0.926448   -0.663068   1.002359   0.015620   0.013440   -0.005700   0.010690
-0.541189   -0.298558   1.138709   0.004360   -0.004080   -0.063150   0.031710
-0.398218   -0.241423   1.085676   -0.031800   0.028520   -0.036330   0.028040
-1.337426   0.703322   0.253540   -0.008550   -0.012180   -0.098380   0.049750
-1.122596   0.799215   0.370604   -0.023330   -0.019350   -0.040100   0.025130
-1.063769   0.771659   0.394662   0.005270   0.001520   -0.043740   0.022040
-1.012527   0.696384   0.427935   -0.015480   -0.061330   -0.007760   0.031870
-1.012527   0.696384   0.427935   0.024880   0.036500   -0.071020   0.041820
-0.972983   0.709296   0.530557   -0.008300   -0.034900   -0.048520   0.030170
-0.840878   0.673211   0.596596   -0.057540   0.022390   -0.031150   0.034580
-0.822728   0.669825   0.585535   0.003360   -0.049830   -0.018720   0.026670
-0.821838   0.733845   0.609465   -0.015060   0.057050   -0.042600   0.036390
-0.815757   0.704793   0.672744   -0.059270   -0.014980   -0.047770   0.038790
-0.824094   0.739387   0.609544   0.045180   0.048810   -0.091810   0.056680
-0.839611   0.556812   0.726629   -0.001780   -0.053260   -0.009270   0.027050
-0.827360   0.550475   0.725453   -0.027200   0.027430   -0.059460   0.035460
-0.572547   0.510381   0.758847   -0.079440   0.030680   -0.041140   0.047290
-0.572820   0.509743   0.758674   0.027620   0.027760   -0.044960   0.029810
-0.688782   0.533188   0.844604   -0.030430   0.008760   -0.070450   0.038620
-0.688782   0.533188   0.844604   0.019460   0.054420   -0.035750   0.033980
-0.507981   0.461836   0.859540   -0.039440   -0.006790   -0.033350   0.026050
-0.457035   0.344769   0.886155   0.003540   -0.068010   -0.004020   0.034110
-1.415057   0.378796   0.845202   -0.009750   0.011700   -0.051130   0.026680
-1.443206   0.405568   0.743750   -0.042140   -0.000560   -0.030840   0.026110
-1.381210   0.355932   0.841298   -0.008450   0.013220   -0.038280   0.020690
-1.407789   0.339674   0.874974   -0.020400   -0.026950   0.042760   0.027250
-1.440701   0.316959   0.868521   -0.055790   0.092070   -0.084440   0.048410
-1.289000   0.281962   0.893728   -0.059780   -0.017840   0.032690   0.035210
-1.310749   0.400955   0.738395   0.009000   0.024000   -0.039000   0.028000
-1.247481   0.396110   0.815873   0.182160   -0.055040   -0.033560   0.046620
-0.953002   0.264381   0.838364   0.003350   0.042320   -0.055180   0.034810
-0.881900   0.000421   0.879066   0.001030   0.064660   -0.061470   0.044610
-0.949052   0.376528   0.869719   -0.052280   0.024870   -0.006340   0.029120
-0.949052   0.376528   0.869719   0.061060   -0.002050   -0.018040   0.031850
-0.890600   0.215584   0.952354   -0.011070   0.026080   -0.055960   0.031360
-0.743211   0.176317   0.951173   0.013970   -0.035910   0.005140   0.019440
-0.178473   -1.073145   0.174679   -0.050170   -0.021930   -0.052990   0.038100
-0.156160   -0.973825   0.145639   -0.048340   -0.000070   -0.048920   0.034390
-0.156206   -0.975868   0.156468   0.032900   -0.065740   -0.057160   0.046560
-0.174604   -1.003428   0.289863   -0.049170   -0.025190   -0.040370   0.034210
-0.174604   -1.003428   0.289863   0.036240   0.041250   -0.048410   0.036600
-0.285575   -0.713640   0.257742   -0.027290   0.012140   -0.017080   0.017200
-0.285575   -0.713640   0.257742   0.050770   -0.066120   -0.045850   0.047570
-0.042851   -0.847211   0.325522   0.024300   -0.074600   -0.019580   0.040430
-0.036395   -0.854853   0.322856   -0.018950   0.007320   -0.070540   0.036710
-0.147123   -0.746076   0.382231   -0.020590   0.008190   -0.048080   0.026470
-0.143204   -0.748926   0.349367   -0.013860   0.014550   -0.035850   0.020550
-0.355433   -0.662802   0.742983   0.011700   -0.004320   -0.039950   0.020930
0.186813   -0.946376   0.329879   -0.042390   0.004270   -0.037670   0.028430
0.186813   -0.946376   0.329879   0.034110   -0.012550   -0.059890   0.035030
-0.160515   -0.624778   0.489911   -0.036220   -0.021420   -0.028660   0.025460
-0.026422   -0.590953   0.523198   0.037460   -0.030340   -0.053290   0.035930
0.062755   -0.439777   0.550527   -0.005510   0.008810   -0.071230   0.035990
0.063186   -0.379687   0.620062   -0.040700   -0.028430   -0.003940   0.024900
-0.470475   -0.781522   0.815479   -0.041230   0.042030   -0.009130   0.029790
-0.470475   -0.781522   0.815479   0.103180   0.025350   -0.113660   0.037790
-0.412954   -0.722162   0.779231   -0.027200   0.043740   0.040560   0.032780
-0.410615   -0.617180   0.785991   -0.016730   0.023130   -0.035490   0.022770
-0.369935   -0.549011   0.825182   0.029380   0.064390   -0.048010   0.042760
-0.520386   0.389888   0.387503   0.042460   -0.024710   -0.035410   0.030280
-0.495816   0.408622   0.423780   -0.046850   0.041560   -0.033710   0.035560
-0.495816   0.408622   0.423780   0.096520   -0.016820   0.045920   0.054100
-0.379193   0.089171   0.915073   -0.061780   0.036080   -0.015740   0.036630
-0.363440   0.038287   0.966621   -0.020250   0.047100   -0.049520   0.035640
-0.292381   0.039893   0.944041   0.009030   -0.011290   -0.034860   0.018870
-0.292381   0.039893   0.944041   -0.047170   0.006560   0.002380   0.023840
