171
-0.000000   -0.000000   0.000000   -0.057362   0.023804   0.507570   0.016090
-0.057362   0.023804   0.507570   0.011183   0.049197   0.489340   0.020620
-0.046178   0.073001   0.996910   -0.001733   0.000606   0.300110   0.010580
-0.047883   0.073597   1.292020   -0.018818   0.015370   0.394030   0.009800
-0.066701   0.088967   1.686060   -0.024527   -0.005841   0.350310   0.012360
-0.091228   0.083126   2.036370   -0.071829   -0.048108   0.356390   0.012600
-0.163058   0.035018   2.392760   0.031551   -0.111084   0.077480   0.005000
-0.131506   -0.076066   2.470240   0.033971   -0.165031   -0.008520   0.005000
-0.163058   0.035017   2.392762   -0.088263   0.047221   0.029320   0.005000
-0.251321   0.082239   2.422082   -0.196102   0.009046   -0.056240   0.005000
-0.087549   0.084002   1.983820   0.055203   0.170070   0.099160   0.005000
-0.032346   0.254073   2.082980   -0.044302   0.398822   0.054890   0.005000
-0.090002   0.083418   2.018850   0.042819   -0.072956   0.061870   0.005000
-0.047183   0.010462   2.080720   0.077622   -0.108930   -0.116870   0.005000
-0.078964   0.086047   1.861210   0.102341   0.011838   0.054940   0.005000
0.023376   0.097885   1.916150   0.137352   0.048124   -0.018320   0.005000
0.159659   0.145634   1.897973   0.116288   0.065300   0.011980   0.005000
0.119518   0.131570   1.903327   -0.005483   0.032435   -0.046330   0.005000
0.160729   0.146009   1.897830   -0.021208   -0.000204   -0.059210   0.005000
0.182918   0.158695   1.900369   0.063267   -0.028930   -0.024290   0.005000
-0.069154   0.088383   1.721090   -0.078721   0.004350   0.059400   0.005000
-0.147531   0.092714   1.780230   -0.116314   -0.000949   0.007980   0.005000
-0.066701   0.088967   1.686050   0.141833   -0.187249   0.083630   0.005000
-0.263844   0.091765   1.788210   0.057074   -0.241316   -0.046260   0.005000
-0.206771   -0.149551   1.741950   0.061480   -0.370431   -0.280830   0.005000
-0.062937   0.085893   1.607240   -0.102446   0.109793   0.091110   0.005000
-0.165383   0.195686   1.698350   -0.094005   0.147772   -0.062670   0.005000
-0.259388   0.343458   1.635680   -0.104996   0.142259   0.040050   0.005000
-0.058233   0.082051   1.508740   0.275515   -0.018068   0.132610   0.005000
0.215746   0.064084   1.640611   0.365828   -0.127286   -0.089620   0.005000
0.581605   -0.063213   1.550983   0.189481   -0.060429   -0.084150   0.005000
-0.047912   0.073607   1.297005   0.053023   -0.006158   0.058570   0.005000
0.005111   0.067449   1.355575   0.029436   -0.010097   0.129680   0.005000
0.005111   0.067449   1.355575   0.078384   0.074888   -0.035960   0.005000
0.083495   0.142337   1.319615   0.041489   0.027447   -0.085210   0.005000
-0.047912   0.073607   1.297005   0.007511   -0.218314   0.193760   0.005000
-0.040401   -0.144707   1.490765   0.033040   -0.214274   0.122770   0.005000
-0.047652   0.073516   1.252000   0.122701   0.251473   0.060580   0.005000
0.075049   0.324989   1.312580   -0.024865   0.274753   0.030580   0.005000
0.050392   0.597456   1.342905   -0.166982   0.264360   -0.220810   0.005000
-0.116590   0.861816   1.122095   -0.071518   0.073738   -0.095330   0.005000
-0.187540   0.934968   1.027523   -0.077542   0.102928   -0.081930   0.005000
-0.188109   0.935554   1.026765   0.030503   0.098468   -0.086130   0.005000
0.051428   0.585997   1.341630   -0.000391   0.053337   -0.135900   0.005000
0.063860   0.448627   1.326341   -0.151739   0.039657   -0.091700   0.005000
0.075049   0.324989   1.312580   -0.045143   0.061874   -0.048090   0.005000
0.050508   0.274692   1.300463   -0.122337   0.113718   0.053500   0.005000
-0.047132   0.073334   1.161970   -0.285177   0.218846   0.239400   0.005000
-0.332309   0.292180   1.401370   -0.104410   0.141706   0.198330   0.005000
-0.436719   0.433886   1.599700   -0.038114   0.039489   0.131520   0.005000
-0.436719   0.433886   1.599700   -0.145302   0.024929   0.021000   0.005000
-0.332309   0.292180   1.401370   -0.552327   0.173005   0.164520   0.005000
-0.046872   0.073243   1.116950   -0.208477   -0.010185   0.142240   0.005000
-0.255349   0.063058   1.259190   -0.216663   -0.113546   0.002950   0.005000
-0.472012   -0.050488   1.262140   -0.247481   -0.164584   -0.201030   0.005000
-0.047045   0.073304   1.146970   0.234427   -0.134290   0.028160   0.005000
0.187391   -0.060991   1.175131   0.235434   -0.122202   0.007430   0.005000
0.422825   -0.183194   1.182561   0.081653   -0.118344   -0.032180   0.005000
0.504478   -0.301538   1.150381   0.035661   -0.356119   0.068870   0.005000
0.504478   -0.301538   1.150381   -0.019137   -0.181201   -0.183620   0.005000
0.363958   -0.152638   1.180703   0.011929   -0.011255   0.024230   0.005000
-0.046265   0.073031   1.011920   0.041231   -0.066828   0.038580   0.011760
-0.005034   0.006203   1.050500   0.172551   -0.250457   -0.081850   0.006220
0.167516   -0.244254   0.968650   0.252191   -0.159297   -0.058230   0.005000
0.419707   -0.403551   0.910420   0.173303   -0.048237   -0.071100   0.005000
0.593010   -0.451788   0.839320   0.120644   0.052881   -0.228950   0.005000
0.593010   -0.451788   0.839320   -0.006173   -0.002844   -0.120800   0.005000
0.532353   -0.434905   0.864205   0.024089   0.060599   -0.084110   0.005000
0.463036   -0.415611   0.892644   0.216965   0.224010   -0.041740   0.005000
0.419707   -0.403551   0.910420   0.067900   0.060759   -0.100940   0.005000
0.369270   -0.371692   0.922066   0.017104   -0.005365   -0.040680   0.005000
0.230565   -0.284078   0.954092   0.062461   0.046842   -0.004860   0.005000
0.205346   -0.268149   0.959915   0.026759   0.029175   -0.026940   0.005000
0.158888   -0.231730   0.972743   -0.006696   -0.015771   0.038850   0.005000
0.124377   -0.181637   0.989113   0.054404   -0.006821   0.022360   0.005000
0.046730   -0.068934   1.025945   0.005443   -0.012004   0.030660   0.005000
-0.046525   0.073122   1.056930   -0.280926   -0.259512   -0.016760   0.005000
-0.327452   -0.186390   1.040170   -0.293787   -0.155095   -0.033500   0.005000
-0.621238   -0.341485   1.006670   -0.119848   0.095188   -0.041070   0.005000
-0.740356   -0.246878   0.965851   -0.259769   0.207094   0.037190   0.005000
-0.400898   -0.225164   1.031795   -0.026060   -0.013578   0.053310   0.005000
-0.313405   -0.173414   1.041008   -0.038349   -0.021824   0.080730   0.005000
-0.327452   -0.186390   1.040170   -0.001865   -0.026487   -0.000460   0.005000
-0.046738   0.070540   0.972440   -0.218759   -0.228835   0.165330   0.005000
-0.265497   -0.158294   1.137770   0.000970   -0.398036   -0.163470   0.005000
-0.264527   -0.556319   0.974305   0.001879   -0.150650   -0.046120   0.005000
-0.047297   0.068081   0.947979   -0.107234   0.224358   0.108510   0.005000
-0.154531   0.292439   1.056489   -0.175615   0.433560   0.110760   0.008340
-0.330146   0.725999   1.167249   -0.149121   0.236600   0.092970   0.005860
-0.479266   0.962599   1.260219   -0.129458   0.177829   0.063250   0.005000
-0.608725   1.140428   1.323469   -0.541988   0.181177   0.212420   0.005000
-0.589310   1.113759   1.313983   -0.009410   0.010292   0.017220   0.005000
-0.479266   0.962599   1.260219   -0.326553   0.036160   0.038870   0.005000
-0.498687   0.989276   1.269707   -0.033900   -0.041727   0.037480   0.005000
-0.434529   0.891617   1.232327   -0.043264   0.011428   0.011030   0.005000
-0.404707   0.844301   1.213735   -0.014903   -0.024142   0.098220   0.005000
-0.367429   0.785154   1.190493   -0.064886   0.025391   0.075550   0.005000
-0.330146   0.725999   1.167249   -0.018192   0.075987   0.120760   0.005000
-0.303805   0.660968   1.150636   0.027167   0.007385   0.045860   0.005000
-0.303805   0.660968   1.150636   -0.045110   0.016327   0.102920   0.005000
-0.286245   0.617617   1.139561   -0.199697   -0.061095   0.041740   0.005000
-0.048415   0.063161   0.899040   0.239836   0.124266   0.030190   0.005000
0.191421   0.187427   0.929230   0.300448   0.154593   0.159140   0.005000
0.491869   0.342019   1.088370   0.286118   0.296766   0.274040   0.005000
-0.050093   0.055782   0.825640   0.040367   -0.081670   0.041770   0.005000
-0.009726   -0.025888   0.867410   0.284215   -0.422641   0.002100   0.005000
0.273385   -0.446888   0.869502   0.064190   -0.230066   0.049860   0.005000
0.337575   -0.676954   0.919362   0.067327   -0.245136   0.268170   0.005000
0.318319   -0.607936   0.904404   -0.148375   -0.182612   0.220970   0.005000
0.189226   -0.321739   0.868880   -0.003998   -0.025282   0.031660   0.005000
0.231857   -0.385134   0.869195   -0.036522   -0.025604   0.001910   0.005000
0.132381   -0.237209   0.868460   0.065586   -0.061234   0.076830   0.005000
0.118171   -0.216077   0.868355   0.178724   0.039140   -0.000990   0.005000
-0.050652   0.053322   0.801170   -0.009672   0.228875   0.030200   0.005000
-0.060323   0.282197   0.831370   0.144627   0.117930   0.212560   0.005000
0.083227   0.399249   1.042348   0.138312   0.048804   0.100380   0.005000
-0.050093   0.055782   0.825640   -0.116052   -0.070793   0.069610   0.020600
-0.166144   -0.015011   0.895250   -0.249473   -0.170798   -0.025350   0.005000
-0.415618   -0.185809   0.869900   -0.275971   -0.094552   0.054160   0.005000
-0.691589   -0.280361   0.924060   -0.108755   -0.036570   0.016810   0.005000
-0.608794   -0.251994   0.907811   -0.007523   0.038985   0.010550   0.005000
-0.594998   -0.247267   0.905104   -0.099951   0.155836   -0.127520   0.005000
-0.378196   -0.160189   0.873703   -0.260982   0.131185   0.330520   0.005000
-0.253453   -0.074786   0.886378   0.029739   -0.052226   0.011060   0.005000
-0.166144   -0.015011   0.895250   -0.044223   -0.009444   0.023210   0.005000
-0.148734   -0.004391   0.884807   -0.001003   -0.043372   0.029990   0.005000
-0.051211   0.050862   0.776710   0.039379   -0.061628   0.038710   0.005000
-0.011831   -0.010766   0.815420   0.171898   -0.195282   -0.013040   0.005000
-0.051211   0.050862   0.776710   0.057287   0.047491   0.009730   0.005000
0.006076   0.098354   0.786440   0.154689   0.037405   -0.072650   0.005000
0.160765   0.135759   0.713790   0.244639   0.044050   -0.000420   0.005000
0.403767   0.179514   0.713373   0.113609   0.079236   0.013580   0.005000
0.517376   0.258750   0.726953   0.116751   0.112607   -0.053400   0.005000
0.634127   0.371356   0.673553   0.124639   0.143998   -0.022000   0.005000
0.511697   0.254789   0.726274   0.066858   0.155721   0.010390   0.005000
0.578555   0.410510   0.736664   0.025748   0.209505   0.116040   0.005000
0.405104   0.179756   0.713370   0.038083   0.084833   -0.023730   0.005000
0.368710   0.173201   0.713433   0.051681   0.078302   -0.072530   0.005000
0.332015   0.166594   0.713496   0.011038   0.047162   0.071350   0.005000
0.209688   0.144568   0.713706   0.080693   -0.030185   0.047190   0.005000
-0.052329   0.045942   0.727770   0.016944   0.051194   0.008850   0.005000
-0.035385   0.097136   0.736620   0.050736   0.164074   -0.090750   0.005000
0.015351   0.261211   0.645870   -0.031605   0.202342   -0.113570   0.005000
-0.016254   0.463553   0.532300   -0.027227   0.045311   -0.102220   0.005000
-0.043481   0.508864   0.430080   -0.037962   -0.003368   -0.168560   0.005000
-0.081443   0.505496   0.261520   0.011285   -0.068934   -0.096690   0.005000
-0.002032   0.372501   0.583405   -0.086771   0.033989   -0.128050   0.005000
0.010277   0.244801   0.654946   0.000083   0.027315   0.017420   0.005000
0.010359   0.272125   0.672372   0.009741   0.003713   -0.009490   0.005000
-0.052329   0.045942   0.727770   -0.000239   -0.061734   0.046340   0.008720
-0.052569   -0.015792   0.774110   0.086479   -0.195817   -0.084880   0.005100
0.033910   -0.211609   0.689230   0.047391   -0.085644   -0.074780   0.005000
0.080700   -0.296167   0.615399   0.030818   -0.209166   -0.135960   0.005000
0.111518   -0.505333   0.479439   -0.041455   -0.302671   -0.241780   0.005000
0.070063   -0.808004   0.237659   -0.006383   -0.074530   -0.092380   0.005000
0.063878   -0.880218   0.148148   -0.064736   -0.008559   -0.105700   0.005000
0.070063   -0.808004   0.237659   -0.016803   -0.034191   -0.032690   0.005000
0.072135   -0.792871   0.249747   -0.134231   0.077184   -0.113170   0.005000
0.080426   -0.732341   0.298099   -0.059152   -0.042193   -0.045960   0.005000
0.097008   -0.611273   0.394811   -0.042234   -0.067715   0.002320   0.005000
0.054774   -0.678987   0.397131   -0.009079   -0.073516   -0.072320   0.005000
0.045694   -0.752503   0.324811   -0.200101   -0.152168   -0.049700   0.005000
0.103226   -0.565873   0.431077   -0.048789   -0.052396   -0.021970   0.005000
0.111518   -0.505333   0.479439   -0.021592   -0.077979   0.000840   0.005000
0.103813   -0.453041   0.513429   0.049825   -0.043877   0.011290   0.005000
0.086863   -0.337998   0.588208   -0.007784   -0.044198   0.015670   0.005000
0.055237   -0.250151   0.655577   -0.019553   -0.046352   0.006990   0.005000
0.020936   -0.182232   0.701964   0.035974   -0.021176   0.028350   0.005000
-0.053447   0.041023   0.678840   -0.071120   0.001829   0.068540   0.013490
-0.124568   0.042852   0.747380   -0.136257   -0.067745   0.160850   0.006050
-0.260825   -0.024893   0.908230   -0.686927   -0.245891   0.036750   0.005000
144
-0.112823   -0.166830   2.465554   0.000937   -0.011861   -0.062500   0.031810
-0.114520   -0.158585   2.465980   -0.044071   -0.014182   -0.001460   0.023160
-0.131509   -0.076057   2.470234   0.003947   -0.009608   -0.060490   0.030690
-0.447423   0.091285   2.365842   -0.053481   0.042336   -0.028040   0.036870
-0.447423   0.091285   2.365842   0.015062   -0.032108   -0.038970   0.026350
-0.319949   0.085405   2.402400   0.010121   0.023911   -0.054530   0.030200
-0.054496   0.453477   2.110424   -0.034388   0.009846   -0.033260   0.024420
-0.056711   0.473417   2.113168   -0.035232   -0.049906   0.029790   0.033990
-0.050066   0.413598   2.104935   0.039707   -0.008770   -0.018480   0.022330
-0.043421   0.353773   2.096702   -0.008825   -0.016169   -0.049080   0.026210
-0.043421   0.353773   2.096702   -0.013356   -0.074095   -0.005500   0.037750
0.030439   -0.098468   1.963850   -0.056827   0.009010   -0.038920   0.034730
0.030439   -0.098468   1.963850   0.066369   -0.027253   -0.030080   0.038900
-0.263844   0.091765   1.788210   -0.022957   0.007923   -0.058330   0.031590
-0.234766   0.092003   1.786215   0.012465   -0.007813   -0.061610   0.031670
-0.084899   0.089253   1.732971   0.016721   -0.090355   -0.029060   0.048190
-0.166809   -0.390330   1.559411   0.045701   0.002497   -0.065010   0.039750
-0.176030   -0.334768   1.601533   0.057416   0.018310   0.029740   0.033600
-0.180949   -0.305133   1.624001   0.002551   0.014524   -0.066290   0.033960
-0.197548   -0.205117   1.699824   0.017613   -0.017606   -0.068460   0.036420
-0.259388   0.343458   1.635680   -0.018903   0.039165   -0.039680   0.029440
-0.259388   0.343458   1.635680   0.034872   -0.054351   -0.049650   0.040730
-0.144893   0.173726   1.680127   0.000043   0.029532   -0.061610   0.034160
-0.078304   0.102361   1.620906   -0.049148   0.027483   -0.038510   0.034110
0.591079   -0.066234   1.546776   -0.015352   -0.080809   -0.057120   0.050070
0.544991   -0.050473   1.559953   -0.002414   -0.019082   -0.066490   0.034610
0.508406   -0.037744   1.568916   -0.017641   0.040843   -0.054620   0.035220
0.034546   0.057352   1.485255   0.025869   -0.031341   -0.051580   0.032830
0.034546   0.057352   1.485255   -0.053199   -0.025266   -0.017570   0.030730
0.124983   0.169784   1.234405   -0.066582   0.020123   -0.023560   0.036720
0.124983   0.169784   1.234405   0.038014   -0.054252   -0.021910   0.034890
-0.203051   0.955557   1.011134   -0.010961   0.003720   -0.079370   0.040100
-0.159498   0.906055   1.064901   0.023481   -0.003720   -0.056000   0.030420
-0.155923   0.902369   1.069667   -0.009603   -0.038239   -0.080380   0.044760
0.051038   0.639334   1.205730   0.020334   0.010384   -0.048070   0.026610
0.051038   0.639334   1.205730   -0.031864   -0.025328   -0.067560   0.039440
-0.087879   0.488284   1.234641   -0.002173   0.032589   -0.068700   0.038040
-0.087879   0.488284   1.234641   -0.001171   -0.067003   -0.041640   0.039450
0.029906   0.386863   1.264490   -0.033433   0.045664   -0.030630   0.032180
0.029906   0.386863   1.264490   -0.011140   -0.065228   -0.057830   0.043940
-0.071824   0.388405   1.353961   0.071293   0.015500   -0.005540   0.036580
-0.071824   0.388405   1.353961   -0.014921   0.009426   -0.074960   0.038510
-0.436719   0.433886   1.599700   -0.026100   0.031687   -0.060520   0.036560
-0.608469   0.378681   1.483629   -0.021887   -0.011970   -0.053770   0.029640
-0.553240   0.361382   1.467178   -0.025882   -0.028644   -0.078510   0.043740
-0.470385   0.335429   1.442498   -0.010749   0.002803   -0.062650   0.031810
-0.719493   -0.215072   1.061110   -0.018853   0.016236   -0.044170   0.025350
-0.719493   -0.215072   1.061110   0.005140   -0.056712   -0.056710   0.040180
-0.521510   -0.083406   1.221932   -0.007001   0.001582   -0.070280   0.035320
-0.472012   -0.050488   1.262140   -0.004757   -0.005756   -0.065640   0.033030
-0.407020   -0.016428   1.261255   -0.002725   -0.007247   -0.066610   0.033530
0.493952   -0.401204   1.049385   0.026597   -0.019900   -0.079930   0.043280
0.485340   -0.482744   0.966756   -0.010902   -0.021523   -0.082400   0.042930
0.411051   -0.177083   1.182189   0.024768   -0.003976   -0.053310   0.029460
0.375887   -0.163893   1.204933   -0.018735   -0.047537   -0.059830   0.039340
0.447319   -0.218694   1.172908   -0.001849   -0.033367   -0.056370   0.032770
0.683497   -0.412125   0.667600   -0.030058   0.053981   -0.045020   0.038220
0.689526   -0.409482   0.656158   0.044433   -0.066785   -0.017390   0.041040
0.586837   -0.454632   0.718520   0.033209   0.046649   -0.058320   0.040860
0.586837   -0.454632   0.718520   0.011772   -0.069478   -0.062120   0.046970
0.554397   -0.379450   0.787236   0.032768   0.000804   -0.046860   0.028590
0.532353   -0.434905   0.864205   0.036296   0.004589   -0.063440   0.036620
0.386373   -0.377057   0.881386   -0.000324   -0.002873   -0.063960   0.032010
0.293025   -0.237237   0.949232   0.036968   -0.023922   -0.070500   0.041560
0.281003   -0.315938   0.942446   -0.036366   -0.028766   -0.069750   0.041880
0.232105   -0.238974   0.932975   0.049286   0.016288   -0.017120   0.027330
0.152206   -0.247468   1.011511   -0.047344   0.010008   -0.012800   0.025030
0.178781   -0.188458   1.011473   0.038296   0.050255   -0.012320   0.032190
0.178781   -0.188458   1.011473   0.032960   -0.019436   -0.060860   0.035940
0.052172   -0.080933   1.056595   0.042144   -0.023349   -0.029710   0.028300
-0.831275   -0.174394   0.978867   0.000105   -0.012681   -0.068250   0.034710
-0.784516   -0.211672   0.972173   0.015584   0.041749   -0.014160   0.023380
-0.753344   -0.236523   0.967710   -0.010265   -0.008968   -0.055300   0.028480
-0.577173   -0.318223   1.011695   -0.056977   0.032212   0.010370   0.033140
-0.426959   -0.238742   1.085105   -0.041206   0.029084   -0.043580   0.033330
-0.426959   -0.238742   1.085105   -0.065016   -0.032311   0.006440   0.036440
-0.351754   -0.195238   1.121738   -0.000255   0.028211   -0.030610   0.020810
-0.329316   -0.212877   1.039710   -0.055872   0.024739   0.039880   0.036480
-0.329316   -0.212877   1.039710   0.041711   -0.043107   -0.045890   0.037760
-0.262648   -0.706968   0.928185   -0.018583   -0.053739   0.057280   0.040360
-0.262648   -0.706968   0.928185   0.012397   -0.059214   -0.084390   0.051920
-0.264915   -0.397121   1.039686   0.032817   0.006483   -0.036130   0.024620
-0.265012   -0.357310   1.056036   -0.003853   0.018543   -0.048720   0.026140
-1.015220   1.276312   1.482786   -0.022901   -0.014872   -0.056070   0.031180
-0.988116   1.267252   1.472163   -0.035000   0.033887   0.019380   0.026210
-0.879723   1.231018   1.429680   0.023990   0.057945   -0.060160   0.043450
-0.598723   1.124056   1.331210   -0.014138   -0.048588   0.049850   0.035520
-0.556946   1.069303   1.298171   0.011356   -0.001893   -0.066900   0.033940
-0.577228   0.973447   1.271879   -0.062266   -0.034487   -0.031500   0.038920
-0.532587   0.947550   1.307187   -0.005274   -0.000975   -0.046810   0.023560
-0.477793   0.903045   1.243357   -0.012633   0.053960   -0.035690   0.032960
-0.477793   0.903045   1.243357   0.012945   -0.029574   -0.070610   0.038820
-0.432314   0.810544   1.266043   -0.013575   -0.068920   -0.038070   0.039950
-0.348337   0.801986   1.288009   -0.040267   0.006027   -0.035450   0.026990
-0.341970   0.775390   1.245743   -0.000540   -0.062711   -0.009160   0.031690
-0.276883   0.668287   1.196082   -0.059604   0.026236   0.010560   0.032990
-0.276638   0.668353   1.196496   0.042761   -0.052619   -0.017910   0.035060
-0.348915   0.677295   1.253556   -0.030837   0.023782   -0.075070   0.042290
-0.436019   0.571796   1.170866   -0.002402   -0.036285   -0.051370   0.031470
0.606319   0.460728   1.197988   -0.002222   0.029530   -0.057910   0.032520
0.337575   -0.676954   0.919362   0.033648   -0.000930   -0.074210   0.040740
0.185228   -0.347020   0.900540   0.035627   -0.028815   0.002300   0.022940
0.195335   -0.410738   0.871105   0.023948   -0.034312   -0.071630   0.041480
0.197968   -0.298443   0.945290   -0.001815   0.017642   -0.067570   0.034930
0.296895   -0.176936   0.867365   0.060169   -0.007993   -0.055470   0.041110
0.296895   -0.176936   0.867365   -0.032037   0.040408   -0.039470   0.032470
0.022552   -0.049827   0.812812   0.066932   -0.018522   -0.021750   0.036390
0.084763   0.399791   1.043463   -0.004710   0.021865   -0.062180   0.033040
-0.616317   -0.213009   0.918361   -0.023098   0.016291   -0.066370   0.036070
-0.694949   -0.091431   0.777584   0.006195   0.030524   -0.047630   0.028450
-0.679958   -0.114804   0.796709   0.033594   0.034121   -0.036880   0.030220
-0.508687   -0.094596   1.038962   -0.025356   -0.001849   -0.054620   0.030130
-0.290875   -0.100406   0.882576   -0.068487   -0.003095   0.012640   0.034860
-0.223714   -0.127012   0.897438   -0.042989   -0.021162   -0.015640   0.025200
-0.210368   -0.024456   0.918460   -0.026754   -0.021986   -0.042150   0.027280
-0.210368   -0.024456   0.918460   0.052971   0.017367   -0.082410   0.049750
-0.149737   -0.047763   0.914797   -0.067159   -0.037228   -0.083430   0.056690
0.443187   0.264590   0.689640   0.020913   0.005901   -0.068160   0.035770
0.420550   0.251744   0.640680   0.023821   0.017541   -0.051780   0.029820
0.290381   0.114382   0.760896   0.032698   0.056822   -0.013760   0.033490
0.290381   0.114382   0.760896   0.044508   -0.059761   -0.021920   0.038840
-0.077646   0.505833   0.278381   0.007779   0.036083   -0.063690   0.036810
-0.088804   0.406490   0.455355   -0.048115   0.042403   -0.033990   0.036290
-0.088804   0.406490   0.455355   0.039151   -0.053727   -0.029820   0.036430
0.017937   0.275014   0.664990   -0.056119   0.021446   -0.029220   0.033400
-0.000858   -0.888777   0.042448   0.029685   -0.034874   -0.056780   0.036470
0.053260   -0.842194   0.204969   -0.037022   -0.024835   -0.042950   0.030950
0.038572   -0.773572   0.221449   0.032172   0.035310   -0.012020   0.024630
0.070063   -0.808004   0.237659   -0.027859   -0.024518   -0.074080   0.041430
0.021274   -0.774534   0.252139   0.015657   0.054400   -0.043050   0.035560
0.021274   -0.774534   0.252139   -0.016174   -0.032458   -0.004510   0.018270
0.080426   -0.732341   0.298099   0.027042   -0.030482   -0.068100   0.039680
0.045694   -0.752503   0.324811   -0.055282   -0.008974   -0.043230   0.035380
0.054437   -0.618269   0.409107   0.018689   0.042029   -0.044120   0.031870
0.054437   -0.618269   0.409107   -0.034659   -0.051676   -0.035640   0.035850
0.089926   -0.583312   0.480279   0.062007   0.001553   -0.034340   0.035450
0.089926   -0.583312   0.480279   -0.041917   -0.051632   -0.027590   0.036000
0.146163   -0.490335   0.523025   0.016999   0.022271   -0.054070   0.030450
0.151149   -0.494726   0.524154   -0.019704   -0.054318   0.033610   0.033420
0.079080   -0.382196   0.603878   0.036276   -0.053037   -0.026250   0.034710
0.035683   -0.296503   0.662567   0.043975   -0.058185   -0.015370   0.037270
0.035683   -0.296503   0.662567   -0.048669   0.021478   -0.078500   0.047410
0.056910   -0.203408   0.730314   0.017458   0.021822   -0.060730   0.033430
0.056910   -0.203408   0.730314   -0.042783   0.078425   0.042850   0.049540
