92
0.000000 0.000000 0.000000 0.000000 0.000000 0.500000 0.030000
0.000000 0.000000 0.500000 -0.249281 0.000000 2.849294 0.021540
-0.062320 0.000000 1.212323 -0.174411 -0.015960 -0.005761 0.008575
-0.120457 -0.005320 1.210403 -0.058239 0.079907 0.058198 0.010882
-0.178594 -0.010640 1.208482 -0.095072 0.130368 -0.005505 0.011826
-0.236731 -0.015960 1.206562 -0.094342 0.094360 -0.005849 0.011342
-0.120457 -0.005320 1.210403 -0.033897 -0.066591 0.045449 0.011267
-0.178594 -0.010640 1.208482 0.008587 -0.053057 -0.025965 0.010161
-0.236731 -0.015960 1.206562 -0.110820 -0.063957 -0.043018 0.009370
-0.124640 0.000000 1.924647 -0.192351 -0.047077 -0.051556 0.009975
-0.316992 -0.047077 1.873091 -0.064470 0.051051 -0.015340 0.009677
-0.316992 -0.047077 1.873091 -0.001333 -0.006205 0.000176 0.008876
-0.186961 0.000000 2.636970 -0.192032 -0.007011 -0.018273 0.008647
-0.378993 -0.007011 2.618697 -0.011303 0.009923 -0.003867 0.010081
-0.282977 -0.003506 2.627834 -0.004253 -0.011302 0.000860 0.010473
-0.378993 -0.007011 2.618697 -0.094051 -0.093755 -0.003336 0.010462
-0.249281 0.000000 3.349294 -0.115899 0.032363 -0.013120 0.010944
-0.365180 0.032363 3.336173 0.002815 0.066061 -0.013293 0.008871
-0.307231 0.016181 3.342734 -0.040262 -0.093642 0.022453 0.010979
-0.365180 0.032363 3.336173 -0.029848 -0.075669 -0.017254 0.010684
-0.083094 0.000000 1.449765 0.120906 0.011561 0.029949 0.009668
-0.052867 0.002890 1.457252 0.016827 -0.013006 0.002469 0.009478
-0.022641 0.005781 1.464739 0.030417 -0.063568 -0.019906 0.010357
0.007586 0.008671 1.472226 0.031596 -0.076484 0.039965 0.010206
0.037812 0.011561 1.479714 0.008780 -0.066549 0.013162 0.010678
-0.166187 0.000000 2.399529 0.240219 0.066246 0.043661 0.010216
-0.046078 0.033123 2.421360 0.074943 -0.051906 0.022070 0.008907
0.074031 0.066246 2.443190 0.027252 -0.123116 0.013726 0.009543
-0.086114 0.022082 2.414083 0.023119 0.068079 0.000004 0.009809
-0.006042 0.044164 2.428636 0.090077 0.069336 0.014307 0.009247
0.074031 0.066246 2.443190 0.026483 0.052433 0.006300 0.008755
-0.249281 0.000000 3.349294 0.195979 0.000317 -0.070417 0.010771
-0.183955 0.000106 3.325821 0.091394 -0.100327 -0.025133 0.009015
-0.118628 0.000211 3.302349 0.080533 -0.106149 -0.018405 0.011077
-0.053302 0.000317 3.278877 0.037803 -0.012048 -0.005717 0.008711
-0.200286 0.000079 3.331689 0.009788 0.036576 -0.003891 0.010157
-0.151291 0.000158 3.314085 -0.009171 0.100251 -0.017456 0.010694
-0.102297 0.000238 3.296481 0.047139 0.075033 0.029221 0.009887
-0.053302 0.000317 3.278877 -0.014554 0.078093 0.057954 0.009746
0.000000 0.000000 0.500000 0.225824 -0.000000 2.581182 0.017558
0.056456 -0.000000 1.145295 -0.051114 -0.004723 -0.014303 0.011169
0.030899 -0.002362 1.138144 -0.020383 -0.084314 -0.032196 0.009902
0.005342 -0.004723 1.130992 -0.009129 -0.078935 -0.026882 0.009552
0.112912 -0.000000 1.790591 -0.241338 0.030964 0.043103 0.010375
0.032466 0.010321 1.804959 -0.076189 0.124298 0.055359 0.011957
-0.047980 0.020643 1.819326 -0.068132 0.093474 -0.013914 0.008880
-0.128426 0.030964 1.833694 0.021310 0.105056 0.044826 0.009239
0.032466 0.010321 1.804959 -0.038852 -0.072853 -0.004199 0.008002
-0.047980 0.020643 1.819326 0.006317 -0.048281 0.002958 0.010335
-0.128426 0.030964 1.833694 -0.027357 -0.040986 -0.000837 0.010070
0.169368 -0.000000 2.435886 -0.146998 0.010705 0.008551 0.010466
0.022370 0.010705 2.444438 -0.024013 0.052875 -0.014883 0.010027
0.095869 0.005352 2.440162 -0.029579 -0.038393 0.000974 0.009486
0.022370 0.010705 2.444438 -0.149911 -0.092801 -0.044086 0.009073
0.225824 -0.000000 3.081182 -0.107372 0.022303 0.019168 0.009837
0.190034 0.007434 3.087571 0.003593 0.020754 0.006432 0.010295
0.154243 0.014869 3.093961 -0.072522 0.119058 0.064335 0.008704
0.118452 0.022303 3.100350 -0.045195 0.068051 0.026285 0.010143
0.172138 0.011152 3.090766 -0.162743 -0.073445 0.036834 0.010749
0.118452 0.022303 3.100350 -0.063243 -0.111035 0.014862 0.010123
0.045165 -0.000000 1.016236 0.152302 0.016773 0.004163 0.009517
0.083240 0.004193 1.017277 0.082548 -0.086255 -0.013438 0.011385
0.121316 0.008387 1.018318 0.006694 -0.099441 0.029770 0.010323
0.159392 0.012580 1.019359 0.081783 -0.116391 0.013437 0.010546
0.197467 0.016773 1.020400 0.135793 -0.164361 0.052200 0.010077
0.121316 0.008387 1.018318 0.114833 0.138062 -0.006404 0.010155
0.197467 0.016773 1.020400 0.070717 0.081240 0.003974 0.009818
0.090330 -0.000000 1.532473 0.188171 -0.009650 0.032632 0.010194
0.184415 -0.004825 1.548788 0.084897 -0.050149 -0.002059 0.009840
0.278501 -0.009650 1.565104 0.083500 -0.049388 0.014645 0.010404
0.184415 -0.004825 1.548788 0.023935 0.108690 0.021411 0.008577
0.278501 -0.009650 1.565104 0.117496 0.016033 0.017792 0.008294
0.135494 -0.000000 2.048709 0.148304 0.008439 0.011584 0.008112
0.209647 0.004219 2.054501 0.000794 -0.060722 0.020139 0.010834
0.283799 0.008439 2.060293 0.070704 -0.050704 -0.007197 0.008878
0.172571 0.002110 2.051605 0.024665 0.081824 -0.027910 0.010861
0.209647 0.004219 2.054501 0.039321 0.032767 0.012920 0.009378
0.246723 0.006329 2.057397 0.113702 0.110861 0.018782 0.011109
0.283799 0.008439 2.060293 0.055290 0.082328 0.004431 0.010217
0.180659 -0.000000 2.564945 0.087758 0.014412 0.010682 0.009639
0.209912 0.004804 2.568506 0.117464 -0.031376 0.037662 0.012135
0.239164 0.009608 2.572067 0.068252 -0.122727 -0.078328 0.011614
0.268417 0.014412 2.575627 0.007909 -0.024359 0.002644 0.009644
0.268417 0.014412 2.575627 0.030319 0.027163 -0.001271 0.010982
0.225824 -0.000000 3.081182 0.105335 -0.003813 0.022213 0.009686
0.260936 -0.001271 3.088586 -0.049634 -0.109229 0.004622 0.009294
0.296048 -0.002542 3.095990 0.010505 -0.111039 0.001538 0.010126
0.331159 -0.003813 3.103395 0.005098 -0.040457 -0.011961 0.009736
0.252158 -0.000953 3.086735 -0.003118 0.050509 0.016100 0.009263
0.278492 -0.001906 3.092288 0.093316 0.122486 0.015498 0.010489
0.304825 -0.002860 3.097841 0.026084 0.021330 -0.000784 0.009819
0.331159 -0.003813 3.103395 0.128844 0.121588 0.040759 0.009352
75
-0.012022 -0.007211 0.719127 0.043298 -0.035676 -0.090607 0.053285
-0.043502 -0.005341 0.954106 -0.009487 -0.025919 -0.100830 0.052269
-0.064689 0.003402 1.204817 -0.030862 0.044312 -0.097778 0.055849
-0.086635 0.000502 1.440783 -0.036672 0.005196 -0.093003 0.050054
-0.105171 -0.008625 1.667511 -0.006692 -0.044259 -0.101061 0.055265
-0.121620 -0.004922 1.916513 0.029863 -0.048659 -0.080408 0.049308
-0.141035 -0.002616 2.141161 0.020073 -0.011992 -0.095923 0.049366
-0.171141 0.003053 2.391133 -0.052782 0.032532 -0.089472 0.054428
-0.192388 0.003828 2.631432 -0.065107 0.045923 -0.066440 0.051870
-0.196660 0.017715 2.869164 0.045349 0.072545 -0.021487 0.044105
-0.222116 -0.015205 3.097998 0.029221 -0.069518 -0.063344 0.049242
-0.255715 0.007075 3.344337 -0.055916 0.061489 -0.043081 0.046807
-0.228577 -0.011385 1.207170 0.075584 0.042404 0.005632 0.043425
-0.172540 0.073459 1.259700 0.061009 -0.011182 -0.088221 0.053921
-0.338369 0.078674 1.192033 -0.068065 0.002556 -0.080979 0.052908
-0.152345 -0.075973 1.245536 0.019442 -0.039288 -0.099780 0.054492
-0.295186 -0.044156 1.177039 -0.031979 0.039720 -0.084157 0.049201
-0.349886 -0.084175 1.155530 -0.027859 -0.050803 -0.095614 0.055900
-0.317154 -0.046289 1.864251 -0.001907 0.009233 -0.103497 0.051963
-0.281378 -0.018294 2.620739 0.052735 -0.031412 -0.071689 0.047188
-0.470863 -0.101320 2.605143 0.022270 -0.005654 -0.104364 0.053432
-0.363864 0.033726 3.325659 0.013467 0.013943 -0.107550 0.054641
-0.361856 0.098962 3.314041 0.005849 0.006172 -0.101453 0.050905
-0.352652 -0.082028 3.356639 -0.041871 -0.037066 -0.069352 0.044545
-0.036813 -0.008326 1.450446 -0.008401 0.019483 -0.100928 0.051567
0.047850 -0.048015 1.484886 0.013010 0.072099 -0.082612 0.055209
0.082112 0.068176 2.440427 0.099216 0.023696 -0.033924 0.053750
0.031058 -0.023003 2.435898 0.023384 -0.044994 -0.080308 0.047488
0.106260 -0.059726 2.449291 0.050296 -0.028858 -0.077055 0.048218
0.098958 0.121493 2.441347 -0.015694 0.028381 -0.082108 0.044140
-0.056630 0.002347 3.269945 -0.034537 0.021069 -0.092685 0.050565
-0.192707 0.035350 3.317970 -0.019572 -0.011556 -0.087066 0.044992
-0.170067 0.101762 3.292127 -0.064791 0.009128 -0.030367 0.036067
0.024623 0.000711 0.698542 0.032207 0.003947 -0.091872 0.048717
0.048249 0.002005 0.916352 0.059158 0.011176 -0.077184 0.048944
0.056042 -0.005962 1.135860 -0.003885 -0.055991 -0.088613 0.052446
0.071968 -0.002292 1.343303 -0.017230 -0.011939 -0.089049 0.045741
0.097663 0.006457 1.559559 0.020751 0.037536 -0.092622 0.051035
0.123118 -0.000955 1.788989 0.088729 -0.008299 -0.013925 0.045099
0.133462 0.001978 1.988329 0.009355 0.010686 -0.093796 0.047433
0.144811 0.012556 2.209938 -0.035972 0.078712 -0.068017 0.055036
0.163766 0.004487 2.428270 -0.059859 0.047947 -0.081382 0.055913
0.178394 0.014240 2.647882 -0.054364 0.079049 -0.017222 0.048736
0.211510 -0.003131 2.849404 0.024022 -0.016697 -0.088956 0.046821
0.225142 0.004862 3.072833 -0.006139 0.043758 -0.075135 0.043582
-0.010408 -0.077589 1.100856 -0.083808 0.076812 -0.041192 0.060458
-0.034513 0.129681 1.854508 0.082392 -0.044185 -0.051971 0.053483
-0.100263 0.135656 1.872336 0.075833 -0.004030 -0.068421 0.051109
-0.039266 -0.024807 1.812639 0.026512 0.031304 -0.106665 0.057141
0.030654 0.009075 2.441115 0.100456 -0.019760 -0.040290 0.055012
0.067991 -0.033563 2.431819 0.021508 -0.006602 -0.117771 0.059951
0.191843 0.035647 3.087134 -0.016909 0.070680 -0.065095 0.048783
0.071244 0.089281 3.116751 -0.020877 -0.011117 -0.102455 0.052575
0.055339 -0.087878 3.105125 0.001365 0.008973 -0.105996 0.053192
0.194603 0.020737 1.011887 -0.033794 0.046768 -0.100439 0.057916
0.240495 -0.104136 1.022278 -0.005213 -0.002485 -0.080610 0.040408
0.333260 -0.146820 1.062552 -0.000001 0.006228 -0.081472 0.040855
0.235224 0.137616 1.006988 -0.008463 -0.080803 -0.045064 0.046453
0.268359 0.099603 1.014687 0.001627 0.014780 -0.090104 0.045661
0.277087 -0.013163 1.557725 -0.018020 -0.044775 -0.094069 0.052864
0.270682 -0.055469 1.536998 0.014573 -0.005262 -0.103528 0.052340
0.361940 -0.058094 1.569388 -0.000529 0.008165 -0.089633 0.045003
0.201782 0.109319 1.569382 -0.080123 0.066531 -0.009981 0.052311
0.400985 0.005272 1.576363 0.063073 -0.014045 -0.082595 0.052434
0.286361 0.006928 2.050518 0.025360 -0.014953 -0.096749 0.050564
0.349964 -0.041870 2.045476 -0.044201 0.003850 -0.074205 0.043229
0.196860 0.078287 2.014425 -0.003559 -0.053494 -0.087813 0.051443
0.339618 0.089152 2.054649 0.004826 -0.014708 -0.091774 0.046535
0.274915 -0.004490 2.570446 -0.014998 0.058011 -0.083191 0.051262
0.282981 0.000559 3.083134 0.041196 0.022628 -0.084001 0.048128
0.331679 -0.004323 3.094071 0.005273 -0.005178 -0.094601 0.047445
0.305652 -0.109136 3.088476 -0.009510 0.046922 -0.095552 0.053438
0.247572 0.054444 3.095105 -0.017931 0.059707 -0.094420 0.056572
0.330094 0.013896 3.088408 -0.009271 -0.052002 -0.098340 0.055814
0.459366 0.123860 3.137080 -0.007154 0.068240 -0.079321 0.052440
0
