78
0.000000 0.000000 0.000000 0.000000 0.000000 0.500000 0.030000
0.000000 0.000000 0.500000 -2.602702 0.000000 0.458927 0.019281
-0.650676 0.000000 0.614732 0.027060 -0.122293 -0.006595 0.010112
-0.641656 -0.040764 0.612533 -0.046775 -0.053028 -0.013430 0.009048
-0.632636 -0.081528 0.610335 -0.067919 -0.089048 0.004103 0.009249
-0.623616 -0.122293 0.608137 -0.055843 -0.057951 -0.015044 0.010385
-0.637146 -0.061146 0.611434 0.096966 -0.123214 0.011509 0.009471
-0.623616 -0.122293 0.608137 0.061974 -0.035569 -0.020919 0.010206
-1.301351 0.000000 0.729463 0.016757 -0.083008 -0.013452 0.009734
-1.284594 -0.083008 0.716012 0.154051 -0.063615 0.037609 0.007862
-1.952027 0.000000 0.844195 0.013404 -0.195360 -0.016756 0.010064
-1.945325 -0.097680 0.835817 -0.128494 -0.109506 -0.016398 0.011434
-1.938623 -0.195360 0.827439 -0.069033 -0.054289 -0.013538 0.010275
-1.945325 -0.097680 0.835817 0.113247 -0.031493 0.017135 0.008837
-1.938623 -0.195360 0.827439 0.095037 -0.003752 -0.000320 0.008687
-2.602702 0.000000 0.958927 -0.019816 -0.143365 -0.026952 0.013042
-2.609308 -0.047788 0.949943 -0.135699 -0.028127 0.007371 0.010233
-2.615913 -0.095577 0.940959 -0.117655 0.029668 -0.013231 0.010588
-2.622518 -0.143365 0.931975 -0.163452 -0.009782 0.047209 0.009741
-2.609308 -0.047788 0.949943 0.111724 -0.049173 -0.042459 0.007334
-2.615913 -0.095577 0.940959 0.066163 -0.086415 -0.084443 0.008582
-2.622518 -0.143365 0.931975 0.111192 -0.096549 0.003173 0.010987
-0.520540 0.000000 0.591785 -0.038669 0.214165 0.060355 0.010047
-0.539875 0.107082 0.621963 0.070708 0.080858 0.005700 0.008990
-0.559210 0.214165 0.652140 0.098952 0.092101 -0.074680 0.009393
-0.559210 0.214165 0.652140 -0.105491 0.051940 0.004619 0.010321
-1.041081 0.000000 0.683571 0.007287 0.133632 -0.010738 0.012187
-1.033794 0.133632 0.672833 -0.028427 0.043742 -0.000203 0.009199
-1.561621 0.000000 0.775356 -0.031404 0.108728 -0.021119 0.010015
-1.572090 0.036243 0.768316 0.133789 0.041790 -0.057739 0.010823
-1.582558 0.072485 0.761277 0.081819 0.121025 0.002132 0.009845
-1.593026 0.108728 0.754237 0.063885 0.044801 0.022697 0.008724
-1.577324 0.054364 0.764797 -0.131788 0.070150 0.066294 0.009889
-1.593026 0.108728 0.754237 -0.145916 0.057321 -0.018411 0.009206
-2.082162 0.000000 0.867141 0.020169 0.114529 -0.018114 0.010876
-2.061993 0.114529 0.849027 0.021157 0.000309 0.027663 0.010662
-2.072078 0.057264 0.858084 -0.183663 0.070214 -0.003554 0.009574
-2.061993 0.114529 0.849027 -0.130306 0.100844 0.033390 0.011077
-2.602702 0.000000 0.958927 0.013755 0.140023 -0.001328 0.010965
-2.588947 0.140023 0.957598 0.104183 0.072648 0.007506 0.008911
-2.595825 0.070011 0.958262 -0.058734 0.097085 0.027148 0.010865
-2.588947 0.140023 0.957598 -0.069644 0.030337 0.059698 0.010801
0.000000 0.000000 0.500000 2.569275 -0.000000 0.453033 0.017239
0.856425 -0.000000 0.651011 0.037525 0.211941 0.038452 0.010924
0.865806 0.052985 0.660624 0.069050 0.085538 0.033272 0.010503
0.875187 0.105971 0.670237 0.072139 0.014184 0.007894 0.009901
0.884569 0.158956 0.679850 0.127655 0.042848 -0.004608 0.009328
0.893950 0.211941 0.689463 0.084615 0.002509 0.036853 0.010278
0.893950 0.211941 0.689463 -0.109312 0.065486 0.042560 0.011332
1.712850 -0.000000 0.802022 -0.038543 0.140653 -0.030273 0.010167
1.693578 0.070327 0.786885 -0.062184 0.099093 -0.023433 0.008951
1.674307 0.140653 0.771749 -0.064007 0.043839 -0.053920 0.011249
2.569275 -0.000000 0.953033 0.010610 0.229464 0.031811 0.011198
2.579886 0.229464 0.984843 -0.028189 0.005147 0.004674 0.011121
0.642319 -0.000000 0.613258 -0.004622 -0.046006 0.014212 0.008781
0.637697 -0.046006 0.627470 -0.059630 0.001094 0.008059 0.009119
0.640778 -0.015335 0.617995 0.040151 -0.057392 0.077156 0.010210
0.639238 -0.030671 0.622733 0.088096 -0.055303 0.053418 0.008924
0.637697 -0.046006 0.627470 0.116529 -0.084446 -0.006560 0.009885
1.284638 -0.000000 0.726516 -0.000112 -0.089806 -0.006942 0.008810
1.284619 -0.014968 0.725359 -0.074493 -0.060105 -0.022822 0.010224
1.284600 -0.029935 0.724202 -0.084221 -0.063291 0.023230 0.009563
1.284581 -0.044903 0.723045 -0.096441 -0.078285 -0.041022 0.009506
1.284563 -0.059871 0.721888 -0.041675 -0.035184 0.020935 0.009044
1.284544 -0.074839 0.720731 -0.004435 -0.001083 -0.000070 0.009197
1.284525 -0.089806 0.719574 -0.160283 -0.016197 -0.031416 0.008943
1.284600 -0.029935 0.724202 0.102398 -0.085184 0.017584 0.009523
1.284563 -0.059871 0.721888 0.026958 -0.057963 0.004233 0.007353
1.284525 -0.089806 0.719574 0.059364 -0.056850 -0.014455 0.009822
1.926956 -0.000000 0.839774 -0.065723 -0.135317 0.031641 0.010107
1.861234 -0.135317 0.871415 -0.117213 -0.042437 -0.055692 0.011951
1.861234 -0.135317 0.871415 0.043802 -0.080241 -0.009121 0.009563
2.569275 -0.000000 0.953033 -0.030486 -0.128931 0.019820 0.010428
2.561654 -0.032233 0.957987 -0.092118 -0.030011 0.022919 0.009338
2.554032 -0.064465 0.962942 -0.157727 -0.089449 0.059229 0.010661
2.546411 -0.096698 0.967897 -0.124105 -0.084974 0.025213 0.008840
2.538789 -0.128931 0.972852 -0.008283 0.000709 -0.001299 0.008643
2.538789 -0.128931 0.972852 0.080166 -0.076320 0.007451 0.010798
61
-0.250839 0.004094 0.529582 0.043168 0.018740 -0.074655 0.044125
-0.517870 0.005161 0.583590 0.028267 0.054632 -0.086752 0.053173
-0.787705 -0.005733 0.620609 -0.038201 -0.031763 -0.094572 0.053414
-1.031023 0.006652 0.681806 0.089105 0.058933 -0.015635 0.053984
-1.302554 0.000444 0.719815 -0.014867 0.005494 -0.119289 0.060169
-1.555676 -0.006944 0.771267 0.053248 -0.062193 -0.036624 0.044846
-1.830864 0.010458 0.807763 -0.049743 0.057984 -0.074769 0.053448
-2.082368 -0.005355 0.857677 -0.001915 -0.049749 -0.087920 0.050519
-2.344001 -0.009252 0.896191 -0.008948 -0.052770 -0.096060 0.054982
-2.610345 -0.007104 0.955556 -0.064189 -0.059665 -0.028315 0.046048
-0.698286 -0.171290 0.605501 0.025338 -0.007968 -0.099831 0.051652
-0.674712 -0.180529 0.583862 0.038925 -0.002334 -0.075684 0.042569
-1.285323 -0.043443 0.717040 0.071131 -0.018027 -0.052974 0.045252
-1.289126 -0.081815 0.709699 -0.048429 0.012747 -0.067458 0.042007
-1.134528 -0.144834 0.747084 -0.052131 0.023410 -0.085527 0.051431
-1.946048 -0.097491 0.827011 -0.009588 0.002501 -0.116814 0.058617
-1.936126 -0.192523 0.819617 0.029954 0.034027 -0.093834 0.052105
-2.067403 -0.206207 0.810006 0.055392 0.008445 -0.081264 0.049355
-2.004893 -0.247175 0.804320 0.023940 0.021442 -0.083033 0.044518
-1.844599 -0.199010 0.818492 -0.013187 0.001322 -0.112326 0.056552
-2.627685 -0.142398 0.922327 -0.048282 0.009040 -0.090153 0.051333
-2.744721 -0.075620 0.947089 0.002377 0.002447 -0.084906 0.042487
-2.731967 -0.066603 0.917284 0.013762 -0.005963 -0.089722 0.045483
-2.558039 -0.078069 0.928207 -0.053489 -0.066320 -0.005902 0.042703
-2.496582 -0.101015 0.901455 0.012514 -0.050642 -0.075320 0.045810
-2.550531 -0.177340 0.849347 -0.009661 0.057557 -0.088711 0.053094
-2.507164 -0.248102 0.929118 0.045273 -0.089071 -0.065587 0.059760
-0.663839 0.266698 0.646490 0.007920 0.005446 -0.094329 0.047409
-1.060669 0.173244 0.664558 0.014506 -0.038622 -0.075481 0.043010
-1.530399 0.150138 0.768995 -0.013957 -0.037612 -0.088087 0.048396
-1.735990 0.166871 0.727144 0.035527 0.009899 -0.104484 0.055401
-2.062197 0.111553 0.838360 -0.001589 -0.023159 -0.083018 0.043101
-2.584152 0.143872 0.948719 0.046038 0.036963 -0.085262 0.051854
-2.654436 0.167579 0.974557 0.001035 0.004075 -0.091623 0.045860
0.206198 -0.014717 0.533505 -0.044415 -0.082650 -0.023854 0.048406
0.443198 -0.005364 0.568885 0.089522 -0.032043 -0.039546 0.051490
0.643207 -0.002734 0.604961 0.007812 -0.024052 -0.073003 0.038630
0.863524 0.000857 0.642752 0.072969 0.008809 -0.084895 0.056145
1.069275 -0.005084 0.672340 -0.008093 -0.032737 -0.105762 0.055504
1.284889 -0.001980 0.717936 0.003138 -0.024705 -0.107056 0.054957
1.501214 -0.002264 0.747359 0.016369 -0.015005 -0.112078 0.057128
1.722145 -0.003943 0.800829 0.097548 -0.041382 -0.012513 0.053350
1.925384 0.000732 0.829817 -0.015987 0.007443 -0.101232 0.051378
2.134140 0.003930 0.862236 -0.038733 0.021987 -0.085558 0.048228
2.351737 -0.005021 0.899150 -0.020704 -0.030289 -0.097298 0.051993
2.569330 -0.003259 0.943127 0.000440 -0.026116 -0.079372 0.041779
0.935531 0.140991 0.683710 0.006293 0.023021 -0.095012 0.048982
0.945055 0.119471 0.668518 -0.020155 -0.006062 -0.085308 0.043933
0.972323 0.218778 0.719392 -0.053565 0.037130 -0.059415 0.044097
1.693326 0.069901 0.777949 -0.002374 -0.004003 -0.083951 0.042040
1.666580 0.144486 0.764527 -0.070094 0.034769 -0.065513 0.051024
2.541661 0.230556 0.986961 -0.076485 -0.030906 -0.019480 0.042381
0.636236 -0.051109 0.619131 -0.017224 -0.060146 -0.098281 0.058252
0.573785 -0.052032 0.631769 -0.047976 -0.079776 -0.042120 0.051088
0.735981 -0.084357 0.674654 0.094661 0.017697 -0.016378 0.048842
0.759842 -0.135227 0.614325 0.051570 -0.043849 -0.060468 0.045383
1.188438 -0.121783 0.672626 0.002953 0.013934 -0.093197 0.047140
1.385702 -0.114469 0.732374 -0.011998 0.006021 -0.087129 0.044079
1.902293 -0.221042 0.854955 -0.027668 -0.055337 -0.074050 0.048247
2.550223 -0.060159 0.953964 -0.039659 0.044841 -0.093480 0.055502
2.536338 -0.129638 0.962360 -0.024366 -0.007023 -0.104265 0.053652
0
