89
0.000000 0.000000 0.000000 0.000000 0.000000 0.500000 0.030000
0.000000 0.000000 0.500000 -2.420697 0.000000 0.881062 0.019922
-0.605174 0.000000 0.720265 -0.010371 -0.114769 -0.017601 0.010806
-0.610360 -0.057385 0.711465 -0.036094 -0.045356 -0.020735 0.011198
-0.615546 -0.114769 0.702665 -0.126900 0.019768 0.052199 0.009340
-0.615546 -0.114769 0.702665 0.118918 -0.035686 -0.022863 0.010452
-1.210349 0.000000 0.940531 -0.010645 -0.111086 -0.020554 0.010176
-1.220994 -0.111086 0.919977 -0.125196 -0.075235 -0.081026 0.009778
-1.213897 -0.037029 0.933680 0.063978 -0.020294 -0.008855 0.008823
-1.217446 -0.074057 0.926828 0.119557 -0.030661 -0.028785 0.010635
-1.220994 -0.111086 0.919977 0.024850 -0.028790 0.006430 0.008693
-1.815523 0.000000 1.160796 0.022374 -0.080467 -0.030170 0.011850
-1.793149 -0.080467 1.130626 -0.079228 -0.065473 0.011323 0.008381
-1.809929 -0.020117 1.153254 0.134343 0.043566 -0.033310 0.009459
-1.804336 -0.040234 1.145711 0.119774 -0.009093 -0.029266 0.011070
-1.798743 -0.060350 1.138169 0.084332 -0.046925 -0.067311 0.009971
-1.793149 -0.080467 1.130626 0.026959 -0.004722 -0.011188 0.010761
-2.420697 0.000000 1.381062 0.008125 -0.141297 -0.003280 0.010557
-2.416635 -0.070648 1.379422 -0.122964 -0.044527 -0.023347 0.010263
-2.412572 -0.141297 1.377782 -0.037194 -0.031336 0.000078 0.009740
-2.416635 -0.070648 1.379422 0.076270 -0.040076 0.002474 0.010008
-2.412572 -0.141297 1.377782 0.039045 -0.067676 0.026167 0.010408
-0.605174 0.000000 0.720265 -0.025913 0.130716 0.035410 0.011578
-0.618131 0.065358 0.737970 0.015853 0.113662 0.036933 0.009578
-0.631088 0.130716 0.755675 0.077488 0.042511 0.014422 0.007845
-0.631088 0.130716 0.755675 -0.098869 0.119192 0.017744 0.010196
-1.210349 0.000000 0.940531 0.046337 0.191377 0.007078 0.009250
-1.194903 0.063792 0.942890 0.152515 0.075863 -0.009420 0.009984
-1.179457 0.127585 0.945250 0.123074 0.043087 0.041172 0.010037
-1.164012 0.191377 0.947609 0.117557 0.053567 -0.048876 0.010553
-1.194903 0.063792 0.942890 -0.108262 0.071195 -0.003895 0.010397
-1.179457 0.127585 0.945250 -0.072167 0.135608 -0.091548 0.008739
-1.164012 0.191377 0.947609 -0.080823 0.057975 -0.025075 0.009266
-1.815523 0.000000 1.160796 0.044831 0.204972 -0.008829 0.009703
-1.793107 0.102486 1.156382 0.058637 -0.014426 0.005783 0.009876
-1.770692 0.204972 1.151967 0.075309 0.029988 0.018686 0.010286
-1.793107 0.102486 1.156382 -0.111039 0.083641 -0.018250 0.009051
-1.770692 0.204972 1.151967 -0.061278 0.055343 -0.035336 0.009987
-2.420697 0.000000 1.381062 0.036405 0.204542 0.006258 0.010927
-2.402495 0.102271 1.384191 0.072511 0.052510 0.004050 0.008625
-2.384292 0.204542 1.387320 0.005318 0.003912 0.000145 0.009256
-2.402495 0.102271 1.384191 -0.021685 0.056433 0.009937 0.009143
-2.384292 0.204542 1.387320 -0.054824 0.068600 0.056211 0.008843
0.000000 0.000000 0.500000 2.814839 -0.000000 1.024518 0.019562
0.562968 -0.000000 0.704904 0.043221 0.219309 0.027590 0.011592
0.584578 0.109655 0.718699 0.086144 0.031021 -0.030528 0.010357
0.606189 0.219309 0.732494 0.035942 0.001925 0.004660 0.011224
0.577375 0.073103 0.714100 -0.092092 0.035741 0.010143 0.008277
0.591782 0.146206 0.723297 -0.081692 0.078282 0.008373 0.009945
0.606189 0.219309 0.732494 -0.065033 0.062732 -0.020376 0.009024
1.125936 -0.000000 0.909807 -0.031174 0.229334 -0.053216 0.010640
1.118142 0.057334 0.896503 0.114355 0.036380 -0.025341 0.011935
1.110348 0.114667 0.883199 0.060021 0.034921 -0.005002 0.008282
1.102555 0.172001 0.869895 0.099633 0.089191 -0.031474 0.010230
1.094761 0.229334 0.856591 0.057169 0.122553 -0.003282 0.008774
1.110348 0.114667 0.883199 -0.175809 0.049015 -0.021694 0.009455
1.094761 0.229334 0.856591 -0.106513 -0.000922 0.004715 0.009477
1.688903 -0.000000 1.114711 -0.010261 0.114448 -0.008350 0.008455
1.683773 0.057224 1.110536 0.120090 0.046793 -0.057927 0.010620
1.678642 0.114448 1.106361 0.126693 0.108834 0.010089 0.010801
1.678642 0.114448 1.106361 -0.056908 0.037432 -0.000005 0.009422
2.251871 -0.000000 1.319614 -0.004094 0.077000 -0.004372 0.010470
2.250507 0.025667 1.318157 -0.029474 -0.005329 -0.008395 0.009323
2.249142 0.051333 1.316699 -0.042887 0.007364 -0.004429 0.010379
2.247777 0.077000 1.315242 -0.141783 0.045555 -0.045640 0.009183
2.814839 -0.000000 1.524518 -0.036960 0.207611 -0.054386 0.010266
2.802519 0.069204 1.506389 0.078817 0.043893 0.012712 0.011103
2.790199 0.138407 1.488260 0.094392 0.027766 0.015721 0.010476
2.777879 0.207611 1.470132 0.011117 0.020745 0.000168 0.009817
2.796359 0.103805 1.497325 0.019692 -0.006323 -0.000229 0.009104
2.777879 0.207611 1.470132 -0.084893 0.074015 0.004209 0.011093
0.703710 -0.000000 0.756129 0.024532 -0.129913 -0.045585 0.009498
0.715976 -0.064956 0.733337 -0.087643 -0.005156 -0.033915 0.009007
0.728241 -0.129913 0.710545 -0.081351 -0.114862 -0.016277 0.010231
0.711887 -0.043304 0.740935 0.090686 0.001377 -0.038670 0.008919
0.720064 -0.086608 0.725740 0.058120 -0.009372 -0.016145 0.008674
0.728241 -0.129913 0.710545 0.097623 -0.100414 0.005825 0.008463
1.407419 -0.000000 1.012259 -0.009155 -0.075568 0.000230 0.010440
1.398264 -0.075568 1.012488 -0.022046 -0.040420 0.000774 0.010498
1.398264 -0.075568 1.012488 0.151382 -0.008228 0.073161 0.010436
2.111129 -0.000000 1.268388 0.014473 -0.157418 0.008051 0.010347
2.118365 -0.078709 1.272414 -0.086948 -0.081305 -0.032963 0.009747
2.125602 -0.157418 1.276439 -0.053709 -0.053245 0.016507 0.010494
2.118365 -0.078709 1.272414 0.100552 -0.007695 0.042057 0.010207
2.125602 -0.157418 1.276439 0.043505 -0.114688 0.016855 0.009753
2.814839 -0.000000 1.524518 -0.011356 -0.121303 0.027634 0.010613
2.809161 -0.060651 1.538334 -0.091289 -0.041315 0.064673 0.009001
2.803483 -0.121303 1.552151 -0.083952 -0.076714 0.015960 0.008276
2.803483 -0.121303 1.552151 0.086978 0.011587 0.026467 0.009055
77
-0.192916 0.003171 0.555836 0.040786 0.014683 -0.081430 0.046125
-0.398128 -0.000615 0.627655 0.027702 -0.003199 -0.099884 0.051852
-0.599389 -0.007033 0.713116 0.052382 -0.063681 -0.064741 0.052418
-0.793562 -0.002914 0.779178 0.064716 -0.014137 -0.070405 0.048334
-0.998352 0.016660 0.863390 0.055882 0.090638 -0.020236 0.054193
-1.207769 0.004564 0.932911 0.029854 0.052826 -0.088196 0.053527
-1.412378 0.000227 0.994034 -0.001653 0.001231 -0.108156 0.054088
-1.609723 -0.011069 1.071319 0.017793 -0.048333 -0.070107 0.043496
-1.822932 -0.002506 1.155053 -0.079142 -0.026767 -0.061354 0.051827
-2.017606 0.003895 1.214683 -0.001375 0.014949 -0.074983 0.038236
-2.207001 0.012100 1.297287 0.058122 0.058743 -0.050262 0.048361
-2.420877 0.001655 1.370262 -0.001403 0.012949 -0.084483 0.042741
-0.618473 -0.116657 0.692810 -0.028969 -0.018683 -0.097532 0.051722
-0.645813 -0.101802 0.679590 0.005880 0.008628 -0.102325 0.051428
-0.739442 -0.091951 0.746562 0.026224 0.026633 -0.072477 0.040774
-1.343815 -0.183230 0.829985 0.024947 0.032475 -0.094181 0.051349
-1.148002 -0.059540 0.916502 0.025279 -0.029231 -0.109736 0.058171
-1.092044 -0.106113 0.889269 0.055890 -0.013332 -0.083912 0.050849
-1.194575 -0.140508 0.917880 0.018250 -0.007350 -0.099209 0.050570
-1.872382 -0.145869 1.133568 -0.000060 0.000832 -0.098527 0.049266
-1.674071 0.023648 1.110609 0.015262 0.001997 -0.094005 0.047629
-1.681201 -0.050844 1.106008 0.027958 -0.012624 -0.086804 0.046032
-1.761693 -0.083582 1.109794 0.033412 0.011941 -0.071659 0.039981
-2.423561 -0.073179 1.372656 -0.060165 -0.021981 -0.058772 0.043466
-2.412869 -0.141710 1.367386 -0.002805 -0.003897 -0.098146 0.049132
-2.447819 -0.171541 1.368379 0.020124 0.011293 -0.097982 0.050332
-2.374176 -0.210289 1.393645 -0.006512 -0.013222 -0.103529 0.052286
-0.630656 0.131357 0.745508 0.004448 0.006609 -0.104862 0.052582
-0.605770 0.182595 0.766733 -0.041022 0.041990 -0.095960 0.056246
-0.555681 0.169462 0.763537 -0.023583 -0.042644 -0.074308 0.044430
-1.168364 0.191251 0.939430 -0.052229 -0.001510 -0.098145 0.055594
-1.250827 0.252700 0.916310 -0.058955 0.032941 -0.061237 0.045582
-1.793014 0.103279 1.147365 0.000877 0.007476 -0.084980 0.042657
-1.773424 0.199748 1.143905 -0.029217 -0.055869 -0.086218 0.053405
-1.737710 0.082199 1.154907 -0.028146 -0.050917 -0.063048 0.042895
-1.695319 0.235398 1.160376 0.000659 0.004533 -0.106291 0.053195
-1.895501 0.186457 1.135474 0.102337 0.003908 -0.031462 0.053568
-2.365908 0.128523 1.377597 0.004228 -0.000033 -0.109961 0.055021
-2.335507 0.148571 1.385936 -0.044225 -0.049721 -0.018460 0.034528
-2.376396 0.209735 1.378668 0.028149 0.013990 -0.096037 0.050525
0.271898 -0.007571 0.587173 -0.051903 -0.040993 -0.082723 0.052956
0.561808 0.001288 0.693442 -0.010389 0.011535 -0.102654 0.051911
0.840051 -0.005118 0.788995 -0.023027 -0.026785 -0.096082 0.051185
1.116897 -0.000709 0.904239 -0.090858 -0.007127 -0.055973 0.053476
1.402992 -0.002907 1.003262 -0.043792 -0.028751 -0.088988 0.051632
1.687471 0.001142 1.106457 -0.014913 0.011885 -0.085911 0.044001
1.979709 0.001807 1.200060 0.043473 0.008427 -0.079756 0.045612
2.249708 -0.001049 1.309423 -0.019995 -0.009692 -0.094196 0.048391
2.527493 -0.014329 1.410108 -0.031371 -0.076677 -0.063992 0.052341
2.812058 0.001700 1.514417 -0.028523 0.017436 -0.103603 0.054432
0.607180 0.210449 0.731102 0.013193 -0.117896 -0.018515 0.060034
0.672819 0.137687 0.678479 0.020161 -0.028740 -0.093205 0.049799
0.544561 0.275822 0.706536 0.035662 -0.065118 -0.058448 0.047245
1.173248 0.148723 0.870479 0.038505 -0.011570 -0.103230 0.055391
1.199779 0.261633 0.828489 -0.021146 0.003870 -0.087179 0.044895
1.148282 0.348759 0.845968 -0.046165 -0.039591 -0.092907 0.055521
0.932835 0.166668 0.852697 -0.017393 0.030475 -0.089910 0.048257
0.984628 0.231822 0.853238 -0.040727 0.038365 -0.090771 0.053315
1.686711 0.037976 1.103564 0.013437 -0.001896 -0.091495 0.046248
1.681846 0.075472 1.100733 -0.002111 -0.008065 -0.082110 0.041266
1.679847 0.117971 1.097706 0.014737 0.043112 -0.105911 0.057648
1.814455 0.103773 1.053335 0.105575 -0.002435 0.007243 0.052926
2.251495 0.081426 1.308106 0.037587 0.044744 -0.072145 0.046421
2.224446 0.018219 1.301350 0.030886 -0.019170 -0.076119 0.042177
2.102149 0.119479 1.261851 -0.040050 -0.032022 -0.080714 0.047813
2.775762 0.206602 1.459290 -0.022487 -0.010723 -0.115183 0.058923
2.879727 0.115635 1.508412 -0.013710 0.021626 -0.091078 0.047304
2.809926 0.097362 1.490361 -0.067852 -0.001341 -0.074611 0.050429
0.628281 -0.070761 0.690439 -0.000580 -0.007350 -0.101769 0.051018
0.655890 -0.240872 0.691361 0.076742 0.033284 -0.024787 0.043622
0.752890 -0.089377 0.710092 0.045239 0.023032 -0.090987 0.052095
0.773053 -0.097310 0.702729 -0.059723 -0.015479 -0.079924 0.050483
1.375388 -0.116879 1.002835 -0.007815 -0.008395 -0.098191 0.049429
2.070867 -0.200906 1.289223 -0.010483 0.099692 -0.038041 0.053608
2.217544 -0.087841 1.304460 -0.014242 -0.014901 -0.103809 0.052918
2.174747 -0.280049 1.292820 0.057498 -0.080971 -0.004842 0.049714
2.890193 -0.111200 1.569691 -0.003134 -0.017352 -0.104383 0.052931
0
