80
0.000000 0.000000 0.000000 0.000000 0.000000 0.500000 0.030000
0.000000 0.000000 0.500000 -1.543611 0.000000 2.204505 0.021979
-0.385903 0.000000 1.051126 -0.027480 -0.094067 0.005889 0.009620
-0.395063 -0.031356 1.053089 -0.088944 -0.041337 -0.024519 0.010282
-0.404223 -0.062711 1.055052 -0.035805 -0.040000 0.005097 0.009125
-0.413383 -0.094067 1.057015 -0.068879 -0.001385 0.018763 0.010144
-0.771805 0.000000 1.602252 -0.028345 -0.183223 0.006790 0.010407
-0.785978 -0.091612 1.605648 -0.026778 0.002229 0.009359 0.009688
-0.800150 -0.183223 1.609043 0.043140 0.061351 -0.020645 0.010081
-0.800150 -0.183223 1.609043 0.123558 -0.082239 0.037175 0.008886
-1.157708 0.000000 2.153379 -0.035444 -0.096149 0.044958 0.010427
-1.169523 -0.032050 2.168365 0.028989 -0.064447 0.009838 0.009085
-1.181337 -0.064099 2.183351 0.092710 -0.038564 0.031544 0.009740
-1.193152 -0.096149 2.198337 0.053722 -0.098648 0.043854 0.010302
-1.543611 0.000000 2.704505 -0.025237 -0.208341 -0.010177 0.011393
-1.552023 -0.069447 2.701112 -0.080871 -0.048800 -0.019525 0.010605
-1.560436 -0.138894 2.697720 -0.030643 -0.010774 0.006373 0.009314
-1.568848 -0.208341 2.694327 -0.121626 -0.021383 0.044678 0.009082
-1.556230 -0.104171 2.699416 0.048415 -0.009892 0.000810 0.010891
-1.568848 -0.208341 2.694327 0.101305 -0.035363 -0.021711 0.008594
-0.385903 0.000000 1.051126 0.020852 0.148534 -0.052716 0.010730
-0.375477 0.074267 1.024768 0.055636 0.045325 -0.003254 0.011465
-0.365051 0.148534 0.998411 0.074860 0.027333 0.029329 0.009917
-0.375477 0.074267 1.024768 -0.038878 0.006074 -0.010093 0.010607
-0.365051 0.148534 0.998411 -0.072811 0.017747 0.038474 0.010144
-0.771805 0.000000 1.602252 -0.023767 0.168588 -0.006969 0.008984
-0.783689 0.084294 1.598768 0.028147 0.061441 -0.000770 0.009270
-0.795572 0.168588 1.595283 0.083155 0.054409 0.044943 0.009680
-0.779728 0.056196 1.599929 -0.095536 0.059326 0.017383 0.009449
-0.787650 0.112392 1.597606 -0.039624 0.011048 0.009291 0.011075
-0.795572 0.168588 1.595283 -0.064198 0.041203 0.010506 0.010466
-1.157708 0.000000 2.153379 -0.017577 0.139108 -0.014572 0.008985
-1.175285 0.139108 2.138807 0.021197 0.016114 0.020482 0.009615
-1.163567 0.046369 2.148521 -0.122484 -0.065456 0.020575 0.009574
-1.169426 0.092739 2.143664 -0.055880 0.021095 0.002010 0.011173
-1.175285 0.139108 2.138807 -0.070762 0.089271 -0.038785 0.009654
-1.543611 0.000000 2.704505 -0.028207 0.122025 0.059839 0.011545
-1.557714 0.061013 2.734424 0.195300 0.040024 0.064665 0.009818
-1.571818 0.122025 2.764344 0.032641 0.086940 0.043206 0.009619
-1.571818 0.122025 2.764344 -0.127209 0.030359 0.015754 0.008441
0.000000 0.000000 0.500000 1.456283 -0.000000 2.079787 0.022349
0.364071 -0.000000 1.019947 -0.018470 0.109345 0.011728 0.009260
0.357914 0.036448 1.023856 -0.116358 0.068463 0.025888 0.011927
0.351758 0.072897 1.027765 -0.094425 0.041998 0.008711 0.009829
0.345601 0.109345 1.031675 -0.044094 -0.001674 -0.014263 0.009655
0.728141 -0.000000 1.539894 0.047087 0.158710 0.024448 0.009802
0.775229 0.158710 1.564342 0.059499 0.017916 -0.010236 0.009359
0.751685 0.079355 1.552118 -0.037481 0.035064 -0.009981 0.008820
0.775229 0.158710 1.564342 0.005939 -0.005543 0.010595 0.011039
1.092212 -0.000000 2.059840 -0.035293 0.221357 0.030096 0.010030
1.074566 0.110678 2.074889 -0.055331 0.043537 -0.019876 0.009402
1.056919 0.221357 2.089937 -0.077290 -0.017836 0.009171 0.010298
1.456283 -0.000000 2.579787 -0.016372 0.202422 -0.000886 0.010089
1.448097 0.101211 2.579344 0.052042 0.038539 0.009193 0.011133
1.439911 0.202422 2.578901 0.023453 0.016199 -0.000687 0.011168
1.448097 0.101211 2.579344 -0.013571 0.000707 -0.003575 0.009486
1.439911 0.202422 2.578901 -0.088407 0.112675 0.032727 0.010824
0.291257 -0.000000 0.915957 0.008047 -0.132265 -0.009640 0.008285
0.295280 -0.066132 0.911138 -0.037777 0.004970 -0.008918 0.010322
0.299304 -0.132265 0.906318 -0.042002 -0.066005 -0.086874 0.008923
0.293939 -0.044088 0.912744 0.049281 -0.027675 -0.025317 0.011773
0.296621 -0.088176 0.909531 0.024864 -0.020487 0.009483 0.010705
0.299304 -0.132265 0.906318 0.076501 -0.072230 0.019670 0.010330
0.582513 -0.000000 1.331915 -0.039079 -0.229815 -0.017673 0.009704
0.562974 -0.114907 1.323078 -0.072797 -0.020380 -0.031952 0.008387
0.543434 -0.229815 1.314242 -0.085301 0.006938 -0.023643 0.009997
0.543434 -0.229815 1.314242 0.080712 -0.052869 -0.039941 0.011580
0.873770 -0.000000 1.747872 -0.002786 -0.150204 -0.073719 0.010384
0.870984 -0.150204 1.674153 -0.036776 -0.039109 -0.018091 0.009672
0.872377 -0.075102 1.711013 0.087716 -0.034691 0.041644 0.008070
0.870984 -0.150204 1.674153 0.036156 -0.018478 -0.079177 0.009535
1.165026 -0.000000 2.163830 -0.013092 -0.068653 0.010826 0.010593
1.158480 -0.034327 2.169243 -0.098400 -0.051823 -0.011222 0.009693
1.151934 -0.068653 2.174656 -0.114788 -0.097791 -0.002810 0.010695
1.160662 -0.022884 2.167438 0.028365 -0.037428 -0.007546 0.009096
1.156298 -0.045769 2.171047 0.027817 -0.034649 -0.005487 0.009931
1.151934 -0.068653 2.174656 0.036518 -0.024334 -0.002608 0.012398
1.456283 -0.000000 2.579787 -0.082169 -0.157218 -0.072537 0.010524
1.415198 -0.078609 2.543519 0.048176 -0.098182 0.020180 0.011700
1.374114 -0.157218 2.507250 0.048286 -0.106997 -0.038838 0.010413
60
-0.162103 0.011453 0.728716 0.040864 0.049736 -0.070478 0.047725
-0.341087 0.001549 0.968052 0.008241 0.006587 -0.092875 0.046736
-0.512441 0.003714 1.213274 0.010366 0.018372 -0.106648 0.054357
-0.687706 0.000039 1.457864 -0.007661 0.000178 -0.101367 0.050828
-0.840623 0.003349 1.711125 0.087583 0.017317 -0.070321 0.056824
-1.047559 0.007257 1.979089 -0.080340 0.031539 0.040936 0.047762
-1.200502 -0.000266 2.192638 0.000372 -0.001179 -0.097359 0.048683
-1.375444 -0.000926 2.437857 -0.015826 -0.004382 -0.102665 0.051985
-1.542860 -0.003587 2.693557 0.005888 -0.028124 -0.085851 0.045266
-0.404530 -0.093538 1.052090 0.100259 0.005994 -0.055787 0.057446
-0.477237 -0.069880 1.021362 0.062485 0.025954 -0.066534 0.047447
-0.794465 -0.189610 1.606624 0.060937 -0.068464 -0.025923 0.047625
-0.795056 -0.088760 1.601827 0.044542 0.017945 -0.087838 0.050054
-0.811098 -0.090239 1.605500 0.017943 -0.009267 -0.102862 0.052413
-0.756298 -0.121442 1.578352 0.007666 0.004620 -0.108083 0.054227
-1.200242 -0.092422 2.191859 -0.079010 0.041524 -0.072183 0.057396
-1.568420 -0.212029 2.686577 0.004541 -0.039122 -0.082219 0.045582
-1.689613 -0.229705 2.729965 0.008339 0.000194 -0.087573 0.043985
-0.357376 0.143929 0.993638 0.081385 -0.048835 -0.050612 0.053782
-0.408697 0.084649 1.006805 0.056807 0.043253 -0.079007 0.053245
-0.776917 0.084003 1.592445 0.075368 -0.003237 -0.070373 0.051583
-0.791907 0.168644 1.585480 0.036951 0.000565 -0.098825 0.052754
-0.874846 0.116473 1.607921 0.004863 0.011076 -0.109269 0.054968
-0.864414 0.207038 1.596823 -0.045557 -0.027004 -0.087951 0.051332
-1.179912 0.137101 2.130575 -0.054910 -0.023825 -0.097673 0.057277
-1.153202 0.159569 2.150758 0.008593 0.042156 -0.082745 0.046631
-1.229758 0.121852 2.139290 -0.037722 0.067940 -0.054090 0.047340
-1.242863 0.229559 2.090985 0.034975 0.012964 -0.099273 0.053024
-1.573082 0.114580 2.760574 -0.015722 -0.092578 -0.046875 0.052476
-1.698996 0.157087 2.773088 0.000407 0.061352 -0.091452 0.055063
0.116631 -0.000286 0.651474 -0.018520 -0.001119 -0.085590 0.043789
0.251552 0.012959 0.830712 0.038597 0.056595 -0.069523 0.048801
0.364262 -0.000294 1.010693 0.001788 -0.002748 -0.086581 0.043322
0.475286 0.001584 1.173410 -0.046389 0.007245 -0.090807 0.051113
0.606443 -0.001299 1.344270 -0.001626 -0.006189 -0.106319 0.053256
0.725596 0.000667 1.530452 -0.023853 0.006254 -0.088463 0.045918
0.847688 0.009663 1.693139 -0.007646 0.040825 -0.084791 0.047209
0.971044 -0.001557 1.864231 0.000788 -0.006496 -0.093001 0.046615
1.083334 -0.001782 2.055526 -0.077925 -0.015638 -0.037870 0.044020
1.206349 0.000770 2.212020 -0.030223 0.003223 -0.088478 0.046776
1.321966 0.001099 2.388298 -0.056695 0.004807 -0.079503 0.048883
1.458441 -0.003677 2.570165 0.025047 -0.042676 -0.111669 0.061071
0.254393 0.113047 1.027281 -0.032382 -0.020360 -0.101294 0.054138
0.302163 0.107558 1.007780 0.006920 -0.001192 -0.101721 0.050982
0.774549 0.157267 1.553419 -0.006392 -0.013570 -0.102715 0.051902
1.057484 0.224623 2.080187 0.005281 0.030543 -0.091179 0.048152
0.980980 0.209191 2.090618 0.014422 0.060538 -0.090640 0.054974
0.304246 -0.140799 0.909392 0.042317 -0.073076 0.026327 0.044226
0.254747 -0.194599 0.811722 -0.025968 0.037318 -0.078488 0.045352
0.373381 -0.199292 0.917399 -0.020747 0.044528 -0.073511 0.044207
0.543323 -0.230171 1.302668 -0.000999 -0.003188 -0.103511 0.051782
0.623592 -0.280737 1.262899 -0.004187 0.014692 -0.086054 0.043699
0.871513 -0.149613 1.664651 0.005953 0.006654 -0.106905 0.053639
0.836191 -0.191152 1.646776 0.020098 -0.018629 -0.094101 0.049005
0.959334 -0.110083 1.744627 -0.009060 -0.003463 -0.095879 0.048184
1.033727 -0.157275 2.167528 -0.030325 0.081332 -0.038296 0.047437
1.176154 -0.075182 2.162764 -0.066965 0.044044 -0.023517 0.041765
1.188468 -0.092844 2.159650 0.000129 0.001139 -0.098569 0.049288
1.370927 -0.166521 2.503826 -0.033952 -0.099105 -0.036479 0.055465
1.421095 -0.266008 2.458238 -0.013411 -0.018420 -0.104544 0.053499
0
