479
-0.00000   -0.00000   0.00000   0.02800   0.12400   0.65000   0.05600
0.02800   0.12400   0.65000   0.02500   0.05000   0.50200   0.03600
0.02800   0.12400   0.65000   0.03400   -0.11400   0.08000   0.01500
0.06200   0.01000   0.73000   0.03800   -0.16600   0.01600   0.01400
0.10000   -0.15600   0.74600   0.05500   -0.27300   -0.08800   0.01300
0.15500   -0.42900   0.65800   -0.02500   -0.31000   -0.17800   0.01000
0.13000   -0.73900   0.48000   0.03500   -0.10000   -0.01300   0.00500
0.16500   -0.83900   0.46700   -0.16000   -0.28900   -0.13900   0.00500
0.14693   -0.87163   0.45131   -0.03100   0.00300   -0.00400   0.00500
0.16500   -0.83900   0.46700   0.13800   -0.08100   -0.20000   0.00500
0.30300   -0.92000   0.26700   0.01900   -0.07600   -0.00800   0.00500
0.32200   -0.99600   0.25900   -0.01800   -0.16500   -0.00600   0.00500
0.30300   -0.92000   0.26700   0.02300   0.03200   -0.08700   0.00500
0.32600   -0.88800   0.18000   0.11800   0.10800   -0.02400   0.00500
0.13000   -0.73900   0.48000   -0.01000   -0.08800   0.01200   0.00500
0.12000   -0.82700   0.49200   -0.06000   -0.10300   0.08400   0.00500
0.12000   -0.82700   0.49200   -0.11500   -0.12800   -0.14600   0.00500
0.13000   -0.73900   0.48000   0.01500   -0.00900   -0.11200   0.00500
0.13000   -0.73900   0.48000   0.03800   -0.03800   -0.03500   0.00500
0.16800   -0.77700   0.44500   0.03200   0.01000   -0.06200   0.00500
0.20000   -0.76700   0.38300   0.10700   -0.14700   0.07300   0.00500
0.20000   -0.76700   0.38300   0.01700   0.00400   -0.05100   0.00500
0.21700   -0.76300   0.33200   -0.06100   -0.07800   -0.34700   0.00500
0.13990   -0.61626   0.55047   0.17200   -0.09900   -0.01900   0.00700
0.31190   -0.71526   0.53147   0.13500   -0.06300   -0.06600   0.00600
0.44690   -0.77826   0.46547   0.07000   -0.07100   -0.03600   0.00600
0.51690   -0.84926   0.42947   0.01700   -0.05000   -0.04600   0.00500
0.53390   -0.89926   0.38347   0.10100   -0.04800   -0.02900   0.00500
0.63490   -0.94726   0.35447   0.05400   0.01900   -0.03500   0.00500
0.68890   -0.92826   0.31947   0.18900   0.06900   -0.03300   0.00500
0.56902   -0.91596   0.37339   0.00900   -0.03400   0.08600   0.00500
0.51690   -0.84926   0.42947   0.05900   0.06000   0.00900   0.00600
0.57590   -0.78926   0.43847   0.10300   0.19700   0.08800   0.00500
0.67890   -0.59226   0.52647   0.05200   0.14300   0.04400   0.00500
0.73090   -0.44926   0.57047   0.13000   0.04300   0.10000   0.00500
0.73090   -0.44926   0.57047   0.11800   0.00500   -0.01000   0.00500
0.67890   -0.59226   0.52647   0.08900   0.00700   0.02500   0.00500
0.51690   -0.84926   0.42947   0.01300   0.01200   -0.04600   0.00500
0.52990   -0.83726   0.38347   0.06700   0.01500   -0.02300   0.00500
0.59690   -0.82226   0.36047   0.08900   0.01400   0.02500   0.00500
0.44690   -0.77826   0.46547   -0.03500   -0.05800   0.00500   0.00500
0.46913   -0.80081   0.45404   0.00300   0.00900   -0.06000   0.00500
0.44690   -0.77826   0.46547   0.06400   -0.00700   0.07600   0.00600
0.51090   -0.78526   0.54147   -0.00000   -0.00200   0.03800   0.00500
0.51090   -0.78526   0.54147   0.13000   0.05600   0.10700   0.00500
0.64090   -0.72926   0.64847   0.20100   -0.00200   0.07000   0.00500
0.64090   -0.72926   0.64847   0.03000   0.05300   0.08200   0.00500
0.21480   -0.65938   0.54220   0.11400   -0.25000   0.11500   0.00500
0.13990   -0.61626   0.55047   0.04900   0.01600   0.09200   0.00500
0.14347   -0.57198   0.57590   -0.06000   -0.06900   0.18000   0.00500
0.08347   -0.64098   0.75590   -0.06800   -0.09900   0.00100   0.00500
0.01547   -0.73998   0.75690   0.04400   -0.03700   0.02900   0.00500
0.14579   -0.54322   0.59241   0.12800   0.04600   0.02100   0.00500
0.27379   -0.49722   0.61341   0.14700   0.06900   0.19500   0.00500
0.14579   -0.54322   0.59241   0.07800   -0.02300   -0.03300   0.00500
0.22379   -0.56622   0.55941   0.13200   -0.00500   -0.10500   0.00500
0.22379   -0.56622   0.55941   0.02800   -0.08900   -0.05300   0.00500
0.10000   -0.15600   0.74600   0.08200   -0.00900   -0.01400   0.00500
0.18200   -0.16500   0.73200   0.09500   -0.01200   0.01600   0.00500
0.27700   -0.17700   0.74800   0.03300   -0.00400   0.07800   0.00500
0.04050   0.14900   0.90100   0.08400   -0.08200   -0.00900   0.00600
0.12450   0.06700   0.89200   0.10000   -0.09700   -0.03400   0.00500
0.22450   -0.03000   0.85800   0.09500   -0.12200   0.07000   0.00500
0.31950   -0.15200   0.92800   0.10500   -0.04700   -0.02300   0.00500
0.22450   -0.03000   0.85800   0.01800   -0.03100   0.04400   0.00500
0.22450   -0.03000   0.85800   0.04400   -0.04900   -0.11500   0.00500
0.22450   -0.03000   0.85800   0.04000   0.08100   0.02700   0.00500
0.16978   0.02308   0.87660   -0.01200   -0.12800   -0.00900   0.00500
0.04050   0.14900   0.90100   0.09100   0.00200   -0.05600   0.00600
0.13150   0.15100   0.84500   0.04200   -0.02800   -0.15000   0.00500
0.17350   0.12300   0.69500   0.07700   -0.07400   -0.12400   0.00500
0.25050   0.04900   0.57100   0.11200   -0.12700   0.00200   0.00500
0.36250   -0.07800   0.57300   0.15900   -0.06200   0.09300   0.00500
0.36250   -0.07800   0.57300   -0.02500   -0.10700   0.05700   0.00500
0.25050   0.04900   0.57100   0.10200   -0.04300   -0.08800   0.00500
0.25050   0.04900   0.57100   -0.00200   -0.11000   -0.06000   0.00500
0.24850   -0.06100   0.51100   -0.04200   -0.20400   -0.04800   0.00500
0.17350   0.12300   0.69500   0.04300   -0.01300   0.00200   0.00500
0.21650   0.11000   0.69700   0.03200   0.00600   0.00500   0.00500
0.24850   0.11600   0.70200   0.11600   0.04100   0.16200   0.00500
0.16002   0.13199   0.74315   0.00600   -0.06000   -0.03500   0.00500
0.02925   0.12650   0.67510   0.06500   0.02500   0.01300   0.00500
0.09425   0.15150   0.68810   0.04900   -0.00600   -0.05900   0.00500
0.14325   0.14550   0.62910   0.00600   0.01900   -0.14300   0.00500
0.04300   0.15400   0.95120   0.05666   0.04798   0.05700   0.02000
0.09966   0.20198   1.00820   0.05738   0.32935   -0.01300   0.01900
0.15704   0.53132   0.99520   0.06421   0.27756   0.01300   0.01600
0.22125   0.80888   1.00820   0.05672   0.18551   -0.06100   0.01000
0.10689   0.24348   1.00656   -0.08298   0.06603   0.07000   0.00500
0.02391   0.30950   1.07656   -0.08230   0.04976   0.04100   0.00500
-0.05839   0.35926   1.11756   -0.08246   0.08154   0.32400   0.00500
0.02391   0.30950   1.07656   -0.05502   0.06940   -0.03300   0.00500
0.12296   0.33572   1.00292   -0.11454   0.15829   0.07700   0.00500
0.13466   0.40288   1.00027   -0.00622   -0.06199   0.17000   0.00500
0.12845   0.34089   1.17027   0.00338   -0.05464   0.06300   0.00500
0.13183   0.28625   1.23327   0.02938   -0.01169   0.08800   0.00500
0.11005   0.26160   1.00585   0.09204   -0.00749   -0.02500   0.01000
0.20209   0.25411   0.98085   0.10449   -0.03027   0.01800   0.00900
0.30658   0.22384   0.99885   0.09242   -0.06692   0.07000   0.00500
0.39900   0.15692   1.06885   0.12990   -0.04698   0.17900   0.00500
0.52890   0.10993   1.24785   0.11311   -0.00981   0.21100   0.00500
0.64201   0.10012   1.45885   0.03568   -0.02563   0.32900   0.00500
0.30658   0.22384   0.99885   0.03673   -0.00794   -0.01000   0.00800
0.34331   0.21590   0.98885   0.06528   0.00173   0.00600   0.00700
0.20875   0.75483   1.00567   0.04152   0.00240   -0.01700   0.00800
0.25027   0.75723   0.98867   0.08282   0.00578   0.04100   0.00600
0.33309   0.76301   1.02967   0.10471   0.02212   0.15100   0.00600
0.43780   0.78513   1.18067   0.02001   -0.02001   0.11200   0.00500
0.43780   0.78513   1.18067   0.03028   0.01110   0.21300   0.00500
0.22125   0.80888   1.00820   0.08942   -0.01836   -0.04100   0.00500
0.31067   0.79053   0.96720   0.12181   -0.10530   0.05800   0.00500
0.31067   0.79053   0.96720   0.04197   -0.01289   0.05500   0.00500
0.35265   0.77764   1.02220   0.12465   -0.05538   0.07600   0.00500
0.47730   0.72226   1.09820   0.10149   0.00496   0.00400   0.00500
0.57879   0.72722   1.10220   0.07030   0.02444   0.09500   0.00500
0.47730   0.72226   1.09820   -0.00315   0.00030   0.08900   0.00500
0.31067   0.79053   0.96720   0.13154   0.00369   -0.01500   0.00500
0.44222   0.79421   0.95220   0.11663   -0.00284   0.03700   0.00500
0.55884   0.79138   0.98920   0.10838   0.02400   0.17500   0.00500
0.66722   0.81537   1.16420   0.06026   -0.00764   0.16500   0.00500
0.22125   0.80888   1.00820   0.03403   -0.03627   0.19100   0.00500
0.27797   0.99440   0.94720   0.00765   -0.00645   -0.09300   0.00700
0.28562   0.98795   0.85420   0.05194   0.00173   -0.05400   0.00800
0.33756   0.98968   0.80020   0.09346   0.04416   0.02000   0.00700
0.43102   1.03384   0.82020   0.10366   0.04446   0.11300   0.00600
0.53468   1.07829   0.93320   -0.00488   0.07893   0.15000   0.00500
0.52980   1.15722   1.08320   0.12847   0.04813   0.14700   0.00500
0.65827   1.20535   1.23020   0.09826   0.04116   0.06300   0.00500
0.43102   1.03384   0.82020   -0.02106   0.01566   0.01700   0.00500
0.27797   0.99440   0.94720   0.03823   -0.05891   0.03600   0.00500
0.31621   0.93549   0.98320   0.07046   -0.06071   -0.05000   0.00500
0.26109   0.93917   0.96536   0.05075   -0.05089   -0.10800   0.00500
0.31184   0.88828   0.85736   0.01477   -0.02841   -0.31400   0.00500
0.32660   0.85988   0.54336   -0.00300   -0.01814   -0.15300   0.00500
0.25489   0.91890   0.97202   0.22223   0.09544   0.45400   0.00500
0.27797   0.99440   0.94720   0.07539   0.09130   0.18300   0.00500
0.35337   1.08570   1.13020   0.02960   0.06739   0.08200   0.00500
0.38297   1.15308   1.21220   0.00291   0.14743   -0.01100   0.00500
0.27797   0.99440   0.94720   -0.03142   0.19390   0.04700   0.00700
0.24655   1.18830   0.99420   0.01918   0.06806   0.04900   0.00600
0.26573   1.25636   1.04320   0.04542   0.05667   0.01800   0.00600
0.31115   1.31303   1.06120   0.17478   0.07422   0.43900   0.00600
0.48593   1.38725   1.50020   0.02721   -0.01117   0.11400   0.00500
0.25730   1.12200   0.97813   0.06933   0.03756   -0.03700   0.00500
0.32662   1.15955   0.94113   0.05501   0.03733   0.00000   0.00500
0.38164   1.19689   0.94113   0.05913   0.05060   0.06100   0.00500
0.44077   1.24748   1.00213   0.10103   0.07361   0.17900   0.00500
0.54180   1.32110   1.18113   0.05067   -0.00164   0.16300   0.00500
0.54180   1.32110   1.18113   0.06071   0.07046   0.10100   0.00500
0.05055   0.16911   1.10286   -0.02300   -0.12800   0.08200   0.01200
0.03656   0.09122   1.15276   0.13900   0.02300   -0.01900   0.00500
0.14241   0.10873   1.13829   0.03100   0.01100   0.06200   0.00500
0.17341   0.11973   1.20029   0.07600   -0.00300   0.00500   0.00500
0.24941   0.11673   1.20529   0.06600   0.02200   0.08700   0.00500
0.17341   0.11973   1.20029   0.08000   0.06600   -0.03400   0.00500
0.25341   0.18573   1.16629   0.09400   -0.05800   0.03400   0.00500
0.17556   0.11422   1.13376   0.07900   -0.17500   -0.00100   0.00500
0.25456   -0.06078   1.13276   0.11000   -0.02300   0.02500   0.00500
0.36456   -0.08378   1.15776   0.07900   -0.00900   0.07600   0.00500
0.17556   0.11422   1.13376   0.12400   -0.02500   -0.03400   0.00500
0.24681   0.09985   1.11422   -0.00100   0.01300   -0.04900   0.00500
0.29956   0.08922   1.09976   0.07000   0.01000   -0.04200   0.00500
0.36956   0.09922   1.05776   0.03000   0.09600   -0.06900   0.00500
0.39956   0.19522   0.98876   0.01100   -0.05100   -0.12000   0.00500
0.41056   0.14422   0.86876   0.03500   -0.12100   -0.09200   0.00500
0.44556   0.02322   0.77676   0.07000   -0.14100   -0.01700   0.00500
0.33572   0.09438   1.07806   0.09800   0.00200   -0.01300   0.00500
0.43372   0.09638   1.06506   0.11500   -0.02200   0.03500   0.00500
0.54872   0.07438   1.10006   0.13300   -0.03400   0.07300   0.00500
0.02755   0.04111   1.18486   -0.04900   -0.20300   0.01500   0.01100
-0.02145   -0.16189   1.19986   0.22300   -0.06800   0.00000   0.00700
0.13770   -0.21042   1.19986   0.01400   -0.08800   0.04800   0.00500
0.15170   -0.29842   1.24786   0.01200   -0.02900   0.12800   0.00500
0.20155   -0.22989   1.19986   0.10200   -0.06200   0.06700   0.00500
0.24260   -0.25485   1.22683   0.00200   -0.03100   0.04400   0.00500
0.30355   -0.29189   1.26686   0.01900   -0.05300   0.04600   0.00500
0.32255   -0.34489   1.31286   0.14200   -0.03500   0.08400   0.00500
0.46455   -0.37989   1.39686   0.06300   -0.02900   -0.01100   0.00500
0.30355   -0.29189   1.26686   0.04900   -0.02700   0.03300   0.00500
0.27171   -0.27254   1.24595   0.13500   0.04700   -0.12600   0.00500
0.40671   -0.22554   1.11995   0.14700   -0.17200   0.15000   0.00500
0.40671   -0.22554   1.11995   0.07700   -0.01300   -0.00700   0.00500
0.48371   -0.23854   1.11295   0.11900   0.01900   0.04700   0.00500
0.60271   -0.21954   1.15995   0.10600   -0.11700   0.19800   0.00500
0.20155   -0.22989   1.19986   0.04000   -0.06400   -0.03800   0.00500
0.24155   -0.29389   1.16186   0.12400   -0.08100   -0.17200   0.00500
0.36555   -0.37489   0.98986   0.09000   0.04200   -0.16700   0.00500
0.45555   -0.33289   0.82286   0.09400   0.07300   -0.18800   0.00500
-0.02145   -0.16189   1.19986   -0.03700   -0.17300   0.26600   0.00500
-0.05845   -0.33489   1.46586   0.00500   0.24800   0.34100   0.00500
-0.05845   -0.33489   1.46586   0.01700   -0.03900   -0.06700   0.00500
-0.04145   -0.37389   1.39886   0.02200   0.02800   -0.05600   0.00500
-0.05845   -0.33489   1.46586   0.03400   -0.21200   0.03700   0.00500
-0.02445   -0.54689   1.50286   0.05600   -0.08900   0.11900   0.00500
-0.02145   -0.16189   1.19986   -0.09000   -0.26300   -0.07000   0.01100
-0.06072   -0.27666   1.16932   0.13600   -0.09100   -0.10400   0.00500
0.07528   -0.36766   1.06532   0.12200   -0.07800   -0.01100   0.00500
-0.08538   -0.34872   1.15014   0.10100   -0.02200   -0.13000   0.00500
-0.11145   -0.42489   1.12986   0.03800   -0.03000   -0.02500   0.00500
-0.07345   -0.45489   1.10486   0.13900   -0.07900   0.11100   0.00500
-0.09978   -0.39080   1.13894   -0.12200   -0.07200   0.17200   0.00500
-0.22178   -0.46280   1.31094   -0.07700   -0.01600   0.01300   0.00500
-0.29878   -0.47880   1.32394   -0.06700   -0.06100   0.07100   0.00500
-0.11145   -0.42489   1.12986   -0.02200   -0.21000   -0.05100   0.00900
-0.11145   -0.42489   1.12986   -0.15600   0.12100   0.01700   0.00500
-0.26745   -0.30389   1.14686   -0.10300   0.00300   -0.08200   0.00500
-0.37045   -0.30089   1.06486   -0.11000   -0.08100   -0.06500   0.00500
-0.48045   -0.38189   0.99986   -0.09600   -0.08100   0.04000   0.00500
-0.11603   -0.46868   1.11923   0.20700   -0.10700   -0.14900   0.00700
-0.07086   -0.49203   1.08672   0.02300   -0.23400   -0.11400   0.00500
-0.04786   -0.72603   0.97272   -0.03800   -0.01000   -0.03900   0.00500
-0.03013   -0.51309   1.05739   0.10200   0.03900   -0.02500   0.00500
0.07187   -0.47409   1.03239   0.15100   -0.01700   0.04900   0.00500
0.09097   -0.57568   0.97023   0.15400   -0.04300   -0.07100   0.00500
0.18882   -0.60300   0.92511   0.02800   -0.01600   -0.02100   0.00500
0.24497   -0.61868   0.89923   0.09800   -0.02000   -0.11800   0.00500
0.24497   -0.61868   0.89923   0.14300   -0.00300   0.15700   0.00500
0.34297   -0.63868   0.78123   0.02700   -0.09800   -0.00300   0.00500
0.36997   -0.73668   0.77823   0.11200   -0.08200   0.04200   0.00500
0.48197   -0.81868   0.82023   0.10800   -0.08800   0.00600   0.00500
0.58997   -0.90668   0.82623   -0.08800   -0.08200   0.03400   0.00500
0.34297   -0.63868   0.78123   0.06300   -0.02200   -0.11000   0.00500
0.38635   -0.65383   0.70548   0.06800   -0.20800   -0.06100   0.00500
0.45435   -0.86183   0.64448   0.05100   -0.16300   0.01100   0.00500
0.40597   -0.66068   0.67123   0.09900   -0.00300   -0.04400   0.00500
0.50497   -0.66368   0.62723   0.11900   -0.07500   0.04500   0.00500
0.62397   -0.73868   0.67223   0.10600   -0.12200   0.12600   0.00500
0.40597   -0.66068   0.67123   0.07400   0.00300   -0.00800   0.00500
0.47997   -0.65768   0.66323   0.15200   -0.00900   0.03200   0.00500
0.63197   -0.66668   0.69523   0.14100   -0.04900   0.12000   0.00500
-0.11342   -0.44376   1.12528   -0.04800   -0.07800   -0.02300   0.00800
-0.16142   -0.52176   1.10228   0.08800   -0.04300   -0.13500   0.00500
-0.07342   -0.56476   0.96728   0.10500   -0.02900   -0.19400   0.00500
0.03158   -0.59376   0.77328   0.01400   -0.07900   -0.06500   0.00500
0.03158   -0.59376   0.77328   0.11800   -0.01600   0.00200   0.00500
0.03158   -0.59376   0.77328   0.03600   0.02400   -0.15700   0.00500
0.06758   -0.56976   0.61628   0.09200   -0.03700   -0.03700   0.00500
0.01641   -0.58957   0.80131   0.26000   0.07900   0.00800   0.00500
-0.16142   -0.52176   1.10228   0.03800   -0.21700   -0.07700   0.00600
-0.12342   -0.73876   1.02528   0.08600   -0.14600   -0.12500   0.00500
-0.03742   -0.88476   0.90028   0.08200   -0.08200   -0.13900   0.00500
0.05299   0.17399   1.15185   -0.00800   -0.16800   -0.03200   0.01000
0.05038   0.11910   1.14140   0.15600   -0.06900   -0.27000   0.00500
0.20638   0.05010   0.87140   0.01400   0.00200   -0.06500   0.00500
0.22038   0.05210   0.80640   0.04200   0.02600   -0.16100   0.00500
0.26238   0.07810   0.64540   0.02400   -0.08100   -0.07600   0.00500
0.04499   0.00599   1.11985   0.06800   -0.17800   -0.09800   0.00600
0.11299   -0.17201   1.02185   -0.08700   0.01400   -0.01100   0.00500
0.02599   -0.15801   1.01085   -0.06200   -0.11000   -0.10200   0.00500
0.05988   -0.16347   1.01514   0.03200   -0.11400   -0.03600   0.00500
0.11299   -0.17201   1.02185   0.05500   -0.08800   -0.07100   0.00600
0.16799   -0.26001   0.95085   0.15300   -0.14000   -0.25600   0.00600
0.22483   -0.31202   0.85576   0.00200   -0.01200   -0.04900   0.00500
0.24610   -0.33148   0.82017   -0.15300   -0.21700   0.01100   0.00500
0.09310   -0.54848   0.83117   -0.04300   -0.11400   0.06300   0.00500
0.27196   -0.35514   0.77690   0.02000   -0.04600   0.01800   0.00500
0.29196   -0.40114   0.79490   0.02900   -0.14300   -0.05900   0.00500
0.32096   -0.54414   0.73590   0.01900   -0.13100   0.02000   0.00500
0.29196   -0.40114   0.79490   0.03800   -0.00900   0.12100   0.00500
0.32099   -0.40001   0.69485   0.13700   0.05600   0.03200   0.00500
0.32099   -0.40001   0.69485   0.04300   -0.06000   -0.13100   0.00500
0.32099   -0.40001   0.69485   0.26000   -0.10600   -0.04100   0.00500
0.58099   -0.50601   0.65385   0.13600   -0.06000   0.06200   0.00500
0.71699   -0.56601   0.71585   0.00600   -0.06400   0.08600   0.00500
0.54568   -0.49162   0.65942   -0.00100   -0.06500   -0.02900   0.00500
0.54468   -0.55662   0.63042   0.05700   -0.09400   0.02600   0.00500
0.51488   -0.47906   0.66428   0.04300   0.00300   -0.08900   0.00500
0.05300   0.17400   1.15195   0.00600   -0.02100   0.43000   0.03100
0.05583   0.16408   1.35496   0.23000   0.07900   0.11700   0.01500
0.28583   0.24308   1.47196   -0.01700   0.04700   0.02100   0.01500
0.27538   0.27196   1.48486   -0.01700   -0.11600   0.22000   0.00500
0.25838   0.15596   1.70486   0.10500   -0.12000   0.13300   0.00500
0.15397   0.19779   1.40488   -0.04500   -0.02100   0.15100   0.00500
0.26883   0.29008   1.49296   0.20300   0.14400   0.41900   0.00900
0.31591   0.32348   1.59013   0.05500   0.03100   -0.01200   0.00500
0.47183   0.43408   1.91196   0.08700   0.01400   0.03300   0.00700
0.55883   0.44808   1.94496   0.09000   0.04800   0.15000   0.00600
0.64883   0.49608   2.09496   0.11900   0.06900   0.18700   0.00600
0.76783   0.56508   2.28196   0.18500   0.08000   0.38400   0.00500
0.69393   0.52223   2.16583   0.00800   0.03200   -0.00100   0.00500
0.70193   0.55423   2.16483   0.04900   0.06200   0.06800   0.00500
0.47183   0.43408   1.91196   0.05100   0.12300   0.18100   0.00600
0.52283   0.55708   2.09296   0.13300   0.04000   0.19400   0.00500
0.65583   0.59708   2.28696   0.17300   0.18200   0.19400   0.00500
0.65583   0.59708   2.28696   -0.05600   -0.05900   0.13400   0.00500
0.52283   0.55708   2.09296   -0.00300   0.11700   0.18900   0.00500
0.51983   0.67408   2.28196   0.02700   0.06800   0.25500   0.00500
0.54683   0.74208   2.53696   0.05500   0.10300   0.15900   0.00500
0.05900   0.15300   1.58195   -0.05700   0.24500   0.05700   0.00800
0.05900   0.15300   1.58195   0.01500   0.09700   0.19600   0.00500
0.05900   0.15300   1.58195   0.05600   -0.09100   0.19300   0.00500
0.11500   0.06200   1.77495   0.06600   -0.07300   0.04900   0.00500
0.00200   0.39800   1.63895   0.07100   0.12600   0.19700   0.00500
0.01342   0.41826   1.67063   -0.04900   0.03800   0.00000   0.00500
0.02926   0.44638   1.71461   0.00600   0.10300   -0.03800   0.00500
0.07300   0.52400   1.83595   0.11400   0.15700   0.12800   0.00500
0.18700   0.68100   1.96395   0.32000   0.34500   0.21000   0.00500
0.64883   0.49608   2.09496   0.04800   0.11800   0.05500   0.00500
0.14986   0.62985   1.92225   0.16800   -0.04800   0.08500   0.00500
0.31786   0.58185   2.00725   0.09400   0.04200   0.05600   0.00500
0.09699   0.55704   1.86289   0.00700   0.14500   -0.01700   0.00500
0.05900   0.15300   1.58195   0.00900   -0.01700   0.52600   0.02500
0.05970   0.15167   1.62296   0.12000   -0.00000   0.09600   0.01300
0.15250   0.15167   1.69720   0.03100   -0.09500   -0.01000   0.00500
0.18350   0.05667   1.68720   0.05700   -0.05400   -0.10300   0.00500
0.24050   0.00267   1.58420   0.04000   -0.00200   -0.13900   0.00500
0.28050   0.00067   1.44520   0.08500   0.07800   -0.12400   0.00500
0.17970   0.15167   1.71896   0.01300   0.05100   -0.00800   0.00500
0.17970   0.15167   1.71896   0.16100   -0.03900   0.28800   0.00900
0.24460   0.13595   1.83505   -0.04400   -0.10500   0.04800   0.00500
0.20060   0.03095   1.88305   -0.03000   -0.12600   -0.04000   0.00500
0.17060   -0.09505   1.84305   -0.02800   -0.17400   -0.10600   0.00500
0.14260   -0.26905   1.73705   -0.02200   -0.13800   -0.01900   0.00500
0.17060   -0.09505   1.84305   0.02600   -0.03100   -0.11100   0.00500
0.19176   -0.00616   1.87127   0.03500   -0.03400   -0.05200   0.00500
0.26512   0.13098   1.87177   0.20400   0.03700   0.01800   0.00500
0.34070   0.11267   2.00696   0.18900   -0.10500   -0.02700   0.00500
0.52970   0.00767   1.97996   0.11800   -0.07000   0.00000   0.00500
0.64770   -0.06233   1.97996   0.07200   0.00300   0.00900   0.00500
0.71970   -0.05933   1.98896   0.22900   0.07500   0.19700   0.00500
0.34070   0.11267   2.00696   -0.05300   -0.03100   0.01300   0.00500
0.28770   0.08167   2.01996   -0.03100   -0.05700   -0.06900   0.00500
0.23279   0.13881   1.81393   0.07800   0.11600   0.11400   0.00500
0.31079   0.25481   1.92793   0.02800   0.01000   0.00200   0.00500
0.33879   0.26481   1.92993   0.13900   0.07200   0.01500   0.00500
0.31079   0.25481   1.92793   0.02300   0.07500   0.17800   0.00500
0.29207   0.22697   1.90057   0.00200   0.02300   0.08100   0.00500
0.34070   0.11267   2.00696   0.19800   0.02100   0.38400   0.01000
0.53870   0.13367   2.39096   0.05500   0.00100   0.13700   0.00500
0.59370   0.13467   2.52796   0.13600   -0.03000   0.42300   0.00500
0.66155   0.11970   2.73901   0.06800   -0.01600   0.10400   0.00500
0.64201   0.12401   2.67821   0.02900   0.04200   0.02800   0.00500
0.49792   0.12934   2.31187   0.06700   0.03100   0.04000   0.00500
0.56492   0.16034   2.35187   0.05900   0.03200   0.15800   0.00500
0.39439   0.11836   2.11108   0.07700   -0.06000   0.07200   0.00600
0.47139   0.05836   2.18308   0.04700   -0.03900   -0.00400   0.00500
0.51839   0.01936   2.17908   0.08700   -0.02900   0.05100   0.00500
0.60539   -0.00964   2.23008   0.08100   0.01400   0.01900   0.00500
0.60539   -0.00964   2.23008   0.05200   -0.00400   0.06500   0.00500
0.65739   -0.01364   2.29508   0.06900   -0.05100   0.22600   0.00500
0.47139   0.05836   2.18308   0.07100   -0.11600   0.32400   0.00500
0.05970   0.15167   1.62295   0.00100   0.30600   0.00100   0.01200
0.05991   0.21567   1.62315   0.07000   0.05500   0.00000   0.00500
0.06000   0.24367   1.62325   0.01600   0.06200   0.07600   0.00500
0.07600   0.30567   1.69925   0.04300   0.08100   0.01300   0.00500
0.06046   0.38367   1.62370   -0.10000   0.02700   0.23800   0.00500
-0.03954   0.41067   1.86170   -0.14600   0.25300   0.36100   0.00500
0.06070   0.45767   1.62395   0.01700   0.27300   0.17800   0.00900
0.07404   0.67191   1.76364   0.09000   0.01700   0.44400   0.00500
0.07627   0.70769   1.78696   -0.15700   0.08500   0.06600   0.00500
-0.08073   0.79269   1.85296   0.02400   0.06000   0.27800   0.00500
0.07770   0.73067   1.80195   0.03100   0.02100   0.07300   0.00500
0.10870   0.75167   1.87495   -0.00300   0.01100   0.26900   0.00500
0.10570   0.76267   2.14395   0.14200   0.03000   0.21700   0.00500
0.07770   0.73067   1.80195   -0.01600   0.03900   -0.00200   0.00500
0.07770   0.73067   1.80195   0.00300   0.12400   0.10900   0.00500
0.07770   0.73067   1.80195   0.03800   0.15100   0.06900   0.00500
0.06798   0.13603   2.10695   0.05000   -0.03100   0.63300   0.01900
0.06798   0.13603   2.10695   0.12400   -0.05300   0.07500   0.00700
0.19198   0.08303   2.18195   -0.00300   -0.09200   0.18500   0.00500
0.19198   0.08303   2.18195   0.17800   -0.25400   0.23000   0.00600
0.36998   -0.17097   2.41195   0.06800   -0.18900   0.05300   0.00500
0.43798   -0.35997   2.46495   0.08800   -0.12500   0.15500   0.00500
0.36998   -0.17097   2.41195   0.02700   -0.15400   0.09000   0.00500
0.27773   -0.03933   2.29275   0.04100   -0.07800   -0.02400   0.00500
0.31873   -0.11733   2.26875   0.13200   -0.13200   0.08900   0.00500
0.31873   -0.11733   2.26875   0.03700   -0.03000   -0.02700   0.00500
0.35573   -0.14733   2.24175   0.04000   -0.12100   -0.03600   0.00500
0.39573   -0.26833   2.20575   0.05500   -0.16600   0.07100   0.00500
0.07588   0.13113   2.20697   0.06900   0.07600   0.08500   0.00700
0.14488   0.20713   2.29197   -0.01700   -0.04900   0.02900   0.00600
0.12788   0.15813   2.32097   0.07500   -0.12700   0.31900   0.00500
0.20288   0.03113   2.63997   0.07800   -0.03200   0.18800   0.00500
0.12146   0.18134   2.26312   0.04200   0.06500   0.01700   0.00500
0.14488   0.20713   2.29197   0.16500   0.24300   0.07600   0.00600
0.21888   0.31611   2.32605   0.07600   -0.00200   -0.00700   0.00500
0.25202   0.36492   2.34132   0.08000   -0.06500   -0.07200   0.00500
0.29406   0.33077   2.30349   0.05200   0.09600   -0.05000   0.00900
0.27587   0.40004   2.35230   -0.06000   0.01700   -0.04800   0.00500
0.30988   0.45013   2.36797   0.02300   0.06500   0.05200   0.00500
0.33288   0.51513   2.41997   -0.00900   -0.00400   0.08800   0.00500
0.32388   0.51113   2.50797   0.02900   -0.07000   0.14700   0.00500
0.35288   0.44113   2.65497   0.05400   -0.12200   -0.00500   0.00500
0.32388   0.51113   2.50797   -0.03400   0.01600   0.17400   0.00500
0.33288   0.51513   2.41997   -0.05500   -0.00400   -0.00100   0.00500
0.30988   0.45013   2.36797   0.09700   0.19200   -0.08700   0.00500
0.40688   0.64213   2.28097   -0.00900   0.09300   -0.15900   0.00500
0.39963   0.71702   2.15292   0.02300   -0.00400   -0.00700   0.00500
0.39788   0.73513   2.12197   -0.00900   0.15500   -0.13500   0.00500
0.40688   0.64213   2.28097   0.11100   0.15600   -0.05900   0.00500
0.07691   0.13049   2.21998   0.08000   -0.15100   0.20900   0.00700
0.15691   -0.02051   2.42898   0.06200   -0.20400   0.20300   0.00600
0.21891   -0.22451   2.63198   0.00600   -0.21500   0.38200   0.00500
0.09412   0.11982   2.43793   0.04200   -0.04800   -0.05600   0.00500
0.13612   0.07182   2.38193   0.25700   -0.10800   -0.03500   0.00500
0.10013   0.11610   2.51394   0.10800   0.13700   0.18600   0.00700
0.20813   0.25310   2.69994   0.07300   0.03400   0.15300   0.00700
0.28113   0.28710   2.85294   0.02800   -0.00600   0.14800   0.00500
0.30913   0.28110   3.00094   0.10200   -0.02000   0.37400   0.00500
0.30913   0.28110   3.00094   0.02200   0.06700   0.14400   0.00500
0.33113   0.34810   3.14494   0.09400   0.00500   0.17900   0.00500
0.33113   0.34810   3.14494   0.04800   0.06800   0.12200   0.00500
0.28962   0.28528   2.89782   0.07200   0.12300   0.13200   0.00500
0.36162   0.40828   3.02982   0.10900   0.06200   0.20900   0.00500
0.29589   0.28393   2.93098   0.08000   -0.14000   0.07800   0.00500
0.37589   0.14393   3.00898   0.06600   -0.02400   0.14800   0.00500
0.28113   0.28710   2.85294   0.11200   -0.10000   0.18200   0.00500
0.39313   0.18710   3.03494   0.03800   -0.10700   0.18500   0.00500
0.26343   0.27885   2.81585   -0.00400   0.01100   0.02100   0.00500
0.21891   -0.22451   2.63198   0.09300   -0.12000   0.07200   0.00500
0.31191   -0.34451   2.70398   -0.02100   -0.10500   0.21400   0.00500
0.06800   0.13600   2.10793   -0.06200   -0.02300   0.11100   0.00800
0.00600   0.11300   2.21893   -0.00400   -0.03800   0.02600   0.00800
0.00200   0.07500   2.24493   0.04200   -0.16000   0.46400   0.00500
0.06800   0.13600   2.10793   0.01000   0.10100   0.03300   0.00900
0.07800   0.23700   2.14093   0.14000   0.08800   0.26200   0.00900
0.21800   0.32500   2.40293   0.01600   0.01400   0.16100   0.00800
0.23400   0.33900   2.56393   0.10500   -0.01200   0.38800   0.00500
0.22943   0.33500   2.51799   0.03500   -0.00000   0.00100   0.00500
0.26443   0.33500   2.51899   0.06700   -0.01500   0.05500   0.00500
0.33143   0.32000   2.57399   0.08600   -0.00100   0.12000   0.00500
0.41743   0.31900   2.69399   0.07300   -0.03400   0.17800   0.00500
0.41743   0.31900   2.69399   0.07600   -0.08900   0.16900   0.00500
0.22137   0.32795   2.43690   0.04600   0.11700   0.13600   0.00500
0.26737   0.44495   2.57290   0.06600   0.07400   0.20300   0.00500
0.23400   0.33900   2.56393   -0.01500   0.10600   0.16100   0.00500
0.21900   0.44500   2.72493   0.06900   -0.00200   0.17100   0.00500
0.21900   0.44500   2.72493   -0.00400   0.06600   0.08100   0.00500
0.02800   0.12400   0.65000   -0.03100   0.11300   0.10800   0.01900
-0.00300   0.23700   0.75800   -0.12200   0.33700   0.06600   0.01700
-0.05406   0.37805   0.78562   0.16200   0.03700   0.16800   0.00700
0.10794   0.41505   0.95362   0.04000   0.12900   0.02900   0.00500
-0.10109   0.50795   0.81107   0.04100   -0.01400   0.11500   0.00500
-0.06009   0.49395   0.92607   0.07400   -0.10900   0.06600   0.00500
-0.12500   0.57400   0.82400   -0.39400   -0.05800   0.59000   0.00500
-0.12500   0.57400   0.82400   -0.09500   0.33300   -0.06300   0.01200
-0.13813   0.62002   0.81529   -0.16500   0.07200   0.22300   0.00500
-0.22000   0.90700   0.76100   -0.09100   0.10500   0.05500   0.01000
-0.31100   1.01200   0.81600   -0.16200   0.09700   -0.01800   0.00700
-0.47300   1.10900   0.79800   -0.10300   -0.00300   0.20300   0.00500
-0.57600   1.10600   1.00100   -0.17600   0.00400   0.38200   0.00500
-0.75200   1.11000   1.38300   -0.04200   -0.00500   0.19300   0.00500
-0.54059   1.10703   0.93121   -0.10200   0.01500   0.04600   0.00500
-0.64259   1.12203   0.97721   -0.08300   0.04500   0.07900   0.00500
-0.47300   1.10900   0.79800   -0.09500   0.04500   -0.06600   0.00500
-0.56800   1.15400   0.73200   -0.07900   0.03200   -0.10200   0.00500
-0.56800   1.15400   0.73200   -0.23100   0.07800   0.25600   0.00500
-0.64700   1.18600   0.63000   -0.03500   0.12100   -0.07100   0.00500
-0.68200   1.30700   0.55900   0.11000   0.11200   -0.27200   0.00500
-0.57200   1.41900   0.28700   0.03200   0.08600   -0.07900   0.00500
0.05299   0.17398   1.15180   -0.06100   0.12900   0.15900   0.01500
-0.00801   0.30298   1.31080   -0.19500   0.54700   -0.00300   0.01400
-0.02978   0.36406   1.31047   0.02100   -0.01200   0.06100   0.00500
-0.00878   0.35206   1.37147   0.04600   -0.09100   0.02200   0.00500
-0.03435   0.37686   1.31040   -0.09300   0.03800   0.09500   0.00500
-0.12735   0.41486   1.40540   -0.05100   0.00300   -0.00800   0.00500
-0.17835   0.41786   1.39740   -0.09400   0.04800   -0.19100   0.00500
-0.05007   0.42096   1.31016   -0.10700   -0.05600   -0.10800   0.00500
-0.15707   0.36496   1.20216   -0.04500   -0.04200   -0.08400   0.00500
-0.20207   0.32296   1.11816   -0.03300   0.01800   -0.12600   0.00500
-0.20301   0.84998   1.30780   -0.20300   -0.15300   0.22500   0.00500
-0.40601   0.69698   1.53280   -0.10800   -0.06700   0.17600   0.00500
-0.40601   0.69698   1.53280   0.01400   -0.12300   0.08800   0.00500
-0.20301   0.84998   1.30780   -0.16100   0.10900   0.02200   0.01000
-0.36401   0.95898   1.32980   -0.15300   0.01800   0.03300   0.00900
-0.51701   0.97698   1.36280   -0.14900   -0.00700   -0.03000   0.00500
-0.66601   0.96998   1.33280   -0.14600   -0.02400   0.06200   0.00500
-0.81201   0.94598   1.39480   -0.07200   -0.03100   0.08200   0.00500
-0.88401   0.91498   1.47680   -0.01400   -0.02500   0.11500   0.00500
-0.88401   0.91498   1.47680   -0.14100   -0.09400   0.14500   0.00500
-0.83770   0.93492   1.42406   -0.05600   -0.03500   0.00300   0.00500
-0.89370   0.89992   1.42706   -0.12500   -0.10400   0.11000   0.00500
-0.81201   0.94598   1.39480   -0.08700   -0.09900   0.04400   0.00500
-0.74399   0.95716   1.36592   -0.05400   0.11000   0.01300   0.00500
-0.79799   1.06716   1.37892   -0.15000   -0.01900   0.20400   0.00500
-0.58391   0.97384   1.34933   -0.03000   -0.06400   -0.03500   0.00500
-0.55700   0.97510   1.35475   -0.03100   0.01700   -0.02200   0.00500
-0.51701   0.97698   1.36280   0.03300   0.03600   0.03700   0.00500
-0.48401   1.01298   1.39980   -0.17400   0.03300   0.15500   0.00500
101
0.11593   -0.86863   0.44731   -0.04800   -0.02400   -0.03900   0.03300
0.32200   -0.99600   0.25900   -0.07800   -0.01200   -0.01400   0.04000
0.32600   -0.88800   0.18000   0.00200   -0.03400   -0.07100   0.03900
0.18184   -0.80795   0.13202   0.07200   0.00900   -0.04800   0.04400
0.18184   -0.80795   0.13202   -0.06100   0.01000   -0.01600   0.03200
0.68890   -0.92826   0.31947   -0.04700   -0.01500   -0.04400   0.03300
0.47213   -0.79181   0.39404   0.01000   0.04700   -0.05000   0.03500
0.64090   -0.72926   0.64847   0.03200   0.04000   -0.01700   0.02700
0.35250   0.00600   0.48300   -0.01700   -0.01300   -0.05500   0.03000
0.24475   -0.07922   0.50671   0.06200   -0.01600   -0.00400   0.03200
0.16602   0.07199   0.70815   0.01800   -0.00400   -0.09100   0.04600
0.14925   0.16450   0.48610   -0.01800   0.00200   -0.07600   0.03900
0.53325   1.10148   0.97726   0.01184   0.02429   -0.06600   0.03600
0.40996   1.04950   0.83720   -0.02473   -0.03958   0.03800   0.03000
0.40996   1.04950   0.83720   -0.00832   0.04939   -0.05100   0.03600
0.32660   0.85988   0.54336   -0.03132   -0.06881   -0.01200   0.03800
0.32660   0.85988   0.54336   0.05928   0.05884   -0.01800   0.04300
0.54180   1.32110   1.18113   -0.04700   0.05688   -0.03700   0.04100
0.24581   0.11285   1.06522   -0.00100   -0.00300   -0.08400   0.04200
0.36456   -0.08378   1.15776   0.00400   0.10700   -0.01500   0.05400
0.44556   0.02322   0.77676   -0.00200   0.00400   -0.07500   0.03800
0.32096   -0.30149   1.27859   0.00900   -0.02300   -0.06800   0.03600
0.38232   -0.23403   1.14271   0.01200   0.01500   0.05200   0.02800
0.45555   -0.33289   0.82286   0.05400   0.02900   0.03600   0.03600
0.45555   -0.33289   0.82286   -0.05300   0.01400   -0.04600   0.03600
-0.08586   -0.73603   0.93372   0.01400   -0.00000   -0.08200   0.04200
0.07187   -0.47409   1.03239   -0.00000   0.03200   -0.05800   0.03300
0.21682   -0.61900   0.90411   0.05100   -0.04100   -0.00500   0.03300
0.45435   -0.86183   0.64448   -0.01900   0.00300   -0.08000   0.04100
0.63197   -0.66668   0.69523   0.02700   0.05700   -0.02500   0.03400
0.26238   0.07810   0.64540   -0.02100   0.03800   -0.10000   0.05500
0.22683   -0.32402   0.80676   -0.00500   -0.00400   -0.07000   0.03500
0.32096   -0.54414   0.73590   0.01000   -0.01000   -0.08600   0.04400
0.37091   0.35448   1.57813   0.00900   -0.02200   -0.06000   0.03200
0.55883   0.44808   1.94496   0.01800   -0.02400   -0.05400   0.03100
0.71874   0.53662   2.20482   0.04900   0.00800   -0.01300   0.02600
0.70193   0.55423   2.16483   0.01400   -0.04600   -0.06100   0.03900
0.65583   0.59708   2.28696   -0.09100   0.01100   0.00400   0.04600
0.52045   0.64998   2.24303   0.00100   0.01900   -0.06100   0.03200
0.52102   0.62750   2.20670   0.04300   -0.06000   -0.02000   0.03800
0.60495   0.58178   2.21273   -0.09300   -0.03600   0.03100   0.05200
0.64479   0.59376   2.27085   -0.07000   -0.01500   -0.02700   0.03800
-0.03558   0.45626   1.67063   -0.05700   -0.03300   -0.07400   0.05000
0.03283   0.50752   1.69205   -0.01200   -0.02000   -0.05700   0.03100
0.28050   0.00067   1.44520   -0.05200   -0.02500   -0.09500   0.05600
0.19270   0.20267   1.71096   -0.02500   0.01200   -0.07500   0.04000
0.14260   -0.26905   1.73705   0.02100   -0.00300   -0.08700   0.04500
0.19660   -0.12605   1.73205   -0.02000   0.00500   -0.09000   0.04600
0.22676   -0.04016   1.81927   -0.01200   0.01400   -0.07500   0.03900
0.43017   0.16091   1.88633   -0.00600   -0.02400   -0.07000   0.03700
0.80942   -0.02995   2.06614   0.04500   -0.03500   -0.03300   0.03300
0.25670   0.02467   1.95096   0.02900   0.00500   -0.05700   0.03200
0.25670   0.02467   1.95096   -0.07800   -0.03700   0.01500   0.04400
0.33879   0.26481   1.92993   0.04900   -0.00000   -0.06300   0.04000
0.59370   0.13467   2.52796   0.02300   -0.05100   -0.04200   0.03500
0.65739   -0.01364   2.29508   0.03600   0.06100   -0.00100   0.03500
0.12991   0.27067   1.62315   -0.02800   -0.02500   -0.05900   0.03500
0.11900   0.38667   1.71225   0.01300   0.04400   -0.06700   0.04100
0.02469   0.39333   1.70884   0.02700   0.06200   -0.04200   0.04000
-0.03954   0.41067   1.86170   -0.01000   -0.04400   0.04000   0.03000
-0.03954   0.41067   1.86170   -0.01600   0.03500   0.04700   0.03000
0.02519   0.39319   1.70764   -0.01400   -0.06900   0.02600   0.03800
0.20107   0.78282   2.28968   -0.02600   0.04300   -0.06700   0.04200
0.10763   0.75560   1.97095   0.04300   0.04400   -0.00700   0.03100
0.06170   0.76967   1.79995   -0.02400   0.01600   -0.06600   0.03600
0.34328   -0.13287   2.37745   -0.05800   -0.01000   -0.05500   0.04000
0.43798   -0.35997   2.46495   0.03300   -0.02100   -0.05800   0.03500
0.39698   -0.32497   2.50195   0.00300   -0.01800   -0.07400   0.03800
0.42896   -0.22756   2.34307   0.02300   0.01900   -0.07000   0.03800
0.39573   -0.26833   2.20575   -0.06800   -0.07200   -0.02800   0.05100
0.16346   0.24634   2.28012   0.02600   0.01800   -0.06900   0.03800
0.30662   0.35397   2.29141   0.00100   -0.02000   -0.07300   0.03800
0.33202   0.29992   2.26932   0.00200   0.00100   -0.06700   0.03400
0.21587   0.41704   2.30430   0.04600   -0.02500   -0.02700   0.02900
0.37589   0.38914   2.65283   -0.02600   -0.00400   -0.05700   0.03100
0.32388   0.51113   2.50797   0.05000   0.03800   -0.02800   0.03400
0.27788   0.51113   2.41897   -0.00500   0.07400   -0.02100   0.03900
0.39788   0.73513   2.12197   -0.04000   -0.05000   -0.04800   0.04000
0.39788   0.73513   2.12197   0.05200   0.05600   0.02700   0.04100
0.42263   0.71302   2.14592   0.04000   -0.05900   0.00600   0.03600
0.29749   -0.41659   2.85090   0.02200   -0.06600   -0.02300   0.03700
0.29765   -0.41581   2.84930   -0.06000   0.06000   0.02700   0.04500
0.20688   -0.18492   2.59258   0.01600   0.04100   -0.06700   0.04000
0.13612   0.07182   2.38193   -0.00200   -0.08700   -0.00500   0.04400
0.31850   0.30962   3.06226   0.04900   -0.04900   0.06200   0.04600
0.40800   0.13226   3.08099   0.03400   0.03200   -0.03900   0.03000
0.25943   0.28985   2.83685   0.03700   0.05800   -0.00200   0.03400
0.31191   -0.34451   2.70398   0.01900   -0.04100   -0.06200   0.03800
0.22968   0.36948   2.61024   0.05200   -0.00700   0.04600   0.03500
-0.57200   1.41900   0.28700   -0.03500   0.04400   -0.02600   0.03100
-0.57200   1.41900   0.28700   0.05100   -0.08900   -0.04400   0.05600
-0.23507   0.34096   0.99216   -0.01500   -0.01400   -0.08600   0.04400
-0.18354   0.34024   1.15273   -0.03900   -0.06300   0.00800   0.03700
-0.17101   0.35194   1.17613   0.01800   0.02600   -0.09400   0.05000
-0.83900   0.91526   1.40845   -0.00600   0.00100   -0.07300   0.03700
-0.81201   0.94598   1.39480   -0.00800   0.05600   -0.05200   0.03800
-0.61391   0.90984   1.31433   -0.04300   0.04600   -0.06200   0.04400
-0.58800   0.99210   1.33275   0.02000   -0.00800   -0.07700   0.04000
-0.58800   0.99210   1.33275   -0.00600   0.05200   0.05900   0.03900
-0.50722   1.01738   1.42048   0.05300   0.03700   0.04500   0.03900
-0.50515   1.01699   1.41864   -0.11500   0.04600   -0.04400   0.06600
