96
0.000000 0.000000 0.000000 0.000000 0.000000 0.500000 0.030000
0.000000 0.000000 0.500000 -0.931769 0.000000 2.560015 0.020441
-0.232942 0.000000 1.140004 0.039978 -0.144627 -0.056401 0.009240
-0.219616 -0.048209 1.121204 -0.053207 -0.041853 -0.010039 0.010182
-0.206290 -0.096418 1.102403 -0.014870 -0.048872 -0.007765 0.009099
-0.192964 -0.144627 1.083603 -0.014739 -0.016535 0.002598 0.008943
-0.192964 -0.144627 1.083603 0.025839 -0.001204 -0.016918 0.009613
-0.465885 0.000000 1.780008 -0.020220 -0.054255 0.017560 0.009107
-0.486105 -0.054255 1.797567 -0.085723 0.010511 0.036390 0.008816
-0.470940 -0.013564 1.784398 0.018590 -0.018486 -0.007720 0.009277
-0.475995 -0.027128 1.788787 0.014312 -0.115472 0.056322 0.010875
-0.481050 -0.040692 1.793177 0.065841 -0.138812 0.013668 0.011900
-0.486105 -0.054255 1.797567 0.019343 -0.039767 -0.004041 0.009620
-0.698827 0.000000 2.420011 -0.025163 -0.140774 0.060953 0.009205
-0.723990 -0.140774 2.480964 -0.063419 -0.004792 -0.037345 0.010500
-0.931769 0.000000 3.060015 -0.019877 -0.042569 0.034437 0.010500
-0.951647 -0.042569 3.094452 -0.136129 -0.000118 0.078038 0.010746
-0.941708 -0.021285 3.077234 0.024409 -0.070356 0.043869 0.009610
-0.951647 -0.042569 3.094452 -0.006144 -0.030220 0.019525 0.012037
-0.232942 0.000000 1.140004 0.019501 0.094259 0.003870 0.009929
-0.228067 0.023565 1.140971 0.081028 -0.013048 -0.012113 0.008966
-0.223192 0.047129 1.141939 0.135497 0.093581 0.062786 0.009186
-0.218317 0.070694 1.142906 0.029323 0.009519 0.000426 0.009525
-0.213442 0.094259 1.143874 0.068208 0.083793 0.010973 0.007582
-0.213442 0.094259 1.143874 -0.026309 0.035523 -0.016970 0.011366
-0.465885 0.000000 1.780008 0.043378 0.136469 -0.138389 0.009304
-0.444196 0.068235 1.710813 0.072185 0.040754 -0.032308 0.009283
-0.422507 0.136469 1.641619 0.138524 -0.008819 -0.025138 0.008638
-0.444196 0.068235 1.710813 -0.034207 0.110555 -0.081445 0.009573
-0.422507 0.136469 1.641619 -0.000057 0.000317 -0.000308 0.009625
-0.698827 0.000000 2.420011 0.010303 0.096925 -0.033685 0.010031
-0.688524 0.096925 2.386326 0.038555 0.020847 -0.059072 0.009308
-0.695393 0.032308 2.408783 -0.029600 0.063736 -0.064991 0.010996
-0.691958 0.064617 2.397555 -0.090038 0.051554 0.032462 0.008040
-0.688524 0.096925 2.386326 -0.033738 0.019041 0.010280 0.011034
-0.931769 0.000000 3.060015 -0.009060 0.204376 -0.009236 0.009022
-0.936299 0.102188 3.055397 0.147496 0.031561 -0.033085 0.009546
-0.940830 0.204376 3.050779 0.156120 0.072225 -0.098875 0.011309
-0.940830 0.204376 3.050779 -0.044439 0.010076 -0.008772 0.009812
0.000000 0.000000 0.500000 0.954335 -0.000000 2.622014 0.018930
0.238584 -0.000000 1.155504 -0.015251 0.175242 0.071910 0.010194
0.233500 0.058414 1.179474 0.072685 0.132877 0.052938 0.009907
0.228417 0.116828 1.203444 0.062434 0.075701 0.034078 0.010335
0.223333 0.175242 1.227414 0.115763 -0.035658 0.004975 0.011492
0.230958 0.087621 1.191459 -0.072128 0.085284 0.046557 0.009805
0.223333 0.175242 1.227414 -0.025735 0.030410 -0.010978 0.009089
0.477168 -0.000000 1.811007 -0.026948 0.145179 -0.010322 0.010094
0.463694 0.072590 1.805846 0.112950 0.075318 0.033843 0.007593
0.450220 0.145179 1.800685 0.087943 -0.011751 -0.053192 0.008991
0.468185 0.048393 1.807566 -0.094529 -0.022887 -0.004242 0.009841
0.459202 0.096786 1.804126 -0.110949 0.008789 -0.052017 0.009063
0.450220 0.145179 1.800685 -0.052663 0.002900 -0.004439 0.011403
0.715751 -0.000000 2.466511 0.030624 0.156002 0.102307 0.009241
0.725959 0.052001 2.500613 0.153598 0.060004 0.045339 0.009770
0.736167 0.104001 2.534715 0.075969 0.027502 -0.000154 0.008716
0.746376 0.156002 2.568818 0.092809 0.112325 0.033405 0.008830
0.746376 0.156002 2.568818 -0.033220 0.029314 0.002768 0.009040
0.954335 -0.000000 3.122014 0.042496 0.162591 0.071912 0.010994
0.975583 0.081295 3.157970 0.043095 0.023036 -0.002290 0.010302
0.996831 0.162591 3.193926 -0.006920 -0.001927 -0.001261 0.009792
0.968500 0.054197 3.145985 -0.055234 0.069616 0.006988 0.010240
0.982666 0.108394 3.169955 -0.040170 0.018800 -0.003997 0.011141
0.996831 0.162591 3.193926 -0.097493 0.115289 0.046357 0.010033
0.190867 -0.000000 1.024403 0.041350 -0.131011 0.036289 0.009032
0.204650 -0.043670 1.036499 -0.105263 -0.083362 0.086493 0.009869
0.218433 -0.087341 1.048596 -0.029930 -0.135323 0.088615 0.010077
0.232217 -0.131011 1.060692 -0.091145 -0.063017 0.042684 0.012722
0.204650 -0.043670 1.036499 0.115522 0.014712 -0.021256 0.010306
0.218433 -0.087341 1.048596 0.116825 -0.048360 0.006399 0.010714
0.232217 -0.131011 1.060692 0.062141 -0.002880 0.033782 0.010371
0.381734 -0.000000 1.548806 0.052046 -0.135490 0.038872 0.009236
0.399083 -0.045163 1.561763 -0.006250 -0.084273 -0.006490 0.010290
0.416431 -0.090327 1.574720 -0.045544 -0.053269 0.042058 0.009196
0.433780 -0.135490 1.587678 -0.104907 -0.103013 0.012751 0.010107
0.399083 -0.045163 1.561763 0.044443 0.017520 0.040928 0.011340
0.416431 -0.090327 1.574720 -0.018763 0.002153 0.000342 0.008761
0.433780 -0.135490 1.587678 0.087075 -0.064321 -0.045573 0.010971
0.572601 -0.000000 2.073208 -0.007881 -0.125542 0.011098 0.010801
0.568661 -0.062771 2.078758 -0.138443 -0.053494 -0.029895 0.009411
0.564720 -0.125542 2.084307 -0.050628 -0.056160 -0.005223 0.009821
0.570631 -0.031386 2.075983 0.034310 -0.052696 0.001503 0.007994
0.568661 -0.062771 2.078758 0.110812 -0.076009 0.006931 0.009658
0.566690 -0.094157 2.081532 0.057527 -0.003793 -0.015047 0.010506
0.564720 -0.125542 2.084307 0.135589 -0.020893 0.011046 0.011122
0.763468 -0.000000 2.597611 0.000697 -0.064293 -0.003676 0.011519
0.763816 -0.032147 2.595773 -0.044736 -0.007421 0.000631 0.010568
0.764165 -0.064293 2.593935 -0.111876 -0.107234 0.015966 0.010141
0.763700 -0.021431 2.596386 -0.005895 0.003821 0.001227 0.008805
0.763932 -0.042862 2.595161 0.030295 -0.067286 -0.008858 0.009314
0.764165 -0.064293 2.593935 0.110495 -0.025549 -0.075574 0.009703
0.954335 -0.000000 3.122014 -0.008746 -0.290203 -0.097038 0.008601
0.951420 -0.096734 3.089668 -0.141578 -0.025727 -0.029568 0.009666
0.948504 -0.193469 3.057322 -0.021106 -0.055688 -0.019126 0.010741
0.945589 -0.290203 3.024976 -0.065738 -0.110694 -0.019460 0.009647
0.949962 -0.145101 3.073495 0.111235 -0.039245 0.035117 0.010096
0.945589 -0.290203 3.024976 0.106457 -0.086740 -0.093471 0.010171
75
-0.069978 -0.005182 0.695109 0.040435 -0.027320 -0.096086 0.053884
-0.156062 0.002308 0.906373 -0.003474 0.010445 -0.091850 0.046253
-0.229622 -0.006195 1.132990 0.035365 -0.065978 -0.074697 0.052876
-0.309454 0.004723 1.333483 0.004798 0.019946 -0.083852 0.043162
-0.387817 0.007916 1.547831 0.001860 0.035050 -0.083430 0.045256
-0.466092 -0.000485 1.770719 -0.001982 -0.004632 -0.088783 0.044463
-0.542391 0.002620 1.973102 0.005771 0.013248 -0.102338 0.051677
-0.622833 -0.002772 2.186492 -0.007528 -0.012622 -0.091903 0.046535
-0.698631 0.001645 2.410118 0.001861 0.015577 -0.093695 0.047500
-0.779579 0.003479 2.613443 -0.012087 0.013544 -0.077485 0.039792
-0.847582 0.007886 2.828992 0.035719 0.043071 -0.096604 0.055820
-0.933226 -0.000628 3.051134 -0.017483 -0.007541 -0.106627 0.054157
-0.213519 -0.072614 1.102586 -0.005901 -0.003134 -0.096135 0.048184
-0.199746 -0.145392 1.076833 -0.079637 -0.008988 -0.079488 0.056438
-0.201793 -0.165757 1.081310 0.068389 -0.053174 -0.056598 0.051739
-0.484135 -0.063662 1.797150 0.020109 -0.096027 -0.004261 0.049101
-0.449999 -0.034998 1.768202 0.024890 -0.031202 -0.089719 0.049098
-0.465955 -0.136756 1.836994 -0.039011 0.053362 -0.074105 0.049651
-0.413382 -0.183517 1.795792 0.013002 -0.028573 -0.078675 0.042353
-0.723700 -0.138366 2.470748 0.002949 0.024536 -0.104099 0.053496
-0.953376 -0.041410 3.082597 -0.015304 0.010261 -0.104897 0.053251
-0.919033 -0.090899 3.111680 -0.021054 0.009008 -0.114397 0.058334
-0.188178 0.082376 1.134091 0.009360 0.024790 -0.105956 0.054610
-0.143146 0.173184 1.149422 0.030779 -0.071754 -0.079954 0.055876
-0.229962 0.107920 1.125337 -0.030632 -0.037315 -0.091477 0.051717
-0.234664 0.129852 1.116740 0.049174 0.000674 -0.098264 0.054942
-0.424368 0.142855 1.634662 -0.018470 0.063378 -0.069043 0.047762
-0.475076 0.180097 1.620487 0.034912 0.013713 -0.093200 0.050232
-0.416844 0.144353 1.642938 0.058284 0.077111 0.016581 0.049035
-0.782277 0.120429 2.423203 -0.003744 0.056722 -0.090757 0.053545
-0.938821 0.202631 3.041335 0.022017 -0.019126 -0.103526 0.053778
-0.788525 0.140122 3.015210 0.003087 0.070534 -0.078611 0.052830
0.114604 -0.002707 0.809613 -0.025843 -0.014921 -0.099991 0.052174
0.236459 0.001286 1.145617 -0.019427 0.011759 -0.090377 0.046593
0.357930 -0.000267 1.464328 0.000271 -0.001334 -0.094579 0.047294
0.478495 -0.000678 1.801023 0.012271 -0.006272 -0.092295 0.046659
0.584608 -0.013859 2.143838 -0.065881 -0.077046 0.028237 0.052616
0.715417 -0.001186 2.457353 -0.003181 -0.011295 -0.087197 0.043992
0.832562 0.003621 2.775849 -0.012272 0.017910 -0.091062 0.046807
0.955544 0.002543 3.113887 0.014806 0.031151 -0.099562 0.052683
0.239830 0.089308 1.187639 0.094423 0.017958 -0.040658 0.052181
0.223341 0.175642 1.218333 0.000076 0.003992 -0.090656 0.045372
0.268903 0.123553 1.196166 -0.008270 -0.011437 -0.086033 0.043592
0.308140 0.194576 1.223271 0.023454 0.039414 -0.109664 0.059434
0.290235 0.187862 1.228321 -0.005618 -0.042624 -0.084044 0.047201
0.338947 0.138219 1.220979 -0.001197 -0.010965 -0.091598 0.046130
0.198380 0.203238 1.207708 0.009098 -0.028113 -0.101632 0.052920
0.449216 0.152851 1.792308 -0.008252 0.063092 -0.068891 0.046890
0.372048 0.024080 1.793721 -0.014696 -0.013034 -0.087798 0.044984
0.407668 0.098952 1.770266 0.042605 -0.024100 -0.084894 0.048997
0.348313 0.105642 1.743046 0.000561 0.000622 -0.084376 0.042190
0.399984 0.137946 1.791616 0.023645 -0.098741 -0.045117 0.055553
0.746395 0.154870 2.559849 0.000192 -0.011214 -0.088926 0.044815
0.715544 0.185389 2.562867 0.026321 0.000812 -0.096085 0.049814
0.993871 0.158750 3.185142 -0.028086 -0.036435 -0.083334 0.047594
0.909104 0.127634 3.144432 -0.039443 0.036202 -0.080919 0.048513
0.946455 0.129210 3.155742 0.040448 0.020596 -0.104371 0.056907
0.098717 -0.133549 1.115611 -0.007080 -0.068864 -0.077995 0.052143
0.190598 -0.222735 1.127354 0.019141 -0.000653 -0.090102 0.046057
0.141356 -0.192106 1.090803 0.001900 0.012815 -0.083833 0.042414
0.319131 -0.033776 1.006192 -0.010105 -0.046759 -0.087864 0.050022
0.292969 -0.134446 1.084212 -0.013356 -0.005340 -0.098762 0.049902
0.442290 -0.141398 1.584067 0.081620 -0.056656 -0.034625 0.052609
0.444773 -0.029087 1.591513 0.011474 -0.013285 -0.102833 0.052160
0.558504 -0.120970 2.076298 -0.056482 0.041543 -0.072766 0.050525
0.429906 -0.116122 2.039458 -0.003423 0.001565 -0.103362 0.051715
0.512941 -0.183420 2.069484 -0.008816 -0.013165 -0.073580 0.037634
0.624345 -0.097951 2.055980 0.001139 -0.000008 -0.093179 0.046593
0.693111 -0.148848 2.087225 -0.061237 -0.020521 -0.069143 0.047307
0.765046 -0.063960 2.584279 0.009557 0.003613 -0.104721 0.052609
0.941412 -0.288578 3.015845 -0.041909 0.016309 -0.091624 0.051033
0.817655 -0.119870 3.055033 0.093965 0.031153 -0.060933 0.058122
0.924948 -0.240848 3.031843 -0.021088 0.071516 -0.054677 0.046230
1.063620 -0.187928 3.099488 0.020908 -0.030905 -0.078742 0.043568
1.050576 -0.385910 2.926936 -0.013496 -0.082361 -0.041962 0.046707
0
