62
0.000000 0.000000 0.000000 0.000000 0.000000 0.500000 0.030000
0.000000 0.000000 0.500000 -0.704280 0.000000 2.628409 0.022053
-0.234760 0.000000 1.376136 -0.009971 -0.067662 -0.049387 0.010575
-0.239746 -0.033831 1.351443 -0.023176 -0.027091 -0.030502 0.010061
-0.244731 -0.067662 1.326750 -0.084818 -0.076695 -0.090261 0.008971
-0.244731 -0.067662 1.326750 0.009674 -0.039492 -0.027724 0.008555
-0.469520 0.000000 2.252273 0.054340 -0.112627 -0.022285 0.010090
-0.415180 -0.112627 2.229988 -0.008930 -0.144717 -0.046264 0.009863
-0.455935 -0.028157 2.246702 0.071956 0.015221 -0.024540 0.010703
-0.442350 -0.056314 2.241130 0.038863 -0.006277 -0.012328 0.010856
-0.428765 -0.084470 2.235559 0.046379 -0.007409 -0.009968 0.009292
-0.415180 -0.112627 2.229988 0.106018 0.090570 -0.011784 0.009058
-0.704280 0.000000 3.128409 -0.039316 -0.111137 0.136117 0.008191
-0.723938 -0.055568 3.196468 -0.025282 -0.007055 0.009498 0.008520
-0.743597 -0.111137 3.264526 -0.026596 -0.004559 0.026269 0.010222
-0.723938 -0.055568 3.196468 0.092071 -0.169208 -0.021897 0.009709
-0.743597 -0.111137 3.264526 0.088367 -0.107675 0.048474 0.011328
-0.234760 0.000000 1.376136 -0.015164 0.071758 0.049357 0.009229
-0.239815 0.023919 1.392589 0.116968 0.150100 0.007365 0.010685
-0.244870 0.047839 1.409041 0.104329 0.071010 0.003947 0.009946
-0.249924 0.071758 1.425494 0.095036 0.066621 0.057939 0.009949
-0.242342 0.035879 1.400815 -0.058811 0.037101 0.062780 0.009648
-0.249924 0.071758 1.425494 -0.073255 0.042771 0.016461 0.008749
-0.469520 0.000000 2.252273 0.055919 0.128585 -0.103538 0.010169
-0.441561 0.064293 2.200504 0.085728 -0.025217 -0.029646 0.009011
-0.413601 0.128585 2.148734 0.136693 0.034513 -0.080430 0.010759
-0.413601 0.128585 2.148734 -0.068118 0.049677 -0.053297 0.011473
-0.704280 0.000000 3.128409 0.003467 0.112448 -0.055276 0.010196
-0.703124 0.037483 3.109984 0.139685 0.051868 -0.055955 0.009055
-0.701969 0.074966 3.091559 0.123280 0.021027 0.023622 0.010956
-0.700813 0.112448 3.073133 0.083016 0.032941 -0.018989 0.009502
-0.702547 0.056224 3.100771 -0.106696 0.128024 -0.063242 0.009704
-0.700813 0.112448 3.073133 -0.031460 0.020290 -0.011377 0.012032
0.000000 0.000000 0.500000 0.718962 -0.000000 2.683202 0.019914
0.239654 -0.000000 1.394401 0.035187 0.183229 0.101679 0.010962
0.257247 0.091615 1.445240 0.058518 -0.014517 -0.013940 0.009993
0.274841 0.183229 1.496079 0.103126 -0.003375 -0.027524 0.010531
0.257247 0.091615 1.445240 -0.006495 0.021157 0.010127 0.009732
0.274841 0.183229 1.496079 -0.011886 0.007238 0.007899 0.009251
0.479308 -0.000000 2.288802 0.011197 0.098811 0.028867 0.009744
0.483040 0.032937 2.298424 0.072735 0.063365 -0.035725 0.010175
0.486772 0.065874 2.308046 0.083075 0.033194 -0.005233 0.009364
0.490505 0.098811 2.317669 0.050685 0.003739 0.007252 0.010426
0.484906 0.049405 2.303235 -0.043188 0.041136 -0.006106 0.008769
0.490505 0.098811 2.317669 -0.181179 -0.002848 0.008556 0.009102
0.718962 -0.000000 3.183202 -0.004618 0.052604 -0.066366 0.011997
0.717423 0.017535 3.161080 0.103543 -0.026552 -0.033369 0.008651
0.715883 0.035069 3.138958 0.076206 0.062568 -0.042724 0.011385
0.714344 0.052604 3.116836 0.010978 0.030282 -0.028162 0.012207
0.716653 0.026302 3.150019 -0.105482 0.033334 -0.171903 0.012020
0.714344 0.052604 3.116836 -0.067775 -0.005409 -0.011951 0.008962
0.239654 -0.000000 1.394401 -0.038908 -0.135960 -0.000870 0.009043
0.220200 -0.067980 1.393966 -0.136489 -0.017933 0.053758 0.009862
0.200746 -0.135960 1.393531 -0.065910 0.021273 0.004615 0.010272
0.200746 -0.135960 1.393531 0.071919 -0.080722 0.071874 0.009089
0.479308 -0.000000 2.288802 0.060110 -0.150205 0.069486 0.008913
0.539418 -0.150205 2.358288 0.005059 -0.073740 0.020993 0.010551
0.509363 -0.075103 2.323545 0.113319 -0.016714 0.036375 0.009695
0.539418 -0.150205 2.358288 0.141883 -0.049953 0.030630 0.012027
0.718962 -0.000000 3.183202 0.013757 -0.087532 0.065868 0.011397
0.732719 -0.087532 3.249071 -0.040006 -0.021638 0.018725 0.009669
0.732719 -0.087532 3.249071 0.109686 -0.020365 0.060032 0.010000
59
-0.066199 0.004590 0.741690 0.016745 0.018171 -0.083743 0.043656
-0.141022 0.001487 1.003680 -0.000736 0.006593 -0.097577 0.048901
-0.211094 -0.001839 1.266548 0.000814 -0.007865 -0.094010 0.047171
-0.281480 -0.000353 1.529315 0.001064 -0.001617 -0.100937 0.050478
-0.352997 -0.001861 1.792247 -0.003979 -0.008641 -0.101974 0.051209
-0.421235 -0.005669 2.055776 0.006107 -0.025971 -0.097443 0.050514
-0.494794 -0.000548 2.317914 -0.008367 -0.002552 -0.102247 0.051310
-0.559793 -0.000185 2.580977 0.017986 -0.000915 -0.107739 0.054617
-0.632103 0.001039 2.843610 0.008601 0.005109 -0.107990 0.054226
-0.703539 -0.000063 3.118241 0.007399 -0.000624 -0.101535 0.050903
-0.244048 -0.060355 1.322351 0.008081 0.086474 -0.052052 0.050627
-0.263157 -0.058857 1.311097 -0.002588 0.022704 -0.108233 0.055310
-0.327446 -0.148614 1.228877 0.026354 -0.053357 -0.095411 0.056224
-0.450058 -0.036432 2.234906 0.013009 0.010713 -0.095864 0.048667
-0.434037 -0.074871 2.227355 -0.008311 0.002382 -0.112382 0.056357
-0.416382 -0.116983 2.222137 -0.011048 -0.040052 -0.072172 0.041638
-0.383899 -0.006375 2.213705 0.000863 0.070706 -0.091150 0.057681
-0.306329 -0.025327 2.210246 0.032444 -0.037445 -0.091117 0.051858
-0.743711 -0.111004 3.253200 -0.001144 0.001327 -0.113550 0.056782
-0.744172 -0.056285 3.203332 0.056568 0.071019 -0.029507 0.047735
-0.770196 -0.122733 3.283382 -0.000027 -0.065487 -0.068996 0.047563
-0.661921 -0.210817 3.308570 -0.054557 0.065189 -0.036122 0.046181
-0.249851 0.072355 1.416766 0.001043 0.008479 -0.124115 0.062204
-0.153805 0.137485 1.473583 0.012335 -0.010180 -0.112181 0.056658
-0.300705 0.073369 1.453965 0.004117 0.003569 -0.088467 0.044317
-0.318193 0.114896 1.434776 0.053685 0.003942 -0.077289 0.047094
-0.488001 0.186809 2.091066 -0.057875 0.078742 -0.040278 0.052849
-0.710880 0.118335 3.076098 -0.076517 0.044747 0.022536 0.045730
-0.564126 0.088979 3.045008 -0.007655 -0.004150 -0.100585 0.050481
-0.808045 0.191818 3.031578 0.012333 0.077962 -0.061293 0.049968
0.077829 -0.001596 0.778391 -0.012096 -0.009391 -0.116183 0.058594
0.161132 0.001544 1.076460 0.006670 0.007553 -0.096919 0.048721
0.240052 0.000575 1.385385 0.004372 0.006310 -0.098951 0.049624
0.320630 0.001088 1.672680 0.006071 0.006049 -0.110421 0.055376
0.398511 -0.001638 1.970843 -0.005017 -0.009012 -0.109051 0.054769
0.477557 -0.000277 2.280067 -0.016946 -0.002678 -0.084548 0.043136
0.560333 0.000137 2.567055 0.005767 0.000692 -0.100561 0.050364
0.632057 -0.009281 2.868909 -0.039511 -0.052232 -0.090941 0.056035
0.718513 -0.001550 3.171920 -0.003792 -0.013089 -0.095252 0.048111
0.272104 0.180721 1.487605 -0.027259 -0.024984 -0.084415 0.046079
0.314211 0.077005 1.421429 -0.016759 -0.001009 -0.106462 0.053889
0.374641 0.176758 1.459056 -0.029103 -0.027095 -0.083127 0.046074
0.489437 0.096010 2.309075 -0.012091 -0.031716 -0.097304 0.051527
0.550599 0.098029 2.254111 -0.049313 0.016448 -0.081807 0.048463
0.570435 0.099465 2.293477 0.006642 0.004494 -0.105661 0.052982
0.542613 0.105781 2.315111 0.015586 0.035369 -0.107400 0.057072
0.714423 0.052839 3.107878 0.000976 0.002918 -0.111113 0.055578
0.820337 -0.017509 3.129241 -0.007536 -0.101889 0.018352 0.051901
0.792373 0.098346 3.084874 0.002082 0.005189 -0.083223 0.041705
0.723691 0.083780 3.076609 -0.012380 0.006791 -0.091600 0.046341
0.218946 -0.067078 1.384226 -0.013261 0.009534 -0.102988 0.052138
0.200448 -0.132408 1.385170 -0.002702 0.032181 -0.075744 0.041171
0.093471 -0.087231 1.448241 0.088411 -0.011937 0.004682 0.044668
0.133584 -0.116462 1.388105 -0.010646 -0.015098 -0.085349 0.043663
0.509145 -0.075167 2.313853 -0.002093 -0.000615 -0.092957 0.046491
0.537387 -0.145445 2.347431 -0.015631 0.036643 -0.083567 0.046288
0.546962 -0.219534 2.370023 0.022954 0.040745 -0.085499 0.048726
0.628407 -0.096481 2.353638 0.067460 -0.054958 -0.074022 0.057119
0.682939 -0.200732 2.377017 0.015814 -0.005539 -0.114879 0.058047
0
