73
0.000000 0.000000 0.000000 0.000000 0.000000 0.500000 0.030000
0.000000 0.000000 0.500000 -2.137808 0.000000 1.496909 0.021688
-0.712603 0.000000 0.998970 0.048926 -0.092096 -0.026355 0.009627
-0.663677 -0.092096 0.972614 -0.022905 -0.064452 -0.006123 0.009370
-0.688140 -0.046048 0.985792 0.098548 -0.042854 -0.018520 0.010501
-0.663677 -0.092096 0.972614 0.059492 0.002982 0.017366 0.009900
-1.425205 0.000000 1.497940 -0.016385 -0.232045 -0.003628 0.010966
-1.430667 -0.077348 1.496730 -0.006641 -0.007157 -0.002525 0.010226
-1.436129 -0.154697 1.495521 -0.074711 -0.035428 0.047869 0.008506
-1.441591 -0.232045 1.494312 -0.082702 -0.116210 -0.015438 0.010007
-1.433398 -0.116023 1.496126 0.114398 -0.123758 0.003902 0.009796
-1.441591 -0.232045 1.494312 0.104030 -0.042505 -0.015624 0.009993
-2.137808 0.000000 1.996909 0.003338 -0.196067 -0.001698 0.010625
-2.136139 -0.098033 1.996060 -0.027872 -0.026554 -0.007839 0.009976
-2.134470 -0.196067 1.995211 -0.035019 -0.018917 0.002173 0.010095
-2.136695 -0.065356 1.996343 0.105363 -0.015039 0.001171 0.010334
-2.135583 -0.130711 1.995777 0.024772 -0.014597 -0.002835 0.010624
-2.134470 -0.196067 1.995211 0.164520 -0.055734 -0.048605 0.010844
-0.712603 0.000000 0.998970 -0.038101 0.246800 -0.049306 0.010158
-0.731653 0.123400 0.974317 0.109055 0.082686 -0.041651 0.008677
-0.750704 0.246800 0.949664 0.075146 0.072093 -0.055985 0.008995
-0.731653 0.123400 0.974317 -0.074648 0.004031 0.001136 0.010640
-0.750704 0.246800 0.949664 -0.077257 0.015579 -0.027597 0.011062
-1.425205 0.000000 1.497940 0.017300 0.148010 -0.008212 0.009699
-1.407906 0.148010 1.489728 0.144884 0.096230 0.034994 0.010165
-1.416555 0.074005 1.493834 -0.069665 0.052213 -0.007775 0.008934
-1.407906 0.148010 1.489728 -0.100068 0.042408 0.049969 0.010219
-2.137808 0.000000 1.996909 -0.012588 0.060839 -0.006748 0.008799
-2.142004 0.020280 1.994660 0.060549 0.054275 -0.025051 0.008164
-2.146200 0.040559 1.992411 0.117998 0.086339 -0.055626 0.011077
-2.150397 0.060839 1.990161 0.057011 0.033739 0.008983 0.008166
-2.144102 0.030419 1.993535 -0.153796 -0.022179 -0.034578 0.009421
-2.150397 0.060839 1.990161 -0.118453 0.047682 -0.001411 0.011939
0.000000 0.000000 0.500000 2.220223 -0.000000 1.554617 0.021906
0.555056 -0.000000 0.888654 0.026087 0.173347 -0.060583 0.008970
0.568099 0.086673 0.858363 0.079813 0.015576 0.006173 0.010993
0.581142 0.173347 0.828072 0.080196 -0.020002 -0.020515 0.010973
0.568099 0.086673 0.858363 -0.096356 0.051918 -0.034227 0.011785
0.581142 0.173347 0.828072 -0.073898 0.042659 -0.034196 0.010213
1.110111 -0.000000 1.277308 0.006136 0.222313 -0.003641 0.009222
1.113179 0.111156 1.275488 -0.006935 -0.001074 0.000657 0.009252
1.116247 0.222313 1.273667 -0.016846 -0.009861 -0.004056 0.009636
1.113179 0.111156 1.275488 -0.082233 -0.004601 -0.041409 0.011362
1.116247 0.222313 1.273667 -0.049467 0.002816 -0.000082 0.009455
1.665167 -0.000000 1.665962 0.008965 0.192146 0.012628 0.011149
1.668155 0.064049 1.670172 0.090916 0.006987 0.016746 0.007791
1.671143 0.128098 1.674381 0.160977 0.062275 0.027581 0.008391
1.674132 0.192146 1.678591 0.136770 0.008946 0.037925 0.009117
1.674132 0.192146 1.678591 -0.009578 0.008753 0.003204 0.010224
2.220223 -0.000000 2.054617 0.013142 0.210247 0.005077 0.008890
2.224603 0.070082 2.056309 0.094366 -0.013025 0.035264 0.010368
2.228984 0.140164 2.058001 0.058512 0.035425 0.023417 0.010701
2.233365 0.210247 2.059693 0.090867 -0.023219 0.018560 0.008783
2.226794 0.105123 2.057155 -0.047433 0.019840 0.008004 0.010612
2.233365 0.210247 2.059693 -0.024759 0.030120 -0.026513 0.008151
0.555056 -0.000000 0.888654 -0.034394 -0.181509 0.030759 0.010917
0.537858 -0.090754 0.904034 -0.055864 -0.038885 0.016424 0.009558
0.520661 -0.181509 0.919413 -0.128802 -0.024427 0.025925 0.008718
0.546457 -0.045377 0.896344 0.087764 -0.007320 0.021313 0.009527
0.537858 -0.090754 0.904034 0.093737 -0.064921 0.068703 0.011434
0.529260 -0.136132 0.911724 0.003156 -0.037304 0.004725 0.010242
0.520661 -0.181509 0.919413 0.095765 -0.063886 -0.011296 0.009834
1.110111 -0.000000 1.277308 0.053244 -0.122006 0.002495 0.010072
1.136733 -0.061003 1.278556 -0.049330 -0.062306 0.024097 0.011494
1.163356 -0.122006 1.279803 0.010585 -0.085009 -0.007181 0.010039
1.136733 -0.061003 1.278556 0.066538 -0.064024 0.002338 0.008385
1.163356 -0.122006 1.279803 0.039579 -0.025917 0.002343 0.010414
1.665167 -0.000000 1.665962 -0.001367 -0.093560 -0.015560 0.009832
1.663800 -0.093560 1.650403 -0.027898 -0.023771 -0.012597 0.009333
1.663800 -0.093560 1.650403 0.133434 0.023378 -0.028963 0.011022
2.220223 -0.000000 2.054617 0.005158 -0.034717 0.005991 0.009603
2.225380 -0.034717 2.060607 -0.051362 -0.068372 0.045678 0.008540
2.225380 -0.034717 2.060607 0.122733 -0.099478 0.065883 0.009554
66
-0.197895 0.008899 0.623581 -0.114271 0.051501 -0.006724 0.062760
-0.367368 -0.008265 0.732763 -0.053611 -0.040037 -0.081007 0.052534
-0.533646 0.010856 0.855469 0.003682 0.049564 -0.085646 0.049511
-0.714252 0.004653 0.990092 -0.015829 0.044660 -0.085216 0.048752
-0.893232 0.008101 1.103747 -0.011009 0.035975 -0.088667 0.048159
-1.078158 -0.007777 1.230448 -0.042414 -0.035644 -0.082531 0.049701
-1.247072 0.000003 1.351509 -0.000090 0.000014 -0.114511 0.057255
-1.427557 -0.005404 1.490236 -0.025547 -0.058690 -0.083673 0.052674
-1.602290 -0.005869 1.601830 0.004364 -0.024027 -0.085371 0.044397
-1.778949 0.000470 1.725893 0.011721 0.002152 -0.098671 0.049694
-1.954547 0.000871 1.851107 0.019562 0.003334 -0.080610 0.041508
-2.137668 0.002182 1.988386 0.001480 0.023085 -0.090179 0.046549
-0.665694 -0.097038 0.964277 -0.024486 -0.059986 -0.101202 0.060082
-0.590178 -0.089108 0.956789 -0.005278 -0.001858 -0.094305 0.047236
-1.442495 -0.084550 1.485392 -0.044655 -0.000386 -0.075877 0.044021
-1.512302 -0.190863 1.535044 -0.017439 -0.008799 -0.099575 0.050736
-1.515345 -0.350095 1.474790 0.090317 -0.018575 -0.041226 0.050502
-1.337181 -0.272814 1.468854 0.003815 0.017471 -0.098934 0.050269
-2.031837 -0.080587 1.987194 -0.005745 -0.002194 -0.117345 0.058753
-1.967140 -0.250766 1.936184 0.025462 0.009379 -0.094444 0.049132
-0.752666 0.238549 0.942561 -0.016434 -0.069119 -0.059507 0.046337
-0.807271 0.126055 0.964946 -0.011155 -0.015829 -0.120890 0.061215
-1.408198 0.153152 1.480902 -0.003144 0.055355 -0.095023 0.055008
-1.492862 0.132064 1.487295 -0.082259 0.072409 0.015314 0.055327
-1.503180 0.197427 1.545381 0.047558 0.069542 0.056399 0.050692
-2.148282 0.066980 1.980144 0.018530 0.053806 -0.087773 0.052303
-2.080569 0.073397 1.961576 0.010461 -0.013668 -0.094790 0.048170
-2.092496 0.102687 1.998768 0.009618 0.087757 -0.004074 0.044188
-2.300831 0.014085 1.952177 -0.033843 0.067436 -0.078242 0.054348
0.124208 0.004396 0.570962 -0.030043 0.020657 -0.096273 0.051473
0.281348 -0.007397 0.678499 0.077580 -0.028484 -0.016932 0.042180
0.377660 -0.009802 0.760789 -0.071590 -0.049614 -0.068609 0.055439
0.533007 -0.006979 0.847938 0.039504 -0.026005 -0.066525 0.040812
0.658194 0.012608 0.940094 0.026835 0.065219 -0.088694 0.056657
0.782509 0.009317 1.028892 -0.004733 0.040134 -0.085271 0.047181
0.895894 0.006153 1.129813 -0.080401 0.027011 -0.045314 0.048081
1.042499 0.020374 1.223875 -0.010697 0.094288 -0.035677 0.050689
1.173938 0.000975 1.301197 -0.007555 0.004994 -0.111886 0.056126
1.311175 0.011067 1.396293 0.022772 0.048829 -0.080241 0.048326
1.436246 0.001285 1.484063 -0.001744 0.006085 -0.103551 0.051872
1.562487 0.008521 1.577757 -0.021895 0.039454 -0.090844 0.050717
1.704037 0.009712 1.670200 0.028612 0.044674 -0.085676 0.050385
1.836941 -0.004570 1.760616 0.042074 -0.022562 -0.097038 0.054073
1.965931 -0.006296 1.851909 0.029145 -0.026551 -0.083547 0.046191
2.071864 0.008754 1.953791 -0.101214 0.049895 -0.053452 0.062432
2.218942 0.000442 2.045110 -0.012904 0.004450 -0.095802 0.048385
0.565968 0.085397 0.846842 -0.017872 -0.010701 -0.096604 0.049412
0.580350 0.177145 0.818624 -0.007032 0.033693 -0.083799 0.045296
0.514149 0.219570 0.787247 0.073932 0.038155 -0.070971 0.054678
1.112002 0.226760 1.266484 -0.047024 0.049268 -0.079560 0.052365
1.060705 0.219817 1.268658 -0.060313 -0.052736 -0.048917 0.046935
1.761542 0.072912 1.679771 0.035703 0.027100 -0.103264 0.056286
2.227883 0.212785 2.054222 -0.055032 0.025481 -0.054924 0.040910
2.289943 0.176318 2.071026 0.024140 0.007189 -0.102528 0.052788
0.520480 -0.180365 0.909648 -0.001955 0.012336 -0.105271 0.053005
0.482515 -0.134912 0.912502 0.005277 -0.053503 -0.080736 0.048499
0.615919 -0.247536 0.898533 -0.004411 -0.018613 -0.083290 0.042729
1.092773 -0.119939 1.293065 0.047829 0.030020 -0.085403 0.051192
1.163154 -0.169090 1.269169 -0.060094 -0.050091 -0.077036 0.054897
1.173666 -0.206710 1.262592 -0.002752 0.003051 -0.100363 0.050223
1.643106 -0.122792 1.635488 0.076623 -0.058077 -0.024656 0.049628
1.801360 -0.070766 1.611235 0.033631 -0.004759 -0.083178 0.044923
2.221121 -0.013257 2.047195 -0.008368 -0.017179 -0.096071 0.048977
2.222173 -0.018794 2.050180 -0.017629 0.051536 -0.099858 0.056873
2.226850 -0.036183 2.051281 0.013994 -0.013958 -0.088821 0.045497
2.170413 -0.103310 2.098547 -0.046027 -0.002813 -0.098780 0.054507
0
