91
0.000000 0.000000 0.000000 0.000000 0.000000 0.500000 0.030000
0.000000 0.000000 0.500000 -1.611625 0.000000 1.920660 0.023771
-0.402906 0.000000 0.980165 -0.022899 -0.130471 0.009502 0.010280
-0.410539 -0.043490 0.983332 -0.117982 0.040285 0.002877 0.010115
-0.418172 -0.086981 0.986500 -0.069294 -0.028787 0.007024 0.009146
-0.425805 -0.130471 0.989667 0.002755 0.003735 0.000281 0.010307
-0.410539 -0.043490 0.983332 0.072325 -0.112062 0.076004 0.010187
-0.418172 -0.086981 0.986500 0.133873 -0.056668 0.001456 0.009392
-0.425805 -0.130471 0.989667 0.055078 -0.109956 0.048780 0.008752
-0.805813 0.000000 1.460330 0.005272 -0.227490 -0.022877 0.009950
-0.804495 -0.056873 1.454611 0.116939 -0.008617 -0.051576 0.008929
-0.803177 -0.113745 1.448892 0.030346 -0.023564 -0.019254 0.010148
-0.801859 -0.170618 1.443172 0.066223 -0.135235 0.020461 0.011134
-0.800540 -0.227490 1.437453 0.009915 -0.011395 0.007146 0.008405
-1.208719 0.000000 1.940495 -0.004278 -0.183226 0.030556 0.009290
-1.210145 -0.061075 1.950681 -0.151136 -0.142343 -0.030137 0.009653
-1.211571 -0.122151 1.960866 -0.053853 -0.016866 0.007904 0.008751
-1.212997 -0.183226 1.971051 -0.113229 0.015041 -0.018757 0.010337
-1.210145 -0.061075 1.950681 0.046740 -0.095150 0.021994 0.010301
-1.211571 -0.122151 1.960866 0.105811 -0.056501 -0.035069 0.010195
-1.212997 -0.183226 1.971051 0.069570 -0.030138 -0.008601 0.010453
-1.611625 0.000000 2.420660 -0.049688 -0.097646 0.015544 0.011868
-1.636470 -0.048823 2.428433 -0.149732 -0.035306 0.063596 0.009576
-1.661314 -0.097646 2.436205 -0.049835 -0.020245 -0.002575 0.010726
-1.636470 -0.048823 2.428433 0.044505 -0.043883 -0.012987 0.008997
-1.661314 -0.097646 2.436205 0.053946 -0.136160 -0.008003 0.011293
-0.402906 0.000000 0.980165 0.050012 0.110569 -0.029064 0.010936
-0.377900 0.055284 0.965633 0.096398 -0.013551 -0.012847 0.010501
-0.352894 0.110569 0.951101 0.097830 0.046217 -0.036690 0.008241
-0.386236 0.036856 0.970477 -0.086771 0.088783 -0.004453 0.009333
-0.369565 0.073713 0.960789 -0.064716 0.107011 0.024622 0.009945
-0.352894 0.110569 0.951101 -0.028931 0.029039 -0.019400 0.009268
-0.805813 0.000000 1.460330 -0.027214 0.182216 -0.035648 0.009464
-0.819420 0.091108 1.442506 0.142471 0.140281 0.000570 0.008425
-0.833027 0.182216 1.424683 0.034881 0.011434 -0.019148 0.010817
-0.814884 0.060739 1.448448 -0.123438 0.008850 -0.046458 0.009261
-0.823955 0.121477 1.436565 -0.136558 0.079983 -0.017007 0.009780
-0.833027 0.182216 1.424683 -0.034109 0.017561 -0.012502 0.008893
-1.208719 0.000000 1.940495 -0.034557 0.108827 -0.002915 0.010026
-1.220238 0.036276 1.939523 0.051347 0.032300 -0.055673 0.009218
-1.231757 0.072551 1.938552 0.126645 0.058096 -0.028312 0.009767
-1.243276 0.108827 1.937580 0.027373 0.047871 0.007955 0.010013
-1.225998 0.054413 1.939038 -0.184079 -0.010608 -0.066775 0.010168
-1.243276 0.108827 1.937580 -0.069841 0.026528 -0.012289 0.009646
-1.611625 0.000000 2.420660 -0.070143 0.122517 0.021065 0.009860
-1.635006 0.040839 2.427682 0.063237 0.051180 0.089630 0.010183
-1.658387 0.081678 2.434704 0.055562 0.006508 -0.021769 0.010484
-1.681768 0.122517 2.441726 0.127690 0.106310 -0.052611 0.012044
-1.646697 0.061259 2.431193 -0.030181 0.011326 0.004036 0.010264
-1.681768 0.122517 2.441726 -0.077123 -0.024116 0.002234 0.011396
0.000000 0.000000 0.500000 1.732685 -0.000000 2.064934 0.021004
0.433171 -0.000000 1.016233 -0.028767 0.190085 0.039094 0.009653
0.404405 0.190085 1.055328 0.089468 0.017957 0.023915 0.008924
0.866343 -0.000000 1.532467 0.055294 0.165998 0.030188 0.009772
0.893990 0.082999 1.547561 0.215912 0.053056 0.115089 0.010247
0.921637 0.165998 1.562655 0.042006 0.059103 0.024728 0.010149
0.880166 0.041499 1.540014 -0.033787 0.037703 0.003330 0.010342
0.893990 0.082999 1.547561 -0.135273 0.104870 0.078456 0.009983
0.907813 0.124498 1.555108 -0.090691 0.047610 0.024311 0.008925
0.921637 0.165998 1.562655 -0.074354 0.066987 -0.017079 0.010666
1.299514 -0.000000 2.048700 -0.001190 0.145287 0.083986 0.010555
1.298919 0.072643 2.090693 0.001580 0.003055 0.002864 0.008603
1.298324 0.145287 2.132687 0.115648 0.160267 0.030469 0.009208
1.299117 0.048429 2.076696 -0.048163 0.020672 0.034024 0.009592
1.298721 0.096858 2.104691 -0.092151 0.005022 -0.009078 0.009549
1.298324 0.145287 2.132687 -0.157478 0.010922 -0.045190 0.009860
1.732685 -0.000000 2.564934 -0.001321 0.083545 -0.003249 0.009001
1.732025 0.041772 2.563309 0.100084 0.069756 -0.054767 0.010803
1.731365 0.083545 2.561685 0.020521 0.013822 -0.000825 0.011085
0.433171 -0.000000 1.016233 -0.018163 -0.155923 -0.008901 0.010097
0.415009 -0.155923 1.007332 -0.019554 -0.016821 0.000694 0.009353
0.866343 -0.000000 1.532467 0.056529 -0.149562 -0.016821 0.008018
0.885186 -0.049854 1.526860 -0.023559 -0.028601 -0.042010 0.010075
0.904029 -0.099708 1.521253 -0.001292 -0.002865 -0.000185 0.009781
0.922872 -0.149562 1.515646 -0.078927 -0.073616 -0.013278 0.010623
0.922872 -0.149562 1.515646 0.064721 0.002060 0.021455 0.008650
1.299514 -0.000000 2.048700 -0.010469 -0.180526 -0.058825 0.010993
1.297420 -0.036105 2.036936 -0.036332 -0.015013 -0.011443 0.008485
1.295326 -0.072210 2.025171 0.011466 0.006155 0.002636 0.010775
1.293232 -0.108315 2.013406 -0.103111 -0.040310 -0.015853 0.011557
1.291139 -0.144420 2.001641 -0.128486 -0.124748 -0.007441 0.011345
1.289045 -0.180526 1.989876 -0.161977 -0.070299 0.013225 0.009410
1.296897 -0.045131 2.033994 0.106853 -0.163483 -0.007323 0.011032
1.294279 -0.090263 2.019288 0.142147 -0.005170 0.004847 0.008962
1.291662 -0.135394 2.004582 -0.002158 0.008350 0.002394 0.011455
1.289045 -0.180526 1.989876 0.021621 -0.059182 -0.019972 0.011265
1.732685 -0.000000 2.564934 -0.023543 -0.218352 -0.002024 0.009633
1.720914 -0.109176 2.563922 -0.021322 -0.015047 0.000494 0.010122
1.709142 -0.218352 2.562910 -0.085065 -0.054914 -0.004561 0.009997
1.720914 -0.109176 2.563922 0.084266 -0.066328 0.009841 0.008807
1.709142 -0.218352 2.562910 0.053519 -0.001220 -0.005617 0.009744
69
-0.158333 0.003049 0.702193 0.080489 0.011833 -0.043528 0.046133
-0.359149 -0.012203 0.906439 -0.004990 -0.060316 -0.100701 0.058744
-0.549444 0.007464 1.121256 -0.053686 0.032750 -0.083208 0.052150
-0.736704 0.010787 1.359239 -0.090219 0.047647 0.024787 0.052498
-0.898072 0.004734 1.543899 -0.010906 0.018950 -0.092599 0.047572
-1.073505 0.001357 1.756726 0.003857 0.005742 -0.100328 0.050283
-1.231423 -0.007296 1.988844 0.087130 -0.028811 -0.019757 0.046936
-1.428512 -0.000460 2.183834 0.015819 -0.001800 -0.091605 0.046489
-1.602377 -0.001876 2.423521 0.074114 -0.015037 0.022922 0.039511
-0.424827 -0.130475 0.980970 0.012396 -0.000052 -0.110171 0.055433
-0.530646 0.002342 0.978022 -0.020352 0.053130 -0.078408 0.048438
-0.430004 -0.127634 0.982393 -0.069085 -0.008915 -0.075058 0.051200
-0.335261 -0.153286 1.049855 0.030576 0.023467 -0.098162 0.052729
-0.802663 -0.226122 1.429436 -0.024955 0.016092 -0.094279 0.049422
-0.730799 -0.313254 1.456865 0.050694 -0.077573 -0.070936 0.058351
-1.204627 -0.180366 1.965481 0.084762 0.028962 -0.056409 0.052927
-1.633716 -0.041374 2.424205 0.030618 0.082839 -0.047013 0.050025
-1.672255 -0.096503 2.438756 -0.113606 0.011874 0.026494 0.058629
-0.352135 0.108577 0.942081 0.008483 -0.022273 -0.100855 0.051816
-0.431981 0.177534 0.976276 0.025222 -0.034981 -0.100187 0.054537
-0.381739 0.139921 0.922439 0.000911 0.003320 -0.098152 0.049106
-0.834641 0.180602 1.416088 -0.020202 -0.020191 -0.107524 0.055627
-0.800276 0.189046 1.395980 -0.020394 -0.044081 -0.091477 0.051786
-0.957538 0.195012 1.412833 0.029520 -0.063981 -0.066731 0.048523
-1.238153 0.102478 1.932432 0.050130 -0.062127 -0.050372 0.047197
-1.313132 0.135408 1.915645 -0.000138 0.000494 -0.089932 0.044967
-1.574871 0.082472 2.519025 -0.027524 -0.084725 0.015201 0.045186
-1.602206 0.090265 2.402677 0.004707 0.015802 -0.077985 0.039854
-1.554183 0.231185 2.377304 -0.000892 0.020013 -0.100217 0.051100
-1.677130 0.078577 2.426900 -0.002590 0.061473 -0.085443 0.052645
0.194867 -0.005683 0.709353 0.013836 -0.033512 -0.118442 0.061933
0.389028 -0.003238 0.938508 0.020842 -0.016928 -0.106462 0.054898
0.575227 -0.000628 1.167447 -0.010332 -0.002780 -0.092323 0.046471
0.766691 -0.006736 1.398145 -0.017555 -0.034871 -0.101485 0.054368
0.945083 0.006364 1.637506 -0.101161 0.036747 -0.055891 0.060638
1.156072 0.005282 1.856316 0.005234 0.029157 -0.112086 0.057967
1.346594 0.000281 2.085084 -0.005356 0.001435 -0.106992 0.053568
1.534361 -0.003954 2.315702 -0.021486 -0.014640 -0.073286 0.038881
1.733304 0.000236 2.555324 0.007393 0.002822 -0.114852 0.057562
0.406586 0.194573 1.047929 0.025325 0.052086 -0.085873 0.051789
0.488366 0.213381 1.074682 -0.056387 0.054671 -0.046707 0.045689
1.108039 0.143238 1.655584 -0.017976 0.069309 -0.068181 0.049435
0.958158 0.225602 1.578858 -0.047268 0.004320 -0.073470 0.043734
0.822290 0.138675 1.578265 -0.047488 0.037884 -0.099610 0.058336
0.759057 0.182274 1.617756 0.003844 -0.063165 -0.093262 0.056353
0.870065 0.151510 1.563849 0.089301 0.037691 -0.040132 0.052454
0.810779 0.170635 1.573315 -0.061264 -0.014230 -0.058944 0.043099
0.849431 0.232727 1.535132 0.015075 -0.001805 -0.073292 0.037424
1.411753 0.299212 2.156858 -0.021620 -0.061804 -0.061371 0.044871
1.243831 0.071880 2.104927 -0.067793 0.026454 -0.055133 0.045649
1.730679 0.084784 2.550691 -0.006607 0.011936 -0.105885 0.053380
1.829589 0.116023 2.499047 -0.029135 0.051974 -0.109787 0.062457
1.756368 0.098549 2.550790 0.043939 0.011585 -0.098700 0.054329
0.414476 -0.156074 0.997996 -0.006192 -0.001757 -0.108584 0.054388
0.401203 -0.173412 1.000678 0.064572 -0.007493 -0.082535 0.052530
0.922892 -0.149811 1.506999 0.000229 -0.002840 -0.098458 0.049250
0.857399 -0.078883 1.475715 -0.041093 -0.004158 -0.088785 0.048961
0.904714 -0.103257 1.511704 0.014316 -0.022759 -0.101682 0.052588
0.902251 -0.102799 1.511302 -0.004653 -0.002164 -0.093378 0.046759
1.287275 -0.185537 1.979943 -0.017188 -0.048673 -0.096476 0.054708
1.261088 -0.051117 2.017007 -0.000000 0.000005 -0.090261 0.045130
1.159293 -0.270614 1.983461 -0.031204 -0.013429 -0.099745 0.052686
1.135957 -0.250978 2.000015 0.092564 -0.001598 -0.032131 0.048997
1.398979 -0.201275 2.019958 -0.040033 0.061593 -0.056335 0.046287
1.291607 -0.119856 1.998308 0.018161 0.062079 -0.074857 0.049465
1.311676 -0.237113 1.958989 0.008168 0.020972 -0.088232 0.045529
1.663727 -0.237029 2.556815 -0.033631 0.102460 -0.044516 0.058333
1.625661 -0.270337 2.548923 0.013204 0.024415 -0.078548 0.041654
1.760394 -0.221319 2.547978 -0.022460 -0.017303 -0.092289 0.048273
0
