83
0.000000 0.000000 0.000000 0.000000 0.000000 0.500000 0.030000
0.000000 0.000000 0.500000 -1.152888 0.000000 2.472376 0.020447
-0.288222 0.000000 1.118094 -0.051466 -0.167943 0.063922 0.010894
-0.339688 -0.167943 1.182016 -0.078148 -0.008134 0.023542 0.010661
-0.301088 -0.041986 1.134075 0.050891 -0.072400 0.015176 0.009841
-0.313955 -0.083971 1.150055 -0.000471 -0.109432 0.030185 0.009292
-0.326821 -0.125957 1.166036 0.005875 -0.007335 0.000630 0.010024
-0.339688 -0.167943 1.182016 0.039201 -0.083716 -0.054260 0.009826
-0.576444 0.000000 1.736188 -0.009584 -0.093684 -0.014292 0.009558
-0.581236 -0.046842 1.729042 0.038253 -0.077712 0.086669 0.010636
-0.586028 -0.093684 1.721896 0.050100 -0.149741 0.010536 0.010452
-0.864666 0.000000 2.354282 0.042859 -0.246395 -0.057630 0.010063
-0.821807 -0.246395 2.296652 -0.130433 -0.142959 -0.089326 0.008774
-1.152888 0.000000 2.972376 -0.005846 -0.118664 -0.012251 0.011182
-1.158734 -0.118664 2.960125 -0.049525 -0.055196 0.000755 0.009717
-1.154837 -0.039555 2.968293 0.097672 -0.098715 0.025420 0.010954
-1.156785 -0.079110 2.964209 0.038793 -0.068384 0.025574 0.010835
-1.158734 -0.118664 2.960125 0.072922 -0.005265 -0.007112 0.010851
-0.230578 0.000000 0.994475 -0.043067 0.108899 -0.026716 0.009163
-0.273644 0.108899 0.967760 0.056384 0.092661 -0.039061 0.009367
-0.252111 0.054450 0.981118 0.049009 -0.014749 -0.004994 0.011829
-0.273644 0.108899 0.967760 -0.100732 -0.025313 -0.083099 0.008793
-0.461155 0.000000 1.488951 0.016312 0.088790 0.014819 0.010432
-0.455718 0.029597 1.493890 0.129405 -0.026632 -0.012532 0.008724
-0.450280 0.059193 1.498830 0.093464 0.005424 -0.019494 0.010299
-0.444843 0.088790 1.503770 0.151173 0.041147 0.007667 0.008214
-0.457077 0.022197 1.492655 -0.008314 0.013095 -0.008981 0.011273
-0.452999 0.044395 1.496360 -0.092369 0.064285 -0.011049 0.011600
-0.448921 0.066592 1.500065 -0.029101 0.027147 0.012129 0.009870
-0.444843 0.088790 1.503770 -0.036950 0.037131 -0.013739 0.009566
-0.691733 0.000000 1.983426 0.008528 0.158764 -0.020368 0.011307
-0.687469 0.079382 1.973242 0.018853 0.015984 -0.001879 0.009327
-0.683205 0.158764 1.963058 0.107667 0.064785 -0.026021 0.011047
-0.683205 0.158764 1.963058 -0.090234 0.123114 -0.062113 0.009737
-0.922310 0.000000 2.477901 -0.048986 0.166047 0.049981 0.008441
-0.946803 0.083024 2.502892 0.057082 0.099746 -0.000640 0.011053
-0.971296 0.166047 2.527882 0.030042 0.033689 0.005023 0.010695
-0.932108 0.033209 2.487897 -0.056439 0.061597 -0.017788 0.009122
-0.941905 0.066419 2.497894 -0.056324 0.028901 -0.022302 0.011101
-0.951702 0.099628 2.507890 -0.096853 0.051831 0.036951 0.010784
-0.961499 0.132838 2.517886 -0.112750 -0.006760 0.001939 0.008547
-0.971296 0.166047 2.527882 -0.072215 0.124498 0.045158 0.009382
-1.152888 0.000000 2.972376 -0.056683 0.176798 0.071141 0.009971
-1.167059 0.044199 2.990162 0.135470 0.064972 -0.043244 0.011310
-1.181230 0.088399 3.007947 0.079041 0.063125 0.012417 0.009275
-1.195400 0.132598 3.025732 0.037042 0.093782 0.020938 0.010589
-1.209571 0.176798 3.043517 0.043487 0.137106 -0.004941 0.009621
-1.181230 0.088399 3.007947 -0.085964 0.062960 0.067636 0.009949
-1.209571 0.176798 3.043517 -0.045368 0.016023 0.016151 0.008982
0.000000 0.000000 0.500000 1.178582 -0.000000 2.527476 0.020179
0.294645 -0.000000 1.131869 -0.022039 0.138822 -0.021610 0.010500
0.283626 0.069411 1.121064 0.038257 0.036984 0.032462 0.011310
0.272606 0.138822 1.110260 0.070710 0.062986 -0.009044 0.010776
0.283626 0.069411 1.121064 -0.115951 0.017715 0.052639 0.008442
0.272606 0.138822 1.110260 -0.051488 -0.033525 -0.020630 0.009662
0.589291 -0.000000 1.763738 -0.001597 0.134537 0.002451 0.008180
0.588759 0.044846 1.764555 0.078935 0.037884 -0.006089 0.010698
0.588226 0.089691 1.765372 0.065467 0.043396 0.003466 0.009588
0.587694 0.134537 1.766190 0.127588 0.053992 -0.070513 0.008687
0.587694 0.134537 1.766190 -0.078196 0.047039 0.026640 0.011060
0.883936 -0.000000 2.395607 0.031707 0.084888 0.040307 0.007683
0.899790 0.042444 2.415761 0.054458 0.035101 0.018218 0.010124
0.915643 0.084888 2.435914 0.064595 0.025581 -0.001291 0.007464
0.894505 0.028296 2.409043 -0.066447 0.102438 0.031842 0.010617
0.905074 0.056592 2.422479 -0.046466 0.041576 0.041196 0.011533
0.915643 0.084888 2.435914 -0.022692 0.038671 0.021863 0.009546
1.178582 -0.000000 3.027476 0.010066 0.185723 0.070196 0.009342
1.188648 0.185723 3.097673 0.074550 0.046622 0.052434 0.009003
0.392861 -0.000000 1.342492 0.010040 -0.126509 0.039983 0.010082
0.397880 -0.063254 1.362483 -0.023995 -0.142609 -0.066823 0.010925
0.402900 -0.126509 1.382475 -0.092534 -0.045541 0.041110 0.010807
0.397880 -0.063254 1.362483 0.135249 -0.071332 -0.047479 0.009959
0.402900 -0.126509 1.382475 0.076259 -0.048894 0.042415 0.009873
0.785721 -0.000000 2.184984 -0.034255 -0.156366 -0.005989 0.013409
0.751466 -0.156366 2.178996 -0.116833 -0.042973 -0.010566 0.010102
0.768593 -0.078183 2.181990 0.125089 -0.162420 0.077316 0.009392
0.751466 -0.156366 2.178996 0.023102 -0.023803 0.003640 0.010246
1.178582 -0.000000 3.027476 0.022824 -0.109009 0.076730 0.009899
1.186190 -0.036336 3.053053 -0.043988 -0.094359 0.096244 0.010636
1.193798 -0.072673 3.078630 -0.039521 -0.070350 0.047624 0.010064
1.201406 -0.109009 3.104206 -0.109001 -0.072455 -0.012931 0.010455
1.189994 -0.054505 3.065841 0.023542 0.000518 0.009570 0.009551
1.201406 -0.109009 3.104206 0.057292 -0.035944 0.055533 0.008907
66
-0.126906 -0.000167 0.754297 0.006771 -0.000946 -0.115841 0.058022
-0.252897 -0.006090 1.030179 0.018365 -0.033885 -0.107047 0.056887
-0.384279 0.000160 1.303679 0.000083 0.000801 -0.102619 0.051311
-0.509773 0.007222 1.579885 0.012985 0.035775 -0.093863 0.050643
-0.637194 -0.000798 1.853379 0.016441 -0.003979 -0.100484 0.050949
-0.765316 -0.000182 2.128069 0.019715 -0.001097 -0.121444 0.061520
-0.901288 -0.011046 2.406379 -0.025405 -0.061044 -0.091629 0.056497
-1.015664 -0.002205 2.679503 0.044877 -0.010846 -0.089331 0.050278
-1.156118 0.001928 2.963142 -0.033041 0.019724 -0.094464 0.051000
-0.339451 -0.168676 1.172221 0.002559 -0.007932 -0.105932 0.053130
-0.419891 -0.172910 1.195588 -0.021932 0.033789 -0.106394 0.056882
-0.252746 -0.115390 1.158703 -0.029378 -0.011578 0.108975 0.056729
-0.306608 -0.250400 1.120174 -0.061277 0.012596 -0.075910 0.049183
-1.152953 -0.120780 2.951190 0.051306 -0.018774 -0.079308 0.048152
-1.057086 -0.133734 2.983742 0.000745 0.042916 -0.094339 0.051822
-0.324480 0.096156 0.917431 -0.004922 -0.000910 -0.091916 0.046026
-0.374473 0.083460 0.875869 -0.001110 -0.001437 -0.100222 0.050119
-0.453420 0.091262 1.500330 -0.089880 0.025911 -0.036039 0.050121
-0.326449 0.003013 1.472635 -0.001582 0.000566 -0.100804 0.050409
-0.363459 0.064303 1.471471 -0.071850 -0.003394 -0.085056 0.055697
-0.290837 0.129845 1.503727 0.037781 -0.001220 -0.102818 0.054773
-0.466688 0.036965 1.472602 -0.010382 0.013384 -0.088636 0.045120
-0.536914 0.109383 1.477398 0.073607 0.006118 -0.068893 0.050501
-0.478614 0.089864 1.503135 -0.006134 -0.040150 -0.093868 0.051139
-0.478293 0.132603 1.484148 0.039805 0.076009 -0.066909 0.054403
-0.683424 0.158825 1.953323 -0.001782 0.000494 -0.079070 0.039546
-0.572974 0.232854 1.931661 0.023418 0.085010 -0.049116 0.050467
-0.781419 0.282215 1.895376 -0.084804 0.003572 -0.059178 0.051736
-0.889925 0.185452 2.491531 -0.001871 0.024613 -0.098363 0.050706
-0.988300 0.096498 2.461150 0.002603 0.017794 -0.094252 0.047976
-1.059257 0.150563 2.545817 -0.097884 -0.008198 0.008928 0.049316
-1.068101 0.130073 2.515433 0.073938 0.048048 -0.052820 0.051394
-1.043628 0.286490 2.564581 -0.001259 -0.043594 -0.090946 0.050431
-1.158250 0.226380 3.036082 0.001075 -0.000008 -0.105043 0.052524
-1.170258 0.313144 3.029941 -0.035201 -0.006409 -0.072825 0.040570
-1.264724 0.148794 3.066293 0.020564 -0.021369 -0.077376 0.041432
-1.255111 0.196980 3.051709 -0.001500 0.036355 -0.069574 0.039257
0.084717 0.000557 0.675146 -0.028195 0.002642 -0.091446 0.047865
0.168024 0.012978 0.880971 -0.069387 0.067724 -0.041075 0.052651
0.270983 -0.001640 1.063177 -0.004947 -0.008131 -0.099603 0.050028
0.368223 -0.000623 1.258304 0.026552 -0.002964 -0.092185 0.047989
0.454181 0.000765 1.451961 0.004970 0.004321 -0.113751 0.056971
0.540870 -0.003288 1.646860 -0.013104 -0.013942 -0.083385 0.042776
0.630358 -0.001572 1.841288 -0.022010 -0.008116 -0.101514 0.052095
0.724182 -0.000799 2.035237 -0.005075 -0.003690 -0.092939 0.046575
0.819283 0.002536 2.230054 0.019814 0.015037 -0.117025 0.059820
0.906084 0.001480 2.424095 -0.002563 0.007330 -0.099633 0.049968
0.995971 0.001176 2.618531 -0.005406 0.004926 -0.084215 0.042266
1.086723 -0.004267 2.813369 -0.005299 -0.018865 -0.087045 0.044612
1.178682 0.000132 3.017579 0.000920 0.001205 -0.090283 0.045148
0.324589 0.113001 1.144755 0.022104 0.053953 -0.071637 0.046183
0.344622 0.199355 1.090804 0.012445 -0.023380 -0.099238 0.051356
0.165140 0.084418 1.166121 -0.021503 -0.022967 -0.064310 0.035797
0.225618 0.101382 1.082028 0.037133 -0.032307 -0.062734 0.039869
0.582831 0.134006 1.756270 -0.042924 -0.004689 -0.087558 0.048813
0.710940 0.189813 1.688263 -0.049189 0.014554 -0.083982 0.049205
0.501939 0.176024 1.786969 -0.069651 -0.051150 -0.053994 0.050948
0.917667 0.087067 2.426844 0.022189 0.023897 -0.099471 0.052340
0.824766 0.128721 2.430994 -0.029213 -0.017856 -0.087754 0.047098
1.185475 0.185192 3.089264 -0.032216 -0.005390 -0.085395 0.045715
0.373564 -0.211612 1.286376 -0.002760 -0.049461 -0.079875 0.046995
0.755638 -0.159880 2.170323 0.037761 -0.031801 -0.078498 0.046366
0.892954 -0.247939 2.253486 -0.007897 -0.079575 -0.063133 0.050942
1.154860 -0.147342 3.117182 0.006242 -0.046225 -0.097083 0.053854
1.211308 -0.054054 3.066123 -0.022775 -0.000689 -0.094980 0.048838
1.259127 -0.144028 3.150891 0.004728 0.010178 -0.097348 0.048996
0
