82
0.000000 0.000000 0.000000 0.000000 0.000000 0.500000 0.030000
0.000000 0.000000 0.500000 -2.465708 0.000000 1.149779 0.021276
-0.493142 0.000000 0.729956 -0.029693 -0.191537 0.017937 0.011591
-0.522834 -0.191537 0.747893 -0.080765 -0.007972 -0.005690 0.013656
-0.507988 -0.095768 0.738924 0.067517 -0.138220 -0.000757 0.010886
-0.522834 -0.191537 0.747893 0.139597 -0.056243 0.025327 0.011684
-0.986283 0.000000 0.959911 0.019206 -0.107987 -0.023991 0.009121
-0.981482 -0.026997 0.953914 -0.042754 -0.081497 -0.020120 0.011078
-0.976680 -0.053993 0.947916 -0.174270 -0.062220 -0.039778 0.009933
-0.971878 -0.080990 0.941918 -0.084185 -0.097670 -0.019298 0.009171
-0.967077 -0.107987 0.935920 -0.013506 -0.045834 -0.039203 0.009795
-0.976680 -0.053993 0.947916 0.122498 -0.093554 -0.012817 0.009595
-0.967077 -0.107987 0.935920 0.103637 -0.064696 0.059535 0.009919
-1.479425 0.000000 1.189867 -0.006260 -0.110333 -0.002458 0.009968
-1.481512 -0.036778 1.189048 -0.070872 -0.015704 0.019853 0.008747
-1.483598 -0.073555 1.188228 -0.085248 -0.102016 0.031938 0.008012
-1.485685 -0.110333 1.187409 -0.107804 -0.027115 -0.000445 0.010338
-1.482555 -0.055166 1.188638 0.168647 -0.047969 0.029658 0.010837
-1.485685 -0.110333 1.187409 0.059928 -0.012095 0.027479 0.011336
-1.972566 0.000000 1.419823 -0.008990 -0.158453 0.003466 0.009634
-1.981556 -0.158453 1.423289 -0.198842 -0.109977 0.032546 0.009647
-1.977061 -0.079227 1.421556 0.180981 -0.147534 0.022229 0.011206
-1.981556 -0.158453 1.423289 0.045360 -0.226983 0.010378 0.009029
-2.465708 0.000000 1.649779 0.015629 -0.118289 -0.043174 0.010360
-2.457893 -0.059144 1.628191 -0.000379 -0.002007 -0.000973 0.009471
-2.450079 -0.118289 1.606604 -0.087696 -0.003376 0.005436 0.007963
-2.450079 -0.118289 1.606604 0.036844 -0.039825 -0.014847 0.009217
-0.616427 0.000000 0.787445 -0.013999 0.126563 0.028614 0.011400
-0.623427 0.063281 0.801751 0.030812 0.050177 0.002743 0.009941
-0.630426 0.126563 0.816058 0.132302 0.139089 -0.037860 0.010325
-0.623427 0.063281 0.801751 -0.060325 0.074441 0.055229 0.010781
-0.630426 0.126563 0.816058 -0.055072 0.092385 0.005855 0.009821
-1.232854 0.000000 1.074889 0.005347 0.147713 -0.009929 0.009101
-1.230181 0.073857 1.069925 0.044049 0.019276 -0.002752 0.011843
-1.227507 0.147713 1.064961 0.140060 0.108607 -0.048499 0.008950
-1.230181 0.073857 1.069925 -0.013042 0.016344 0.000301 0.008433
-1.227507 0.147713 1.064961 -0.067895 0.125795 0.067560 0.008376
-1.849281 0.000000 1.362334 0.006673 0.195682 -0.083015 0.010272
-1.845945 0.097841 1.320826 0.073571 0.040976 -0.038812 0.009907
-1.842608 0.195682 1.279319 0.005428 0.002891 -0.005490 0.011462
-1.845945 0.097841 1.320826 -0.045228 0.123053 0.007990 0.008101
-1.842608 0.195682 1.279319 -0.102871 0.058550 -0.042103 0.008055
-2.465708 0.000000 1.649779 0.097790 0.191767 -0.029454 0.008987
-2.433111 0.063922 1.639961 0.119818 0.050656 -0.004022 0.009626
-2.400515 0.127844 1.630143 0.089744 -0.070671 -0.026095 0.009066
-2.367918 0.191767 1.620325 0.051527 -0.000738 -0.031411 0.011817
-2.441261 0.047942 1.642415 0.009333 0.092355 -0.026403 0.011318
-2.416813 0.095883 1.635052 -0.001057 0.099485 -0.010856 0.011138
-2.392366 0.143825 1.627688 -0.050883 0.060102 0.012292 0.010288
-2.367918 0.191767 1.620325 0.005459 0.093004 0.052755 0.009186
0.000000 0.000000 0.500000 2.433465 -0.000000 1.134743 0.021483
0.608366 -0.000000 0.783686 -0.051275 0.195833 0.001805 0.011642
0.582729 0.097916 0.784588 -0.075426 -0.012912 -0.011948 0.009611
0.557091 0.195833 0.785491 -0.058686 0.081062 0.011293 0.010267
1.216733 -0.000000 1.067372 0.025486 0.245674 0.017498 0.010437
1.242219 0.245674 1.084870 0.053309 0.044190 0.037777 0.009066
1.242219 0.245674 1.084870 -0.048506 0.033046 -0.008154 0.011281
1.825099 -0.000000 1.351058 -0.000816 0.063419 -0.012713 0.011093
1.824283 0.063419 1.338345 0.055284 0.202031 -0.042971 0.008622
1.824691 0.031710 1.344701 -0.090166 0.094301 0.059220 0.011732
1.824283 0.063419 1.338345 -0.105706 0.064237 0.022096 0.009277
2.433465 -0.000000 1.634743 -0.002170 0.164667 0.010859 0.010341
2.431296 0.164667 1.645602 0.106899 0.124638 -0.071022 0.010430
0.608366 -0.000000 0.783686 -0.037856 -0.154581 -0.029947 0.011744
0.570510 -0.154581 0.753739 -0.083085 -0.093988 -0.028621 0.009795
0.570510 -0.154581 0.753739 0.038852 -0.026302 0.002924 0.010413
1.216733 -0.000000 1.067372 0.012674 -0.094652 0.030165 0.010508
1.229406 -0.094652 1.097537 -0.019689 -0.187324 0.069502 0.010187
1.219901 -0.023663 1.074913 0.067403 -0.052931 0.018210 0.009409
1.223069 -0.047326 1.082454 0.090248 -0.008518 -0.000285 0.008625
1.226238 -0.070989 1.089996 0.098623 0.060725 0.045730 0.011539
1.229406 -0.094652 1.097537 0.041315 -0.012186 0.033946 0.008807
1.825099 -0.000000 1.351058 0.021917 -0.124951 0.004126 0.010322
1.832405 -0.041650 1.352433 -0.027320 -0.018051 -0.004660 0.010766
1.839710 -0.083301 1.353808 -0.056291 -0.033029 -0.026412 0.011310
1.847016 -0.124951 1.355184 -0.120963 -0.108372 0.149366 0.009376
2.433465 -0.000000 1.634743 0.002571 -0.161948 -0.002845 0.010245
2.434322 -0.053983 1.633795 -0.039578 -0.064009 -0.013359 0.011134
2.435179 -0.107966 1.632847 -0.121855 -0.028500 -0.037415 0.010488
2.436036 -0.161948 1.631899 -0.180177 -0.014674 0.001975 0.008784
2.434751 -0.080974 1.633321 0.029205 -0.010485 -0.018149 0.012024
2.436036 -0.161948 1.631899 0.147573 -0.045868 -0.015661 0.011815
75
-0.245496 0.000884 0.593747 0.006116 0.005030 -0.120836 0.060548
-0.488675 -0.001331 0.719343 0.037336 -0.011126 -0.088708 0.048443
-0.754750 -0.000723 0.829899 -0.069601 -0.003346 -0.069587 0.049239
-0.984672 0.007889 0.955627 0.018820 0.092158 -0.050049 0.053273
-1.234808 0.003795 1.066851 -0.023259 0.045166 -0.095667 0.054160
-1.480855 -0.001631 1.180138 -0.012275 -0.013991 -0.083477 0.042763
-1.727865 -0.001377 1.283696 -0.010097 -0.007441 -0.114255 0.057471
-1.974954 0.001644 1.410635 -0.028854 0.019869 -0.111050 0.058222
-2.203816 -0.009804 1.523764 0.076884 -0.049198 -0.055386 0.053384
-2.468209 -0.002332 1.641467 -0.026172 -0.024401 -0.086957 0.047016
-0.965324 -0.109725 0.926313 0.016297 -0.016158 -0.089306 0.046104
-1.155279 -0.119982 0.900030 -0.038140 -0.033200 -0.071439 0.043762
-0.862222 -0.151709 0.931921 -0.088918 -0.046023 -0.035142 0.053055
-1.486604 -0.102900 1.178899 -0.007611 0.061563 -0.070488 0.046948
-1.540624 -0.127918 1.177723 -0.008858 -0.034400 -0.080823 0.044143
-1.593894 -0.132396 1.177955 -0.004305 0.053734 -0.095832 0.054977
-1.389847 -0.076830 1.197004 0.065810 0.018219 -0.050732 0.042534
-1.321059 -0.107584 1.211476 -0.064128 -0.039891 -0.061160 0.048591
-1.420069 -0.122192 1.205085 0.057095 0.002363 -0.098391 0.056891
-1.987146 -0.162673 1.417592 -0.062464 -0.047153 -0.063661 0.050443
-2.180402 -0.268378 1.446188 -0.000040 0.000524 -0.096302 0.048152
-1.793072 -0.222589 1.433829 0.029876 0.041429 -0.098885 0.055649
-2.449895 -0.118856 1.597407 0.001894 -0.005836 -0.094715 0.047457
-2.458755 -0.060470 1.617785 -0.005601 0.007919 -0.109518 0.054973
-2.537198 -0.117661 1.605181 0.007477 0.051905 -0.088938 0.051624
-2.410988 -0.157946 1.582820 0.024770 0.001843 -0.098521 0.050802
-0.593862 0.113601 0.794633 -0.011709 0.001343 -0.092575 0.046661
-0.499405 0.267212 0.768072 -0.013828 0.016839 -0.109332 0.055741
-0.679434 0.134742 0.847561 0.039739 -0.027432 -0.086697 0.049619
-0.684671 0.219737 0.812160 0.008783 0.008385 -0.103654 0.052181
-1.230145 0.142405 1.059043 -0.029217 -0.058808 -0.065558 0.046395
-1.244714 0.091841 1.062089 -0.019806 0.021778 -0.108066 0.056002
-1.295043 0.279147 1.126338 0.005122 0.080252 -0.087996 0.059602
-1.846489 0.095239 1.313174 -0.006430 -0.030716 -0.090353 0.047824
-1.841862 0.201063 1.273372 0.010744 0.077523 -0.085666 0.058017
-1.773081 0.144239 1.273753 -0.007633 0.058492 -0.089104 0.053430
-1.949038 0.258324 1.231261 -0.040834 0.046950 -0.068337 0.046211
-2.367666 0.195043 1.611747 0.002957 0.038479 -0.100739 0.053939
-2.313698 0.060672 1.596212 -0.034384 0.041100 -0.092040 0.053251
-2.434489 0.138330 1.605164 -0.015462 -0.011866 -0.065470 0.034155
-2.414811 0.195860 1.613497 0.026488 0.004263 -0.092650 0.048228
-2.438011 0.202102 1.631316 0.060963 -0.021238 -0.100832 0.059864
0.182837 -0.018092 0.576554 -0.017872 -0.074285 -0.044073 0.044102
0.375948 -0.008979 0.655123 0.006368 -0.036459 -0.078984 0.043613
0.562902 0.002874 0.740616 0.006590 0.014208 -0.105042 0.053101
0.757005 -0.000726 0.829328 0.035003 -0.003082 -0.084147 0.045594
0.933427 -0.004497 0.915585 -0.010786 -0.019241 -0.089237 0.045961
1.121389 -0.001262 1.002354 -0.007216 -0.005208 -0.088191 0.044320
1.293717 0.000904 1.097423 -0.087903 0.004784 -0.071933 0.056842
1.497539 0.010684 1.179666 0.000108 0.051767 -0.090300 0.052043
1.691272 -0.001379 1.265183 0.035480 -0.007452 -0.110290 0.058048
1.879078 0.011851 1.356464 0.035322 0.058291 -0.080744 0.052833
2.057794 0.001587 1.438783 -0.005227 0.006423 -0.086548 0.043472
2.237605 -0.008007 1.529505 -0.038911 -0.035931 -0.080553 0.048203
2.442345 0.000254 1.629639 0.080544 0.002300 -0.046300 0.046466
0.557296 0.195311 0.775239 0.002166 -0.005512 -0.108318 0.054240
1.244818 0.240505 1.075186 0.022511 -0.044766 -0.083861 0.048845
1.270070 0.268053 1.094776 0.012268 0.002910 -0.092114 0.046486
1.296455 0.291181 1.113725 0.011522 0.016376 -0.110937 0.056365
1.193646 0.278742 1.065435 -0.000547 0.000183 -0.092704 0.046353
1.824698 0.068786 1.330789 0.004421 0.057099 -0.080384 0.049349
1.873760 0.270824 1.291946 -0.066950 0.061959 -0.039533 0.049709
2.434592 0.074697 1.633560 0.021210 -0.073254 -0.063434 0.049598
2.421337 0.163475 1.642742 -0.100282 -0.012010 -0.028799 0.052512
2.480672 0.228198 1.600567 -0.039303 0.011687 -0.091915 0.050323
2.537805 0.288722 1.564175 -0.004227 -0.006341 -0.113022 0.056639
1.214468 -0.289444 1.172081 0.041320 -0.064942 0.043839 0.044291
1.313187 -0.059885 1.074551 -0.001610 -0.049705 -0.093708 0.053043
1.804473 -0.052521 1.339775 -0.006741 0.079044 -0.088055 0.059260
1.783358 -0.113994 1.316331 -0.000639 0.024513 -0.116170 0.059365
1.725262 -0.235950 1.495584 -0.009930 -0.033012 -0.112650 0.058903
2.434530 -0.156859 1.621343 -0.010797 0.036476 -0.075649 0.042337
2.395436 -0.111954 1.611500 0.008865 0.060435 -0.097832 0.057667
2.304752 -0.135260 1.589511 -0.073848 0.010389 -0.051012 0.045176
2.458244 -0.082045 1.610341 -0.042129 0.069443 -0.035640 0.044349
0
