205
-0.00000   -0.00000   0.00000   -0.00730   -0.09413   0.36678   0.02691
-0.00730   -0.09412   0.36677   0.00168   0.01842   0.44091   0.01732
-0.00562   -0.07571   0.80768   -0.00846   0.00579   0.30505   0.01287
-0.01408   -0.06991   1.11273   0.07557   0.05606   0.31115   0.01303
0.06149   -0.01385   1.42388   -0.02394   -0.00170   0.37879   0.00500
0.03794   -0.01553   1.79647   0.02407   0.05346   0.44041   0.00500
0.06201   0.03794   2.23688   0.18705   -0.05486   0.18826   0.00500
0.04757   0.00586   1.97263   0.23335   -0.09370   0.59158   0.00500
0.04155   -0.00750   1.86258   0.04742   0.03567   0.01284   0.00500
0.03756   -0.01555   1.80232   0.15235   0.02895   0.03765   0.00500
0.18991   0.01339   1.83997   0.14883   0.09873   -0.02316   0.00500
0.04097   -0.01531   1.74862   0.10279   -0.18106   0.09860   0.00500
0.14021   -0.19012   1.84382   0.04041   -0.06170   -0.00462   0.00500
0.04493   -0.01503   1.68585   0.17933   0.06789   0.05694   0.00500
0.22427   0.05286   1.74279   0.13955   0.12157   -0.08185   0.00500
0.35407   0.16594   1.66666   0.10223   0.01978   -0.02295   0.00500
0.04747   -0.01485   1.64576   0.12503   -0.14597   0.09967   0.00500
0.16948   -0.15730   1.74303   0.11949   -0.17407   0.04964   0.00500
0.28806   -0.33005   1.79229   0.13662   -0.25183   0.16042   0.00500
0.04832   -0.01479   1.63222   0.04036   -0.02339   0.00928   0.00500
0.05885   -0.01581   1.41301   0.08996   0.06229   0.07747   0.00585
0.14881   0.04648   1.49048   0.04387   0.08383   0.12110   0.00500
0.19269   0.13031   1.61158   0.07069   0.14672   0.04613   0.00500
0.26221   0.27462   1.65695   0.25543   0.48295   0.03716   0.00500
0.24532   0.23956   1.64593   0.06806   0.06947   0.08642   0.00500
0.19269   0.13031   1.61158   0.04281   0.16620   -0.02927   0.00500
0.14881   0.04648   1.49048   0.12785   0.00614   0.09396   0.00500
0.01738   -0.04657   1.24227   0.07516   -0.06014   0.06805   0.00500
0.09254   -0.10671   1.31032   0.07067   -0.04101   0.27272   0.00500
0.00026   -0.05927   1.17177   0.22016   -0.06011   0.16140   0.00500
-0.01085   -0.07213   0.99610   0.05091   0.02893   0.04927   0.01253
0.03900   -0.04381   1.04434   0.26734   0.05333   -0.08838   0.01105
0.30278   0.00882   0.95713   0.17632   0.12752   -0.09686   0.00761
0.47909   0.13634   0.86028   0.35656   0.40234   -0.40157   0.00500
0.83565   0.53868   0.45871   -0.00469   0.07182   -0.04746   0.00500
0.83109   0.60863   0.41248   -0.18177   0.25280   -0.13530   0.00500
0.81783   0.51856   0.47878   0.00637   -0.01126   -0.07371   0.00500
0.79247   0.48995   0.50734   -0.10697   0.15045   -0.13525   0.00500
0.76434   0.45821   0.53902   -0.01034   0.00700   -0.05067   0.00500
0.72869   0.41797   0.57918   -0.06926   0.20866   -0.02901   0.00500
0.62172   0.29727   0.69965   0.07606   0.08751   0.03822   0.00500
0.69707   0.38396   0.73751   0.04979   0.12353   0.06000   0.00500
0.74631   0.50614   0.79685   0.01032   0.15879   0.05736   0.00500
0.60389   0.27716   0.71973   0.00867   0.15200   0.00554   0.00500
0.51475   0.17657   0.82012   0.09397   0.17114   0.08881   0.00500
0.60872   0.34771   0.90893   0.02070   0.15857   0.05067   0.00500
0.47909   0.13634   0.86028   -0.05108   0.15442   -0.06972   0.00500
0.46362   0.12515   0.86878   0.06145   0.03874   0.08546   0.00500
0.41555   0.09038   0.89518   0.00752   0.14640   0.02429   0.00500
0.37346   0.05994   0.91831   0.04022   0.00042   0.02527   0.00500
0.18337   -0.01500   0.99661   0.02700   0.04765   0.08014   0.00500
-0.00906   -0.07335   0.93154   0.16756   0.13856   0.04306   0.00996
0.15851   0.06521   0.97460   0.14844   0.16935   0.01097   0.00873
0.30314   0.23022   0.98529   0.10193   0.20609   0.04629   0.00500
0.40507   0.43632   1.03158   0.24391   0.59809   0.12807   0.00500
0.64898   1.03441   1.15965   0.33840   -0.05947   0.05034   0.00500
0.59622   0.90504   1.13195   0.10986   -0.02217   0.03955   0.00500
0.55491   0.80374   1.11026   0.05998   -0.01070   0.10808   0.00500
0.50264   0.67556   1.08281   0.01116   0.00798   0.09984   0.00500
0.40507   0.43632   1.03158   0.14131   -0.03580   0.24951   0.00500
0.39655   0.41910   1.02771   -0.01920   0.01290   0.01644   0.00500
0.33316   0.29092   0.99893   0.04491   0.00845   -0.03571   0.00500
0.27662   0.19997   0.98333   0.01861   0.00619   0.06270   0.00500
0.24742   0.16665   0.98117   0.05686   -0.01439   0.01137   0.00500
0.23272   0.14988   0.98009   -0.01180   0.03189   -0.00479   0.00500
0.17907   0.08868   0.97612   0.03566   -0.05271   0.07049   0.00500
-0.00764   -0.07432   0.88062   0.09006   -0.05505   0.04155   0.00558
-0.00576   -0.07719   0.77214   0.03995   -0.13567   -0.00417   0.00829
0.03182   -0.20480   0.76822   0.10209   -0.29055   -0.12321   0.00572
0.13291   -0.49252   0.64621   0.23351   -0.37923   -0.27502   0.00510
0.36643   -0.87176   0.37118   0.34137   -0.36660   -0.25575   0.00500
0.70693   -1.23743   0.11608   0.13857   0.07201   -0.26116   0.00500
0.70780   -1.23836   0.11543   0.06670   -0.03315   -0.17308   0.00500
0.65659   -1.18336   0.15380   0.04404   0.02692   -0.02761   0.00500
0.55418   -1.07339   0.23052   0.04790   -0.00892   0.00957   0.00500
0.52004   -1.03673   0.25610   0.05376   0.00423   -0.07321   0.00500
0.33060   -0.81358   0.41338   -0.01544   0.00709   -0.03634   0.00500
0.30805   -0.77695   0.43994   0.11171   -0.01962   -0.09016   0.00500
0.27302   -0.72006   0.48119   0.04382   -0.03266   0.02535   0.00500
0.24967   -0.68214   0.50869   0.05406   0.06119   -0.09980   0.00500
0.21464   -0.62525   0.54995   0.19256   -0.03012   0.16429   0.00500
0.40656   -0.65528   0.71369   0.14548   -0.02926   0.14277   0.00500
0.15605   -0.53010   0.61896   0.04742   -0.07605   0.04032   0.00500
0.12370   -0.46629   0.65733   0.10660   -0.02359   0.01305   0.00500
0.09072   -0.37244   0.69713   0.23779   -0.01599   0.06507   0.00500
0.07776   -0.33554   0.71277   0.09667   -0.08588   0.14076   0.00500
0.17284   -0.42001   0.85122   0.16624   -0.18697   0.28973   0.00500
-0.00576   -0.07719   0.77203   0.08906   0.06367   0.02901   0.00656
0.08096   -0.01519   0.80028   0.16966   0.17477   -0.06579   0.00500
0.24530   0.15409   0.73655   0.13333   0.23777   -0.24472   0.00500
0.37736   0.38960   0.49416   0.15410   0.26992   -0.51358   0.00500
0.53103   0.65876   -0.01799   0.11072   0.11452   -0.02015   0.00500
0.49293   0.59203   0.10898   0.08841   0.02397   -0.00525   0.00500
0.57874   0.61529   0.10389   0.06034   0.10724   0.01876   0.00500
0.46982   0.55155   0.18601   0.10484   0.10374   0.01184   0.00500
0.45441   0.52456   0.23737   0.02658   0.13543   0.08440   0.00500
0.41588   0.45708   0.36576   0.02941   0.02316   -0.00581   0.00500
0.37862   0.39186   0.49183   0.04658   0.01917   -0.01794   0.00500
0.35196   0.34430   0.54078   0.05503   0.05992   -0.00315   0.00500
0.40699   0.40423   0.53763   0.03876   0.02008   -0.03353   0.00500
0.40699   0.40423   0.53763   0.00428   0.44607   -0.00474   0.00500
0.31863   0.28487   0.60196   0.10103   0.03468   0.02486   0.00500
0.27196   0.20165   0.68761   0.11229   0.16923   -0.02765   0.00500
0.24780   0.15856   0.73196   0.09056   0.02457   0.04736   0.00500
0.33788   0.18299   0.77907   0.08557   0.02338   -0.00571   0.00500
0.24214   0.15084   0.73778   -0.00487   0.07146   0.04177   0.00500
0.19973   0.10715   0.75423   0.07296   -0.00827   0.02948   0.00500
0.16579   0.07219   0.76738   0.09285   0.13346   0.06105   0.00500
-0.00598   -0.07965   0.71319   0.27508   -0.06337   0.11176   0.00500
0.24557   -0.13760   0.81539   0.24081   -0.17791   0.00319   0.00500
0.48620   -0.31537   0.81858   0.19600   -0.19072   -0.04976   0.00500
0.68217   -0.50607   0.76883   0.36855   -0.35247   -0.18342   0.00500
1.05072   -0.85854   0.58541   -0.14322   -0.24126   -0.17129   0.00500
0.90750   -1.09980   0.41412   -0.11389   -0.08352   0.03638   0.00500
1.00436   -0.81420   0.60848   0.00221   -0.00453   -0.05827   0.00500
0.90330   -0.71755   0.65878   0.03383   -0.06727   0.04863   0.00500
0.77431   -0.59419   0.72297   -0.02160   -0.06851   0.10991   0.00500
0.71579   -0.53822   0.75210   0.07148   -0.03370   0.03120   0.00500
0.68220   -0.50609   0.76882   0.15444   -0.05789   0.34790   0.00500
0.61360   -0.43934   0.78624   0.07760   0.03179   0.07031   0.00500
0.69120   -0.40756   0.85655   0.14707   0.01606   0.23756   0.00500
0.59400   -0.42027   0.79121   -0.02543   -0.08745   0.03751   0.00500
0.48637   -0.31550   0.81858   0.05899   0.08792   0.04797   0.00500
0.25073   -0.14141   0.81546   0.03175   0.09300   -0.01621   0.00500
-0.00613   -0.08123   0.67541   -0.10652   0.02316   0.03782   0.00657
-0.11265   -0.05807   0.71323   -0.24760   0.43174   -0.00860   0.00500
-0.36025   0.37367   0.70463   -0.14392   0.27996   -0.19939   0.00500
-0.50417   0.65363   0.50524   0.00452   0.17649   -0.10989   0.00500
-0.01408   -0.06991   1.11273   -0.16069   -0.06420   0.13787   0.00500
-0.17477   -0.13411   1.25060   -0.70211   -0.32535   0.21513   0.00500
-0.23645   0.15780   0.70893   -0.06740   0.00950   0.21471   0.00500
-0.21168   0.11462   0.70979   -0.04900   -0.07046   0.31581   0.00500
0.00614   -0.06248   1.01254   0.01225   -0.04183   0.02185   0.00706
0.01839   -0.10430   1.03439   0.01609   -0.35634   -0.14742   0.00635
0.03236   -0.41363   0.90641   -0.11859   -0.38353   -0.22150   0.00500
-0.08465   -0.79203   0.68788   -0.19464   -0.30233   -0.22131   0.00500
-0.27812   -1.09254   0.46790   -0.18176   -0.09704   -0.03374   0.00500
-0.45988   -1.18958   0.43416   -0.20159   0.01458   -0.15551   0.00500
-0.66105   -1.17503   0.27897   -0.08766   -0.03765   -0.04952   0.00500
-0.39626   -1.15562   0.44597   -0.28409   0.03069   -0.15718   0.00500
-0.35082   -1.13136   0.45440   -0.01036   -0.03684   -0.02185   0.00500
-0.27929   -1.09436   0.46657   -0.02018   0.03314   -0.19096   0.00500
-0.22090   -1.00366   0.53296   -0.02702   -0.00164   -0.01332   0.00500
-0.14304   -0.88274   0.62148   -0.01349   -0.01028   0.02672   0.00500
-0.09428   -0.80700   0.67692   -0.20205   -0.09895   0.13080   0.00500
-0.19170   -0.95831   0.56616   0.00107   -0.03129   0.02854   0.00500
-0.04775   -0.67271   0.75679   -0.08428   -0.02399   0.01222   0.00500
-0.03880   -0.64375   0.77351   0.02550   -0.03552   0.02980   0.00500
-0.02508   -0.66285   0.78954   -0.05616   -0.02924   0.08212   0.00500
-0.00322   -0.52869   0.83996   -0.07572   -0.02265   0.02625   0.00500
-0.06844   -0.73963   0.71814   -0.11171   -0.06833   0.02533   0.00500
0.03224   -0.41109   0.90746   0.03139   -0.02455   0.03559   0.00500
-0.01027   -0.07252   0.97546   -0.00842   0.05828   0.07113   0.00717
-0.01869   -0.01424   1.04659   -0.12870   0.37425   0.00265   0.00541
-0.14739   0.36000   1.04924   -0.39651   0.41547   -0.11590   0.00500
-0.54390   0.77547   0.93334   -0.21518   0.16370   -0.07613   0.00500
-0.75908   0.93917   0.85721   -0.47972   -0.10897   -0.05484   0.00500
-0.68906   0.88590   0.88198   -0.02808   -0.00544   -0.01667   0.00500
-0.66225   0.86551   0.89147   -0.06218   -0.01402   -0.06415   0.00500
-0.50425   0.73392   0.94493   -0.04177   -0.00983   -0.04118   0.00500
-0.38529   0.60928   0.97970   -0.21877   0.09883   0.28405   0.00500
-0.36547   0.58851   0.98549   -0.07670   0.00424   -0.04924   0.00500
-0.32582   0.54696   0.99708   -0.13515   0.01969   -0.00011   0.00500
-0.28617   0.50542   1.00867   -0.11613   0.03899   0.20022   0.00500
-0.40139   0.54410   1.20731   -0.18092   -0.03588   0.25108   0.00500
-0.26634   0.48464   1.01447   -0.03103   -0.01551   -0.01798   0.00500
-0.22669   0.44310   1.02606   -0.01406   0.02186   0.02220   0.00500
-0.16721   0.38077   1.04344   -0.28465   0.02253   0.12503   0.00500
-0.44201   0.40252   1.16415   -0.23596   0.08363   0.05922   0.00500
-0.13453   0.32259   1.04897   -0.02298   0.04461   0.08199   0.00500
-0.11522   0.26645   1.04858   0.09907   0.10499   0.20968   0.00500
-0.09591   0.21031   1.04818   -0.01884   0.04218   0.22327   0.00500
-0.00774   -0.07426   0.88394   -0.22605   -0.33842   -0.07301   0.00976
-0.23311   -0.41166   0.81115   -0.42642   -0.29740   -0.16676   0.00500
-0.65424   -0.70537   0.64646   0.01132   0.01744   0.00000   0.00500
-0.65953   -0.70906   0.64439   -0.65853   -0.23849   -0.34319   0.00500
-1.31806   -0.94755   0.30120   -0.21657   0.09078   -0.25176   0.00500
-1.31806   -0.94755   0.30120   -0.08730   0.14951   -0.21236   0.00500
-1.21928   -0.91177   0.35268   -0.00332   0.07499   -0.19392   0.00500
-1.12049   -0.87600   0.40416   0.02891   0.04196   -0.12763   0.00500
-1.09158   -0.83404   0.27652   -0.04081   0.08661   -0.05775   0.00500
-0.92293   -0.80445   0.50712   -0.06076   0.01354   0.00274   0.00500
-1.02172   -0.84023   0.45564   -0.04944   -0.00093   0.07834   0.00500
-0.95586   -0.81638   0.48996   -0.04915   0.05184   0.00665   0.00500
-0.72539   -0.73291   0.61007   -0.10010   0.03551   0.00395   0.00500
-0.65954   -0.70906   0.64439   -0.11789   0.06568   0.00762   0.00500
-0.44633   -0.56036   0.72777   -0.03794   0.02468   0.03943   0.00500
-0.36104   -0.50088   0.76112   -0.09962   -0.00881   0.13124   0.00500
-0.31839   -0.47114   0.77780   -0.14439   -0.07410   0.40715   0.00500
-0.18858   -0.34499   0.82554   -0.00558   -0.04965   0.07855   0.00500
-0.06425   -0.15886   0.86569   0.00505   -0.01224   0.07713   0.00500
-0.10946   -0.22655   0.85109   -0.14504   0.07843   0.15532   0.00500
-0.07555   -0.17578   0.86204   -0.18991   0.11832   -0.07561   0.00500
-0.26546   -0.05746   0.78643   -0.33783   0.30146   0.10205   0.00500
-0.60329   0.24400   0.88848   -0.22823   0.28161   0.10401   0.00500
-0.83152   0.52561   0.99249   -0.00647   0.20907   -0.01327   0.00500
-0.83799   0.73468   0.97922   0.05658   0.18431   -0.08101   0.00500
-0.78141   0.91898   0.89821   0.03103   0.11108   -0.02291   0.00500
-0.79729   0.48336   0.97689   0.09211   0.09271   0.05157   0.00500
-0.66035   0.31439   0.91448   0.12814   0.23497   0.38452   0.00500
-0.55261   0.19878   0.87317   0.20166   0.33426   0.32057   0.00500
-0.60329   0.24400   0.88848   0.00874   0.01428   0.12107   0.00500
-0.46184   0.11778   0.84575   0.01872   0.03118   0.01113   0.00500
-0.33303   0.00283   0.80684   -0.00963   0.08308   0.10042   0.00500
-0.26546   -0.05746   0.78643   -0.07757   0.07899   0.20587   0.00500
136
0.08898   0.02817   1.87542   0.01608   0.03127   -0.04829   0.02987
0.31641   0.09731   1.82029   0.02578   -0.03352   0.00632   0.02138
0.31641   0.09731   1.82029   -0.00506   -0.02685   -0.05105   0.02895
0.15444   -0.21185   1.84219   0.03314   0.01026   -0.04406   0.02804
0.14926   -0.20394   1.84278   -0.05891   -0.05780   0.00814   0.04147
0.36572   0.16819   1.66404   0.06157   0.01122   -0.04636   0.03894
0.36249   0.16757   1.66477   -0.04004   -0.04295   -0.05876   0.04154
0.23383   -0.25104   1.76976   0.00504   -0.04858   -0.04061   0.03176
0.08869   -0.03818   1.64150   0.03673   -0.03953   0.02817   0.03044
0.08659   -0.03697   1.64102   0.01256   0.03005   -0.05217   0.03075
0.01974   -0.06459   1.18605   0.00976   0.00951   -0.05172   0.02674
0.82405   0.50755   0.40668   -0.03249   0.00235   -0.06704   0.03726
0.68569   0.64013   0.37233   -0.05601   -0.01199   -0.05425   0.03945
0.75468   0.46475   0.49167   -0.02680   0.00965   -0.07859   0.04180
0.61256   0.42917   0.72527   0.00454   0.05598   -0.04308   0.03539
0.56303   0.26449   0.86574   0.06060   -0.02146   0.00310   0.03218
0.56205   0.26272   0.86482   -0.02783   0.01753   -0.07182   0.03950
0.42801   0.29075   0.79056   0.01517   0.00650   -0.07801   0.03987
0.44078   0.25215   0.80799   0.02363   0.01764   -0.05266   0.03018
0.42292   0.23370   0.91896   -0.02235   0.01731   -0.08550   0.04502
0.41984   0.17391   0.90904   0.01410   0.00182   -0.07073   0.03607
0.41353   0.06035   0.94348   0.01801   0.04835   -0.02306   0.02826
0.90278   0.98981   1.19741   0.03326   0.03476   -0.04224   0.03201
0.37881   0.43101   1.04291   -0.04595   0.00522   -0.09258   0.05174
0.44040   0.42737   1.09396   0.05419   -0.03121   0.01758   0.03248
0.37725   0.29921   0.96387   0.00315   0.00943   -0.06281   0.03180
0.29524   0.20616   1.04604   0.04951   -0.03265   -0.01286   0.03034
0.29437   0.20587   1.04312   -0.02374   0.03881   0.02875   0.02691
0.30428   0.15226   0.99254   0.03320   -0.03873   0.05851   0.03882
0.28375   0.15746   0.98844   0.02143   0.00871   -0.06025   0.03227
0.22224   0.17824   0.97583   -0.01249   -0.02253   0.06290   0.03398
0.22292   0.17639   0.97611   -0.02806   0.02683   -0.02886   0.02418
0.21425   0.03667   1.04566   0.03272   -0.02199   -0.04535   0.03005
0.13711   0.04752   0.96910   0.05198   -0.04261   0.02200   0.03536
0.84550   -1.16542   -0.14508   0.03905   0.01152   -0.05149   0.03282
0.82472   -1.17622   -0.10591   -0.04750   0.00986   -0.02484   0.02725
0.77450   -1.27151   -0.05764   -0.03587   0.03311   -0.04138   0.03200
0.70063   -1.15645   0.12619   0.01714   0.04697   -0.02898   0.02890
0.70063   -1.15645   0.12619   -0.01388   -0.03801   -0.04889   0.03173
0.60208   -1.08231   0.24009   0.04139   -0.02146   0.01754   0.02491
0.58205   -1.07858   0.23609   -0.00475   0.01885   -0.05102   0.02730
0.55150   -1.03425   0.21325   0.00019   0.05269   -0.06310   0.04110
0.54961   -1.03440   0.21583   -0.01673   -0.05016   -0.05723   0.03896
0.31514   -0.80647   0.37697   0.05662   -0.03995   -0.02698   0.03718
0.31516   -0.80648   0.37703   -0.03067   0.01291   -0.01730   0.01875
0.41615   -0.79593   0.35270   -0.03451   0.00504   -0.06208   0.03560
0.41146   -0.79511   0.35648   0.07250   -0.00358   -0.03021   0.03931
0.31684   -0.75272   0.50654   0.04656   0.03614   -0.00009   0.02947
0.30770   -0.74590   0.50125   0.01181   -0.01774   -0.07607   0.03950
0.45021   -0.66406   0.75652   0.00338   -0.03441   -0.05914   0.03425
0.20346   -0.60613   0.65927   0.03393   0.01133   -0.03650   0.02556
0.57964   0.61689   0.10417   0.04777   0.06542   -0.02048   0.04178
0.57357   0.65422   0.19773   0.02791   0.03111   -0.06473   0.03852
0.44530   0.48025   0.35995   0.02461   0.01673   -0.05247   0.03016
0.42409   0.41057   0.47432   -0.00428   -0.00903   -0.07526   0.03796
0.44574   0.42431   0.50411   0.03390   0.01033   -0.07966   0.04359
0.40699   0.40423   0.53763   -0.06335   -0.01301   -0.01013   0.03273
0.41041   0.76110   0.53384   -0.00571   0.02514   -0.08162   0.04280
0.41967   0.31955   0.62682   0.00632   0.01375   -0.09898   0.05007
0.38410   0.37065   0.66000   -0.00432   -0.01041   -0.06560   0.03328
0.32250   0.27780   0.67517   -0.00749   0.03574   -0.12371   0.06449
0.42344   0.20637   0.77336   0.01217   -0.00879   -0.05815   0.03003
0.25494   0.20033   0.82600   0.03554   0.04075   -0.04449   0.03501
0.25864   0.20565   0.82843   -0.08735   0.01295   -0.06545   0.05496
1.00637   -0.81831   0.55564   0.01353   -0.00564   -0.05964   0.03071
0.57238   -0.49459   0.82310   -0.03985   0.04829   -0.04616   0.03889
0.57654   -0.48028   0.81696   0.05642   0.01723   -0.00958   0.02989
-0.50390   0.66420   0.49866   -0.05822   0.04901   -0.01305   0.03861
-0.50417   0.65363   0.50524   0.02016   -0.02310   -0.06803   0.03731
-0.32311   0.30891   0.70592   -0.07581   -0.01479   0.00395   0.03867
-0.36025   0.37367   0.70463   -0.01957   0.07124   0.03114   0.04009
-0.27359   0.22256   0.70764   -0.02968   -0.02617   -0.05108   0.03231
-0.74871   -1.21268   0.22945   0.00605   0.00628   -0.06758   0.03407
-0.36012   -1.16443   0.43479   -0.01200   0.00757   -0.05584   0.02881
-0.29947   -1.06122   0.27561   -0.04798   0.04005   -0.04018   0.03715
-0.29947   -1.06122   0.27561   0.07835   -0.00736   -0.03585   0.04324
-0.25681   -1.05944   0.49213   0.00315   -0.05838   -0.03568   0.03425
-0.24792   -1.00530   0.51964   -0.03045   -0.00147   0.00267   0.01530
-0.15666   -0.89312   0.64845   -0.03475   0.04260   -0.02881   0.03103
-0.15653   -0.89302   0.64820   -0.01406   -0.03486   0.03942   0.02723
-0.19063   -0.98960   0.59470   -0.04256   0.01544   -0.01203   0.02342
-0.19063   -0.98960   0.59470   0.04274   -0.04620   -0.05291   0.04111
-0.12941   -0.69596   0.76863   -0.04917   -0.02393   -0.03473   0.03239
-0.13089   -0.69638   0.76884   0.01248   -0.01535   -0.08607   0.04416
-0.01447   -0.67764   0.80195   0.00210   0.00342   -0.07329   0.03670
-0.01331   -0.67926   0.80330   -0.00119   -0.05762   0.00930   0.02919
-0.05711   -0.70297   0.73931   -0.06212   0.01478   -0.02386   0.03408
-0.05708   -0.67537   0.75814   0.00368   0.01977   -0.06931   0.03608
-0.08040   -0.69166   0.87043   -0.03925   0.02443   -0.03476   0.02892
-0.08124   -0.69209   0.87166   -0.00040   -0.05012   -0.04823   0.03478
-0.04608   -0.67378   0.82024   0.01466   -0.01375   -0.07111   0.03695
-0.07894   -0.55134   0.86621   -0.03471   -0.00808   -0.04423   0.02840
-0.17963   -0.80764   0.74335   -0.02292   -0.05452   -0.05095   0.03903
0.06363   -0.43564   0.94305   0.01026   -0.04976   -0.04043   0.03247
-0.78229   0.91613   0.89947   -0.05071   0.01449   -0.02044   0.02828
-0.78476   0.90808   0.90300   0.03319   -0.03081   -0.04576   0.03219
-0.72328   0.85175   0.82851   -0.04597   -0.00561   -0.06050   0.03809
-0.72128   0.85220   0.83057   0.03590   0.01111   -0.08472   0.04634
-0.54618   0.72406   0.90359   0.01138   -0.05173   -0.03890   0.03286
-0.54601   0.72410   0.90376   -0.00105   0.07086   -0.06389   0.04771
-0.42534   0.59182   0.94706   -0.00059   -0.04655   -0.05853   0.03739
-0.44217   0.59275   0.93625   -0.01181   0.06867   -0.08352   0.05439
-0.46097   0.56665   0.99697   -0.05310   0.00205   -0.02679   0.02975
-0.46097   0.56665   0.99697   0.04657   0.00643   -0.04948   0.03413
-0.34027   0.52358   1.10194   0.01039   -0.02304   -0.07285   0.03855
-0.29722   0.46921   0.99658   -0.01844   -0.00799   -0.06158   0.03239
-0.24023   0.46414   1.04742   -0.00583   0.07710   0.01247   0.03916
-0.45145   0.40587   1.16652   0.01248   -0.01855   -0.05630   0.03029
-0.15751   0.36720   1.13096   -0.04652   -0.00791   -0.03668   0.02988
-0.01743   0.37009   1.25555   0.02654   -0.04660   -0.03408   0.03177
-0.01667   0.37089   1.25716   0.05718   0.01795   -0.03151   0.03385
-1.28513   -0.93562   0.31836   0.00582   -0.00470   -0.07352   0.03695
-1.22260   -0.83678   0.15875   -0.01951   0.04482   -0.06556   0.04089
-1.22143   -0.86303   0.22663   -0.03719   0.02854   0.00359   0.02351
-1.22143   -0.86303   0.22663   0.01174   -0.04364   -0.05541   0.03575
-1.09158   -0.83404   0.27653   0.02599   0.01042   -0.06518   0.03547
-0.98369   -0.79091   0.50986   -0.01121   0.01090   -0.05744   0.02977
-1.09158   -0.83404   0.27652   -0.04061   0.03633   -0.06226   0.04137
-1.06903   -0.84112   0.53060   -0.03448   -0.02501   -0.07682   0.04392
-1.07116   -0.84116   0.53398   -0.01296   0.02004   -0.00332   0.01205
-1.00501   -0.76454   0.49661   -0.03519   -0.00635   -0.10498   0.05545
-0.82548   -0.69740   0.61402   0.06892   0.07966   0.00749   0.05280
-0.82548   -0.69740   0.61402   0.00224   0.00322   -0.10772   0.05389
-0.48897   -0.59010   0.71109   -0.02386   0.01518   -0.07144   0.03842
-0.48300   -0.53651   0.76589   -0.02856   0.02231   -0.03881   0.02655
-0.46066   -0.50969   0.89236   -0.02174   -0.00831   -0.05799   0.03124
-0.46066   -0.50969   0.89236   0.00063   -0.03113   -0.05687   0.03242
-0.19416   -0.39464   0.90409   -0.04981   0.01925   0.03124   0.03094
-0.19416   -0.39464   0.90409   0.04731   -0.04940   -0.01644   0.03517
-0.05976   -0.16974   0.93422   -0.02583   -0.05377   -0.01450   0.03070
-0.78141   0.91898   0.89821   0.00022   0.01451   -0.08052   0.04091
-0.77446   0.45520   0.96649   0.00132   0.02744   -0.05895   0.03252
-0.70815   0.57308   1.02679   0.00588   0.01676   -0.07679   0.03941
-0.44313   0.14895   0.85688   0.02684   0.00667   -0.06875   0.03705
-0.34268   0.08605   0.90743   -0.02116   0.00272   -0.04566   0.02520
-0.34187   0.07909   0.89901   0.03447   0.01395   0.06269   0.03644
