81
0.000000 0.000000 0.000000 0.000000 0.000000 0.500000 0.030000
0.000000 0.000000 0.500000 -1.236961 0.000000 2.288122 0.022755
-0.309240 0.000000 1.072031 -0.000723 -0.187523 0.052440 0.010078
-0.309602 -0.093762 1.098251 -0.065511 -0.007135 0.031503 0.011376
-0.309963 -0.187523 1.124471 -0.129103 -0.084847 0.031296 0.011036
-0.309963 -0.187523 1.124471 0.062038 -0.063666 -0.059893 0.009826
-0.618480 0.000000 1.644061 -0.009200 -0.093770 -0.013976 0.009558
-0.623080 -0.046885 1.637073 0.038610 -0.077242 0.086930 0.010636
-0.627681 -0.093770 1.630085 0.050751 -0.149485 0.011034 0.010452
-0.927721 0.000000 2.216092 0.042812 -0.248364 -0.048486 0.010063
-0.884908 -0.248364 2.167606 -0.130688 -0.145332 -0.085019 0.008774
-1.236961 0.000000 2.788122 -0.005570 -0.118730 -0.011737 0.011182
-1.242531 -0.118730 2.776386 -0.049407 -0.055298 0.001007 0.009717
-1.238818 -0.039577 2.784210 0.097928 -0.098353 0.025834 0.010954
-1.240674 -0.079153 2.780298 0.038970 -0.068171 0.025870 0.010835
-1.242531 -0.118730 2.776386 0.072933 -0.005124 -0.007105 0.010851
-0.247392 0.000000 0.957624 -0.041738 0.108928 -0.028638 0.009163
-0.289130 0.108928 0.928986 0.057417 0.091560 -0.040137 0.009367
-0.268261 0.054464 0.943305 0.048853 -0.015430 -0.004437 0.011829
-0.289130 0.108928 0.928986 -0.100527 -0.025396 -0.083321 0.008793
-0.494784 0.000000 1.415249 0.015761 0.088837 0.015127 0.010432
-0.489531 0.029612 1.420291 0.129573 -0.025801 -0.012542 0.008724
-0.484277 0.059225 1.425334 0.093441 0.006071 -0.019416 0.010299
-0.479024 0.088837 1.430376 0.150905 0.042077 0.007904 0.008214
-0.490844 0.022209 1.419031 -0.008386 0.013078 -0.008940 0.011273
-0.486904 0.044419 1.422813 -0.092741 0.063775 -0.010885 0.011600
-0.482964 0.066628 1.426594 -0.029266 0.026936 0.012202 0.009870
-0.479024 0.088837 1.430376 -0.037160 0.036960 -0.013632 0.009566
-0.742177 0.000000 1.872873 0.008569 0.159082 -0.017702 0.011307
-0.737892 0.079541 1.864022 0.018873 0.015991 -0.001592 0.009327
-0.733608 0.159082 1.855172 0.107762 0.065092 -0.024837 0.011047
-0.733608 0.159082 1.855172 -0.090278 0.124044 -0.060168 0.009737
-0.989569 0.000000 2.330498 -0.049063 0.168440 0.041113 0.008441
-1.014100 0.084220 2.351054 0.058073 0.099052 -0.004941 0.011053
-1.038632 0.168440 2.371611 0.030296 0.033628 0.003747 0.010695
-0.999381 0.033688 2.338720 -0.056163 0.060492 -0.021963 0.009122
-1.009194 0.067376 2.346943 -0.055972 0.027613 -0.024694 0.011101
-1.019007 0.101064 2.355166 -0.097549 0.053201 0.032957 0.010784
-1.028819 0.134752 2.363388 -0.112773 -0.006622 0.000569 0.008547
-1.038632 0.168440 2.371611 -0.072761 0.126548 0.038021 0.009382
-1.236961 0.000000 2.788122 -0.057321 0.180593 0.060265 0.009971
-1.251291 0.045148 2.803189 0.136450 0.062090 -0.044383 0.011310
-1.265621 0.090297 2.818255 0.079466 0.063003 0.010108 0.009275
-1.279951 0.135445 2.833321 0.037915 0.094388 0.016091 0.010589
-1.294281 0.180593 2.848388 0.045164 0.136077 -0.012525 0.009621
-1.265621 0.090297 2.818255 -0.087522 0.065803 0.062756 0.009949
-1.294281 0.180593 2.848388 -0.045785 0.016537 0.014358 0.008982
0.000000 0.000000 0.500000 1.307630 -0.000000 2.234232 0.020179
0.326908 -0.000000 1.058558 -0.021705 0.139690 -0.015488 0.010500
0.316055 0.069845 1.050814 0.038657 0.035328 0.033804 0.011310
0.305203 0.139690 1.043070 0.071029 0.062909 -0.006795 0.010776
0.316055 0.069845 1.050814 -0.115541 0.015657 0.054169 0.008442
0.305203 0.139690 1.043070 -0.051791 -0.032347 -0.021724 0.009662
0.653815 -0.000000 1.617116 -0.001489 0.134540 0.002371 0.008180
0.653319 0.044847 1.617906 0.078965 0.037817 -0.006111 0.010698
0.652822 0.089693 1.618697 0.065502 0.043345 0.003441 0.009588
0.652326 0.134540 1.619487 0.127631 0.053847 -0.070545 0.008687
0.652326 0.134540 1.619487 -0.078159 0.047117 0.026611 0.011060
0.980723 -0.000000 2.175674 0.032459 0.088311 0.031359 0.007683
0.996952 0.044156 2.191353 0.055486 0.035883 0.012784 0.010124
1.013182 0.088311 2.207033 0.064697 0.024544 -0.006361 0.007464
0.991542 0.029437 2.186127 -0.067979 0.103544 0.024086 0.010617
1.002362 0.058874 2.196580 -0.046221 0.044143 0.038727 0.011533
1.013182 0.088311 2.207033 -0.023038 0.039978 0.018957 0.009546
1.307630 -0.000000 2.734232 0.011152 0.189057 0.060454 0.009342
1.318782 0.189057 2.794685 0.075418 0.048147 0.049747 0.009003
0.435877 -0.000000 1.244744 0.010524 -0.128302 0.033639 0.010082
0.441139 -0.064151 1.261563 -0.024204 -0.138640 -0.074643 0.010925
0.446401 -0.128302 1.278383 -0.092556 -0.047233 0.039102 0.010807
0.441139 -0.064151 1.261563 0.135468 -0.067806 -0.051823 0.009959
0.446401 -0.128302 1.278383 0.076941 -0.050131 0.039649 0.009873
0.871753 -0.000000 1.989488 -0.033099 -0.156730 0.000031 0.013409
0.838655 -0.156730 1.989518 -0.116592 -0.044157 -0.008043 0.010102
0.855204 -0.078365 1.989503 0.126979 -0.158488 0.082238 0.009392
0.838655 -0.156730 1.989518 0.023319 -0.023474 0.004327 0.010246
1.307630 -0.000000 2.734232 0.024633 -0.115087 0.066630 0.009899
1.315841 -0.038362 2.756442 -0.044875 -0.100958 0.088855 0.010636
1.324052 -0.076725 2.778651 -0.040593 -0.073518 0.041548 0.010064
1.332263 -0.115087 2.800861 -0.109628 -0.070378 -0.018079 0.010455
1.319947 -0.057544 2.767547 0.023780 0.000228 0.008974 0.009551
1.332263 -0.115087 2.800861 0.059793 -0.038395 0.051077 0.008907
67
-0.178702 -0.000093 0.804208 -0.009724 -0.000452 -0.110567 0.055497
-0.353092 0.000917 1.131015 0.001449 0.004084 -0.101268 0.050680
-0.530966 -0.001169 1.457915 -0.003039 -0.004229 -0.082154 0.041159
-0.720610 0.018022 1.809295 -0.067354 0.088119 0.008784 0.055630
-0.873397 -0.006070 2.114931 0.037169 -0.022237 -0.071223 0.041679
-1.060000 0.000336 2.438497 0.000942 0.001258 -0.085069 0.042542
-1.236735 -0.000626 2.778174 0.002485 -0.006876 -0.109367 0.054805
-0.308652 -0.098331 1.087875 0.007560 -0.036363 -0.082567 0.045268
-0.310695 -0.188881 1.114767 -0.007113 -0.013188 -0.094248 0.047716
-0.377520 -0.100178 1.118658 -0.020788 0.006206 -0.095809 0.049117
-0.355143 -0.226582 1.133871 -0.018152 -0.091160 -0.008728 0.046679
-0.390908 -0.243525 1.135576 0.044901 0.004936 -0.085532 0.048364
-0.436615 -0.270136 1.145240 0.018180 0.016577 -0.078100 0.040942
-0.253975 -0.251991 1.056877 -0.060566 -0.008028 -0.077092 0.049183
-1.236744 -0.120832 2.767451 0.051365 -0.018659 -0.079297 0.048152
-1.140825 -0.133396 2.800073 0.000610 0.042899 -0.094348 0.051822
-0.339863 0.096142 0.878546 -0.004913 -0.000914 -0.091917 0.046026
-0.389754 0.083406 0.836874 -0.001106 -0.001436 -0.100222 0.050119
-0.487616 0.091257 1.426935 -0.090030 0.025359 -0.036057 0.050121
-0.360096 0.003859 1.399026 -0.001586 0.000556 -0.100804 0.050409
-0.397478 0.064936 1.398054 -0.071832 -0.003891 -0.085049 0.055697
-0.325286 0.130840 1.430571 0.037785 -0.000987 -0.102819 0.054773
-0.500536 0.036955 1.399019 -0.010458 0.013356 -0.088631 0.045120
-0.571194 0.108944 1.404016 0.073576 0.006531 -0.068887 0.050501
-0.512796 0.089687 1.429737 -0.005861 -0.040172 -0.093876 0.051139
-0.512717 0.132499 1.410863 0.039422 0.076228 -0.066887 0.054403
-0.733828 0.159143 1.845437 -0.001786 0.000495 -0.079070 0.039546
-0.623297 0.233486 1.824967 0.023284 0.085088 -0.049045 0.050467
-0.831879 0.283489 1.789454 -0.084932 0.003862 -0.058976 0.051736
-0.956203 0.185954 2.335392 -0.001611 0.024610 -0.098368 0.050706
-1.055311 0.095853 2.307794 0.002457 0.017605 -0.094292 0.047976
-1.127266 0.153453 2.389088 -0.097955 -0.007424 0.008827 0.049316
-1.135440 0.132117 2.359566 0.073999 0.047958 -0.052814 0.051394
-1.111527 0.290886 2.401195 -0.001441 -0.044092 -0.090704 0.050431
-1.241927 0.229832 2.838824 0.001084 -0.000015 -0.105043 0.052524
-1.253290 0.315968 2.827222 -0.035192 -0.005924 -0.072870 0.040570
-1.350648 0.153441 2.871754 0.020781 -0.022144 -0.077100 0.041432
-1.340210 0.201329 2.854806 -0.001253 0.036699 -0.069398 0.039257
0.093613 0.000653 0.652940 -0.033084 0.003100 -0.089779 0.047865
0.187563 0.013285 0.836987 -0.071027 0.069325 -0.035179 0.052651
0.300571 -0.001956 0.995544 -0.005902 -0.009699 -0.099410 0.050028
0.408912 -0.000733 1.168389 0.031221 -0.003485 -0.090692 0.047989
0.503986 0.000914 1.339189 0.005936 0.005161 -0.113669 0.056971
0.599866 -0.003889 1.511724 -0.015497 -0.016488 -0.082506 0.042776
0.699068 -0.001859 1.683597 -0.026025 -0.009597 -0.100429 0.052095
0.803383 -0.000954 1.854798 -0.006060 -0.004406 -0.092849 0.046575
0.909240 0.003004 2.027218 0.023465 0.017809 -0.115956 0.059820
1.005252 0.001767 2.198548 -0.003059 0.008750 -0.099505 0.049968
1.104917 0.001403 2.370433 -0.006450 0.005878 -0.084081 0.042266
1.205625 -0.005048 2.542882 -0.006269 -0.022319 -0.086159 0.044612
1.307751 0.000158 2.724335 0.001099 0.001440 -0.090277 0.045148
0.357575 0.111638 1.075791 0.023381 0.052799 -0.072089 0.046183
0.377533 0.200137 1.025864 0.012402 -0.023458 -0.099225 0.051356
0.198036 0.082765 1.097391 -0.021010 -0.023215 -0.064384 0.035797
0.257820 0.103359 1.013726 0.036377 -0.032876 -0.062881 0.039869
0.647463 0.134012 1.609568 -0.042928 -0.004655 -0.087558 0.048813
0.775617 0.189676 1.541529 -0.049169 0.014606 -0.083985 0.049205
0.566602 0.176112 1.640238 -0.069701 -0.051086 -0.053990 0.050948
1.015263 0.090576 2.197996 0.022823 0.024839 -0.099096 0.052340
0.920241 0.130925 2.200341 -0.029478 -0.018242 -0.087586 0.047098
1.315557 0.188534 2.786296 -0.032753 -0.005319 -0.085195 0.045715
0.416585 -0.208425 1.177567 -0.003004 -0.048475 -0.080469 0.046995
0.842855 -0.160213 1.980847 0.038018 -0.031532 -0.078483 0.046366
0.981598 -0.244175 2.065887 -0.006345 -0.079422 -0.063499 0.050942
1.284094 -0.154699 2.811198 0.006797 -0.047690 -0.096334 0.053854
1.341478 -0.057356 2.767237 -0.022995 -0.000410 -0.094929 0.048838
1.392517 -0.152516 2.843096 0.005076 0.010634 -0.097282 0.048996
0
