246
-0.000000   -0.000000   0.000000   -0.063970   -0.029720   0.328550   0.031200
-0.063970   -0.029720   0.328550   0.083900   -0.014360   0.655720   0.018560
0.019540   -0.044013   0.981221   0.032900   -0.035220   0.537700   0.016640
0.052440   -0.079233   1.518921   -0.010090   -0.047530   0.540850   0.012750
0.042350   -0.126764   2.059780   -0.073190   -0.045230   0.437390   0.007050
-0.030840   -0.171994   2.497170   0.042320   0.013890   0.229960   0.005000
0.024671   -0.137689   2.165431   0.130940   -0.009650   0.102260   0.005000
0.154044   -0.147224   2.266467   0.160600   -0.114210   0.017680   0.005000
0.314648   -0.261437   2.284147   0.212680   -0.171450   -0.162630   0.005000
0.034933   -0.131347   2.104102   0.169200   0.137560   0.052130   0.005000
0.201476   0.004053   2.155413   0.079950   0.201750   0.020200   0.005000
0.281426   0.205803   2.175613   0.041330   0.265610   0.013230   0.005000
0.042965   -0.123867   2.026811   0.104430   -0.108410   0.011770   0.005000
0.043730   -0.120262   1.985790   0.074260   0.069980   0.008200   0.005000
0.044872   -0.114881   1.924561   0.089620   0.014450   -0.009800   0.005000
0.044955   -0.114492   1.920140   -0.003260   -0.047400   0.007590   0.005000
0.041695   -0.161892   1.927730   0.041230   0.046670   0.033550   0.005000
0.036679   -0.062361   1.261331   0.173310   -0.040060   0.113160   0.009900
0.209987   -0.102420   1.374490   0.115380   -0.091090   0.106210   0.005000
0.325363   -0.193508   1.480697   0.235690   -0.175540   0.014760   0.005000
0.561060   -0.369053   1.495457   0.308230   -0.315900   -0.174030   0.005000
0.867498   -0.683116   1.322439   0.058050   -0.207800   -0.149010   0.005000
0.029499   -0.054674   1.143981   0.175390   -0.039080   0.098560   0.009280
0.199542   -0.092563   1.239536   0.115910   -0.013490   0.028260   0.010540
0.314342   -0.105924   1.267526   0.214550   0.091220   0.055460   0.005000
0.528892   -0.014704   1.322986   0.640730   0.377680   0.065160   0.005000
1.163053   0.359104   1.387478   0.062350   0.095450   0.042520   0.005000
1.225378   0.454516   1.429981   0.063380   0.124570   0.218200   0.005000
1.137584   0.344092   1.384888   0.042690   0.185570   0.268530   0.005000
1.044364   0.289143   1.375408   0.040250   -0.004290   0.039550   0.005000
1.009445   0.268560   1.371857   -0.015620   0.078360   0.168270   0.005000
0.987112   0.255396   1.369585   -0.001470   -0.019730   0.236850   0.005000
0.945366   0.230788   1.365340   0.046430   -0.042710   0.072250   0.005000
0.913332   0.211905   1.362082   0.002140   0.058770   0.356790   0.005000
0.753151   0.117487   1.345792   -0.036790   0.012570   -0.006880   0.005000
0.721113   0.098602   1.342534   0.159560   -0.048630   0.357320   0.005000
0.879907   0.050206   1.698138   0.003850   0.005810   0.163340   0.005000
0.576033   0.013084   1.327780   0.008280   0.040990   0.091820   0.005000
0.584313   0.054074   1.419600   0.064340   0.050260   0.116760   0.005000
0.503893   -0.025332   1.316524   0.065730   -0.072870   0.145870   0.005000
0.464532   -0.042067   1.306349   0.016540   0.093560   0.114350   0.005000
0.480923   0.050651   1.419671   0.028970   0.106040   0.077980   0.005000
0.508937   0.153189   1.495075   -0.028030   0.004230   0.188900   0.005000
0.458359   -0.044692   1.304754   0.110550   -0.072580   0.031730   0.005000
0.566278   -0.115545   1.335729   0.145200   -0.033670   0.160230   0.005000
0.302112   -0.104500   1.264544   0.071310   -0.086950   0.063860   0.005000
0.024995   -0.049853   1.070371   0.113060   0.140600   0.015420   0.012440
0.129122   0.079639   1.084573   0.129120   0.215770   0.025850   0.023420
0.254818   0.289686   1.109737   0.106860   0.213450   0.030520   0.005000
0.361674   0.503129   1.140256   0.024390   0.217280   0.072090   0.005000
0.386101   0.720738   1.212455   -0.013960   0.275040   0.134590   0.005000
0.372141   0.995766   1.347039   -0.025000   0.129460   0.225140   0.005000
0.347141   1.125226   1.572180   -0.042050   0.323130   0.334560   0.005000
0.364641   1.034608   1.414588   -0.078480   0.074150   0.006380   0.005000
0.286752   1.108199   1.420920   -0.077650   0.075100   -0.103440   0.005000
0.378594   0.868636   1.284829   -0.011940   0.004600   0.025680   0.005000
0.379847   0.843947   1.272747   -0.230000   0.022880   0.190300   0.005000
0.383625   0.698678   1.205136   -0.076240   0.026790   -0.062300   0.005000
0.324276   0.428428   1.129575   0.033880   0.015300   0.030340   0.005000
0.324276   0.428428   1.129575   -0.070490   0.059040   -0.086890   0.005000
0.302904   0.385738   1.123471   0.076320   0.047290   0.200540   0.005000
0.379076   0.432936   1.323621   0.092610   0.092590   0.030030   0.005000
0.258188   0.295329   1.110411   -0.079860   0.031470   -0.003550   0.005000
0.137829   0.090477   1.085765   -0.030030   0.042410   0.059230   0.005000
0.019931   -0.044080   0.984281   0.095310   0.037990   0.085290   0.005000
0.114329   -0.006454   1.068755   0.141390   0.105930   0.155410   0.005000
0.254361   0.098459   1.222672   0.204730   0.285760   0.072950   0.005000
0.458244   0.383037   1.295320   0.204940   0.344770   -0.069490   0.005000
0.663187   0.727811   1.225829   0.089610   0.181410   -0.115910   0.005000
0.752772   0.909170   1.109952   0.032970   0.092490   -0.025140   0.005000
0.009189   -0.042242   0.900320   0.021850   -0.145380   0.008070   0.014400
0.031039   -0.187622   0.908390   0.174620   -0.408850   -0.091410   0.005000
0.205658   -0.596471   0.816981   0.252060   -0.233290   -0.045510   0.005000
0.457957   -0.829982   0.771427   0.342900   -0.121280   0.045270   0.005000
0.800856   -0.951262   0.816697   0.099690   -0.052210   0.081640   0.005000
0.800856   -0.951262   0.816697   0.020370   0.011730   0.059710   0.005000
0.663696   -0.902750   0.798589   0.062840   0.129650   0.098190   0.005000
0.509397   -0.848176   0.778218   0.056750   0.020980   -0.057160   0.005000
0.419906   -0.794764   0.778298   0.012690   -0.061250   -0.003510   0.005000
0.432596   -0.856014   0.774788   0.079830   -0.137810   -0.002980   0.005000
0.382098   -0.759772   0.785124   -0.000810   0.007130   0.034030   0.005000
0.369493   -0.748106   0.787400   0.077830   0.039970   -0.090340   0.005000
0.331686   -0.713114   0.794226   0.064390   0.024720   0.042000   0.005000
0.293878   -0.678121   0.801052   0.035000   -0.047020   0.123090   0.005000
0.328878   -0.725141   0.924142   0.230030   -0.055800   0.180920   0.005000
0.306483   -0.689787   0.798776   0.030370   0.015680   -0.046090   0.005000
0.153270   -0.473811   0.844405   0.083170   -0.024450   0.050570   0.005000
0.179465   -0.535142   0.830692   0.120690   0.020930   -0.035970   0.005000
0.125074   -0.407793   0.859165   0.154520   0.047850   -0.021270   0.005000
0.100887   -0.351162   0.871826   0.102180   -0.029790   0.074850   0.005000
-0.004498   -0.039899   0.793351   0.171790   -0.180660   0.134530   0.005000
0.166494   -0.219720   0.927256   0.173530   -0.190620   -0.001400   0.005000
0.340024   -0.410340   0.925856   0.198070   -0.240510   -0.025720   0.005000
0.538089   -0.650844   0.900137   0.331620   -0.363330   -0.131760   0.005000
0.869065   -1.013468   0.768633   0.244760   -0.038520   -0.264540   0.005000
0.836545   -0.977838   0.781554   0.054170   0.001800   -0.049850   0.005000
0.770221   -0.905172   0.807906   0.053280   -0.016800   0.065840   0.005000
0.753643   -0.887009   0.814493   0.017690   0.022070   -0.000990   0.005000
0.587831   -0.705342   0.880374   0.079250   0.225700   0.223040   0.005000
0.538089   -0.650844   0.900137   0.110330   0.099420   -0.019340   0.005000
0.488574   -0.590720   0.906567   0.082520   -0.148360   0.214750   0.005000
0.458862   -0.554641   0.910425   0.048240   -0.109450   0.199570   0.005000
0.409343   -0.494511   0.916855   0.039900   -0.002260   0.034520   0.005000
0.340024   -0.410340   0.925856   0.119120   0.017640   0.001990   0.005000
0.296640   -0.362684   0.926206   0.249990   0.071090   0.203370   0.005000
0.253257   -0.315028   0.926556   0.071150   0.016300   0.082820   0.005000
0.323335   -0.298973   1.008129   0.079170   0.013110   0.021640   0.005000
0.209873   -0.267371   0.926906   -0.027400   -0.063630   0.147490   0.005000
0.167295   -0.220562   0.927883   0.047660   0.042220   0.030330   0.005000
-0.006746   -0.039514   0.775781   0.166790   0.108130   0.154940   0.005000
0.151453   0.063047   0.922741   0.275770   0.022220   0.149810   0.005090
0.427231   0.085267   1.072555   0.378950   0.184980   -0.010800   0.005000
0.806181   0.270247   1.061755   0.382630   0.171880   0.014990   0.005000
1.182547   0.439314   1.076499   0.238850   0.098390   0.099590   0.005000
1.419128   0.536769   1.175143   0.157180   -0.115840   0.220790   0.005000
1.571880   0.424192   1.389713   0.051750   -0.079390   0.254540   0.005000
1.421397   0.537704   1.176089   0.111160   -0.093270   0.083170   0.005000
1.532747   0.444275   1.259401   0.123200   -0.071500   0.152750   0.005000
1.344516   0.506034   1.144033   0.083060   -0.072400   0.027610   0.005000
1.361688   0.513108   1.151193   0.054290   -0.066960   -0.042980   0.005000
1.415980   0.446146   1.108212   0.139690   -0.116500   0.112690   0.005000
1.225649   0.457069   1.094471   0.054150   -0.080870   0.073640   0.005000
1.279799   0.376199   1.168111   0.101760   -0.134710   0.325670   0.005000
1.112280   0.407749   1.073747   0.104830   -0.059050   -0.011140   0.005000
1.005788   0.359912   1.069575   0.013730   -0.024860   -0.040000   0.005000
0.978367   0.347594   1.068500   0.021270   0.010410   0.122610   0.005000
0.864412   0.296405   1.064036   -0.040260   0.002930   0.096410   0.005000
0.826118   0.279203   1.062536   0.080190   -0.059680   -0.026330   0.005000
0.806181   0.270247   1.061755   0.013590   0.086970   -0.010940   0.005000
0.768289   0.251751   1.062835   0.008870   0.056290   0.067070   0.005000
0.599749   0.169480   1.067638   0.083390   -0.069610   0.075620   0.005000
0.680896   0.101742   1.141224   0.109430   -0.065570   -0.015080   0.005000
0.616702   0.177755   1.067155   -0.021540   0.044540   0.024120   0.005000
0.003151   -0.041208   0.853131   0.055310   -0.232250   -0.044180   0.010200
0.058460   -0.273456   0.808952   0.133470   -0.363910   -0.058530   0.005000
0.190203   -0.632657   0.751179   0.042760   -0.073970   -0.005090   0.005000
0.232963   -0.706627   0.746089   0.219320   -0.202720   0.007160   0.005000
0.452418   -0.909471   0.753253   0.198040   -0.126090   0.013270   0.005000
0.650458   -1.035561   0.766523   0.376260   0.030220   -0.056110   0.005000
0.620751   -1.016647   0.764533   0.081300   -0.008040   0.072980   0.005000
0.591046   -0.997734   0.762542   0.098260   0.020200   -0.020920   0.005000
0.233088   -0.706844   0.746074   0.146690   -0.149450   0.178820   0.005000
0.379781   -0.856297   0.924898   0.179570   -0.125940   0.144000   0.005000
0.171909   -0.582778   0.759201   0.160450   -0.033690   -0.111910   0.005000
0.209442   -0.665937   0.748889   0.057040   -0.043270   -0.134760   0.005000
0.138543   -0.491805   0.773833   0.118890   -0.002380   -0.108590   0.005000
0.091829   -0.364438   0.794318   0.120930   0.016940   -0.061240   0.005000
-0.019862   -0.165209   2.431561   -0.033370   0.147020   0.077370   0.005000
-0.052956   -0.019402   2.508293   -0.056510   0.272210   0.003710   0.005000
-0.034877   -0.099053   2.466375   0.012650   0.077300   0.150610   0.005000
-0.012542   -0.160686   2.387821   0.142650   0.102310   0.061430   0.005000
0.128060   -0.059845   2.448369   0.184520   0.243250   0.016490   0.005000
0.013075   -0.144855   2.234730   0.185260   -0.009700   0.158620   0.005000
0.198334   -0.154555   2.393349   0.149880   0.031590   -0.024970   0.005000
0.348214   -0.122965   2.368379   0.223240   0.064930   -0.132470   0.005000
0.042350   -0.126764   2.059780   0.013690   0.024780   -0.013130   0.005000
0.042350   -0.126764   2.059780   -0.094460   0.148680   0.061020   0.005000
-0.048216   0.015787   2.118285   -0.047230   0.149240   0.013510   0.005000
-0.095446   0.165027   2.131795   -0.109970   0.171810   -0.182060   0.005000
-0.202373   0.332081   1.954774   -0.000350   0.121850   -0.083410   0.005000
0.045881   -0.110128   1.870481   -0.079650   0.198930   0.047070   0.005000
0.044873   -0.115577   1.920313   0.068070   -0.009360   0.031830   0.005000
0.044285   -0.117587   1.955262   0.075620   -0.003890   -0.028550   0.005000
0.046386   -0.107752   1.843440   0.027720   0.119110   0.020530   0.005000
0.047899   -0.100622   1.762310   -0.040150   0.128600   0.015950   0.005000
0.049413   -0.093493   1.681180   -0.015460   0.037080   0.004140   0.005000
0.045860   -0.072189   1.411381   -0.120620   0.065470   0.058930   0.005000
-0.074757   -0.006721   1.470309   -0.136260   0.179280   0.070720   0.005000
-0.209823   0.170988   1.540409   -0.155400   0.392580   -0.118520   0.005000
-0.362356   0.556326   1.424076   -0.131950   0.095300   -0.047890   0.005000
0.040925   -0.066907   1.330731   -0.023840   0.017910   0.015410   0.005000
0.029410   -0.054579   1.142531   0.030990   0.199260   0.062830   0.009480
0.059817   0.140930   1.204179   0.071430   0.389390   -0.107660   0.005000
0.130339   0.525370   1.097888   -0.015830   0.256100   -0.080050   0.005000
0.114845   0.776021   1.019541   0.086520   0.087080   0.010680   0.005000
0.201365   0.863101   1.030221   0.132470   0.216850   0.182890   0.005000
0.333103   1.078753   1.212100   0.019960   0.088920   0.099170   0.005000
0.287471   1.004054   1.149100   -0.064840   0.070760   0.054040   0.005000
0.119258   0.704639   1.041853   -0.056770   0.378440   0.342820   0.005000
0.120532   0.471909   1.112669   -0.056000   0.085580   0.063920   0.005000
0.065259   0.556378   1.175758   -0.025910   0.056370   0.076340   0.005000
0.131247   0.530320   1.096519   -0.004820   0.152310   0.085760   0.005000
0.091959   0.316151   1.155733   -0.051630   0.069740   0.022530   0.005000
0.099102   0.355089   1.144968   -0.124850   0.084490   0.028950   0.005000
0.060400   0.144679   1.205361   -0.042310   0.030200   0.102220   0.005000
0.019930   -0.044080   0.984271   -0.073560   0.073420   0.003750   0.005240
-0.041964   0.017696   0.987427   -0.293590   0.305650   -0.014070   0.005000
-0.335554   0.323346   0.973357   -0.224480   0.384780   0.098230   0.005000
-0.560031   0.708121   1.071585   -0.430690   0.017130   0.115960   0.005000
-0.473181   0.559252   1.033581   -0.041310   0.030650   0.043290   0.005000
-0.513735   0.589341   1.076078   -0.048340   0.055180   -0.037670   0.005000
-0.447792   0.515732   1.022471   -0.092480   0.013160   -0.015150   0.005000
-0.391671   0.419536   0.997913   0.008060   0.080050   0.130340   0.005000
-0.383750   0.498207   1.126006   -0.050690   0.063600   0.108050   0.005000
-0.369224   0.381061   0.988090   -0.037710   -0.011640   0.088440   0.005000
-0.309401   0.296119   0.974610   0.009310   0.057970   0.067450   0.005000
-0.253720   0.238150   0.977278   -0.015610   -0.019420   0.009530   0.005000
-0.218121   0.201089   0.978984   -0.015890   -0.024390   0.000830   0.005000
-0.174080   0.155240   0.981095   0.019580   -0.013500   0.040510   0.005000
-0.144718   0.124671   0.982502   -0.033790   -0.025350   0.038920   0.005000
0.007346   -0.041926   0.885921   -0.056270   0.109240   0.047410   0.006150
-0.048927   0.067321   0.933334   -0.242970   0.433360   0.055030   0.005000
-0.290400   0.498009   0.988024   -0.127190   0.399690   -0.056710   0.005000
-0.417249   0.896630   0.931466   0.189990   0.357480   -0.089260   0.005000
-0.404870   0.857729   0.936985   -0.024450   0.016020   -0.123360   0.005000
-0.379432   0.777789   0.948328   0.071020   0.058240   -0.051710   0.005000
-0.328555   0.617912   0.971012   0.075960   0.121750   0.027370   0.005000
-0.253806   0.737721   0.997946   0.089540   0.143540   0.217990   0.005000
-0.296758   0.517991   0.985189   0.125410   0.139470   0.210790   0.005000
-0.172057   0.656672   1.194788   0.065810   0.075050   0.187480   0.005000
-0.255531   0.435818   0.980127   0.019500   0.005830   -0.012350   0.005000
-0.234328   0.398000   0.975325   0.017770   0.004830   0.019750   0.005000
-0.206081   0.347618   0.968927   -0.019610   -0.001050   0.028150   0.005000
-0.186044   0.311882   0.964389   0.003830   -0.000650   0.034420   0.005000
-0.097519   0.153989   0.944339   -0.082240   0.012000   0.078520   0.005000
-0.061077   0.088991   0.936085   0.018950   0.058080   0.020250   0.005000
-0.048927   0.067321   0.933334   -0.098330   -0.066370   0.050630   0.005000
-0.009435   -0.039054   0.754771   -0.064210   0.162340   0.032250   0.008680
-0.066925   0.106297   0.783645   -0.140840   0.488690   0.028300   0.005000
-0.207148   0.592846   0.811822   0.017100   0.554690   0.093460   0.005000
-0.190067   1.146916   0.905177   0.002890   0.262060   -0.002810   0.005000
-0.187190   1.407766   0.902380   -0.151320   0.132140   -0.092420   0.005000
-0.338513   1.539909   0.809958   -0.107050   0.096190   -0.204260   0.005000
-0.330942   1.533297   0.814583   -0.043630   0.115670   -0.037730   0.005000
-0.228345   1.443704   0.877245   -0.060620   0.040900   -0.136670   0.005000
-0.225020   1.440801   0.879276   -0.031950   0.000180   -0.021480   0.005000
-0.187177   1.408977   0.902367   -0.044770   0.095310   0.124660   0.005000
-0.187993   1.335006   0.903160   -0.076770   0.021400   0.030530   0.005000
-0.264164   1.356240   0.933452   -0.092460   0.093650   0.063930   0.005000
-0.188477   1.291056   0.903632   -0.165120   0.042280   -0.009700   0.005000
-0.189681   1.181906   0.904802   -0.023010   0.039990   0.132300   0.005000
-0.189344   1.212436   0.904475   -0.123050   0.053410   0.033730   0.005000
-0.196150   0.949586   0.871929   -0.121450   0.030300   0.065450   0.005000
-0.315222   0.979293   0.936097   -0.056920   0.102130   0.434670   0.005000
-0.200308   0.814715   0.849204   -0.117430   0.050480   0.089740   0.005000
-0.318067   0.865336   0.939196   -0.101370   0.017590   0.085930   0.005000
-0.198598   0.870186   0.858551   0.047520   0.006540   -0.003530   0.005000
-0.203728   0.703776   0.830512   0.010240   -0.006020   0.033640   0.005000
-0.207765   0.594987   0.811945   -0.049520   0.000400   0.019890   0.005000
-0.186640   0.521685   0.807701   -0.065310   0.004700   0.002330   0.005000
-0.158472   0.423947   0.802041   -0.000930   -0.002710   0.041560   0.005000
-0.165515   0.448387   0.803456   -0.141180   0.046770   0.065890   0.005000
-0.130303   0.326207   0.796380   -0.068690   -0.027670   0.019330   0.005000
-0.109178   0.252906   0.792136   -0.069430   0.020910   0.092770   0.005000
-0.088052   0.179605   0.787891   -0.096460   -0.008510   0.015000   0.005000
-0.073483   0.122856   0.786931   -0.012000   0.026490   0.149760   0.005000
164
0.527328   -0.432887   2.121517   0.013780   0.019290   -0.039350   0.022970
0.527328   -0.432887   2.121517   -0.011110   0.001330   -0.072110   0.036490
0.221159   0.053721   2.160386   -0.017080   0.017990   -0.047630   0.026850
0.197532   0.000846   2.154198   -0.039880   0.031590   -0.053630   0.036960
0.145604   -0.230418   2.038379   0.004530   -0.017920   -0.068370   0.035410
0.117990   -0.050282   1.993990   0.017180   0.002980   -0.057170   0.029880
0.134301   -0.100462   1.914781   -0.032350   -0.003160   -0.056740   0.032700
0.134491   -0.100431   1.914761   0.052320   0.018940   0.015130   0.028830
0.041695   -0.161892   1.927730   -0.001380   -0.024810   -0.061670   0.033240
0.869286   -0.684948   1.321430   0.087370   0.044170   0.075930   0.061950
0.761403   -0.574381   1.382341   -0.015370   -0.044420   -0.065380   0.040260
0.807643   -0.621772   1.356234   -0.023980   -0.077110   -0.095730   0.062620
1.080286   0.285314   1.410705   0.062110   0.000090   -0.042670   0.037680
0.991796   0.188078   1.437590   0.058000   0.035400   -0.054350   0.043510
0.913974   0.229537   1.469122   0.030310   0.039690   -0.037100   0.031110
0.716361   0.130057   1.338912   -0.015110   0.010270   -0.063970   0.033260
0.509544   0.155412   1.496710   0.011790   0.010460   -0.071030   0.036380
0.506134   0.153612   1.513966   -0.082830   0.008130   -0.025940   0.043590
0.479418   0.042132   1.409259   0.007430   -0.065390   -0.016800   0.033960
0.474457   0.014070   1.374961   -0.016850   0.013160   -0.069690   0.036450
0.315604   1.367574   1.823101   0.019710   0.011980   -0.063490   0.033770
0.328218   1.270639   1.722737   0.010790   0.035760   -0.051660   0.031870
0.209102   1.183299   1.317480   0.046040   0.036730   -0.042660   0.036360
0.211302   1.181171   1.320411   -0.042550   -0.042980   -0.051560   0.039740
0.364641   1.034608   1.414588   0.006410   0.019230   -0.071310   0.037070
0.374334   0.952570   1.325901   -0.085780   -0.013640   -0.108990   0.069680
0.367528   0.872899   1.308630   0.066740   0.015880   0.024080   0.036350
0.369482   0.872147   1.304427   -0.066240   0.018960   -0.051690   0.043070
0.299345   0.851955   1.339354   0.044670   -0.031070   -0.034250   0.032150
0.308566   0.725053   1.143802   -0.056760   0.030640   -0.047750   0.040130
0.307361   0.725477   1.142817   0.055580   -0.012590   -0.054810   0.039530
0.356806   0.443118   1.158705   -0.004910   0.051460   0.011730   0.026500
0.348424   0.439333   1.151200   0.040920   -0.009290   -0.032720   0.026600
0.253789   0.487465   1.042689   0.012960   0.056150   -0.021670   0.030780
0.259153   0.482972   1.049301   -0.038700   -0.030420   -0.032910   0.029610
0.379224   0.433028   1.324011   0.016630   0.061980   -0.049910   0.040650
0.374634   0.430184   1.311950   0.029800   -0.041760   -0.034120   0.030810
0.267058   0.314137   1.113233   0.040280   -0.011680   -0.040480   0.029150
0.179055   0.326513   1.106894   -0.001930   0.012840   -0.053220   0.027390
0.235754   0.257829   1.105920   -0.003920   -0.066530   0.057170   0.043900
0.108065   0.132512   1.144472   -0.062460   0.030510   -0.016040   0.035670
0.750667   0.904909   1.112674   0.023890   -0.053910   -0.045830   0.037340
0.749842   0.903239   1.113741   0.034650   0.038540   -0.050300   0.036110
0.566152   -0.827194   0.721054   0.083340   0.016720   -0.015580   0.043210
0.566152   -0.827194   0.721054   -0.028010   0.041360   -0.087380   0.050320
0.440933   -0.870406   0.774476   0.005880   0.006810   -0.083820   0.042150
0.407306   -0.783103   0.780573   0.044340   0.031140   -0.056040   0.038980
0.381352   -0.753205   0.816465   0.032140   0.044870   -0.032000   0.031900
0.446407   -0.708606   0.698123   0.064670   -0.015510   -0.038290   0.038370
0.447323   -0.708136   0.697060   -0.038150   0.050910   -0.053410   0.041530
0.334045   -0.675557   0.756948   0.052380   0.031210   0.026890   0.033320
0.330811   -0.677227   0.761856   -0.047340   0.002180   -0.060960   0.038610
0.233327   -0.497346   0.893082   0.023290   0.019260   -0.052190   0.030150
0.236447   -0.498263   0.894979   -0.001860   -0.075610   0.008110   0.038030
0.299776   -0.514278   0.794835   0.036330   -0.005300   -0.043960   0.028640
0.279585   -0.359946   0.837896   0.037610   0.002870   -0.050560   0.031540
0.202621   -0.380823   0.946350   0.035220   -0.007150   -0.050330   0.030920
0.890642   -0.976041   0.731771   0.062070   -0.034850   -0.064730   0.048110
0.890720   -0.976038   0.731699   -0.033320   0.057830   -0.093970   0.057630
0.648408   -0.551434   0.880799   0.024960   0.059240   -0.080600   0.051550
0.446947   -0.496641   0.949390   -0.010290   -0.019140   0.062070   0.032880
0.449243   -0.496771   0.951375   0.030170   -0.007660   -0.045380   0.027520
0.459154   -0.392699   0.927847   0.035140   -0.014270   -0.024350   0.022530
0.402505   -0.285863   1.029769   0.008840   0.040370   0.033430   0.026580
0.402505   -0.285863   1.029769   -0.003620   -0.020890   -0.062130   0.032830
0.299504   -0.304433   0.980390   0.000880   0.062850   -0.026180   0.034050
0.211950   -0.181003   0.956302   0.014610   0.028020   -0.082120   0.044000
0.426575   0.085214   1.072198   0.001820   -0.009600   -0.019700   0.011000
1.385567   0.522944   1.161150   0.034490   -0.002230   -0.031250   0.023300
1.215396   0.349664   1.062789   0.028220   0.025110   -0.075600   0.042250
1.017728   0.338294   1.034790   0.033330   -0.001910   -0.055830   0.032530
0.986874   0.351758   1.117540   0.055130   0.006940   0.007990   0.028070
0.920969   0.321811   1.066252   -0.042060   0.078910   -0.071530   0.057250
0.902984   0.221997   1.037297   -0.004020   -0.015580   -0.052000   0.027210
0.818622   0.349867   1.051739   -0.022280   -0.036940   -0.058070   0.036170
0.817202   0.340777   1.052883   0.031020   0.077410   0.006220   0.041810
0.776602   0.304504   1.125690   0.055150   0.020420   0.026280   0.032200
0.776419   0.303345   1.124310   -0.043640   0.009120   -0.050900   0.033830
0.741089   0.065675   1.132929   -0.023320   -0.044900   0.047210   0.034600
0.741089   0.065675   1.132929   -0.019520   -0.002250   -0.065140   0.034020
0.595162   0.222295   1.091275   0.045880   0.021600   -0.075580   0.045510
0.332359   -0.616468   0.647291   0.020420   0.044860   -0.040650   0.031940
0.332359   -0.616468   0.647291   -0.051730   -0.019200   -0.002560   0.027620
0.268177   -0.602992   0.692057   -0.015010   -0.034040   -0.079310   0.043800
0.261035   -0.705076   0.626996   0.046580   -0.028300   -0.051760   0.037580
0.257479   -0.702378   0.635398   -0.056770   -0.017610   -0.094950   0.056010
0.165238   -0.564588   0.762127   0.008890   0.000080   -0.074780   0.037660
0.257438   -0.494186   0.665239   0.034750   -0.005400   -0.052230   0.031480
0.245554   -0.493948   0.676094   -0.040630   -0.011970   -0.058600   0.036150
0.206531   -0.348370   0.736232   -0.019950   -0.046700   0.010100   0.025890
0.202239   -0.348972   0.738406   0.029040   0.054540   -0.035470   0.035620
-0.055782   -0.005791   2.508478   -0.053690   0.042660   0.022190   0.036040
-0.055022   -0.009451   2.508428   -0.003930   -0.053790   -0.019990   0.028760
0.065919   -0.104413   2.421609   -0.047600   0.030070   -0.036940   0.033670
0.312580   0.183405   2.464859   0.035760   0.004100   0.005830   0.018230
0.312580   0.183405   2.464859   -0.001320   0.037530   0.003810   0.018870
0.429754   -0.099249   2.319993   -0.063890   0.018740   -0.032320   0.037010
0.426346   -0.100240   2.322016   0.057260   0.003900   0.052870   0.039020
0.295753   -0.134022   2.377119   0.020370   0.011080   -0.042400   0.024160
0.280773   -0.137180   2.379615   -0.039820   -0.022610   -0.033140   0.028260
0.054665   -0.104472   2.047969   0.025010   -0.008420   -0.040060   0.023990
-0.202389   0.337666   1.950951   0.031700   0.050210   -0.032930   0.033950
-0.202389   0.337666   1.950951   -0.041490   -0.049640   -0.023550   0.034430
-0.026933   0.071730   1.913511   -0.010440   0.034130   -0.070070   0.039320
0.119905   -0.121477   1.926712   -0.033250   0.000860   -0.054510   0.031930
0.119905   -0.121477   1.926712   0.060430   -0.033110   -0.010860   0.034880
0.074105   0.011356   1.863970   0.021470   -0.019250   -0.062360   0.034350
0.008805   0.024596   1.777841   0.012560   -0.019380   -0.051280   0.028120
0.007749   0.027978   1.778260   0.008040   0.051970   0.003270   0.026340
0.033954   -0.056416   1.685320   0.065980   0.020220   -0.012040   0.035020
0.033954   -0.056416   1.685320   -0.019320   -0.005660   -0.048520   0.026270
0.050422   -0.088739   1.627091   0.047830   0.037080   -0.041610   0.036720
-0.380124   0.569159   1.417627   -0.021160   0.053520   0.043340   0.036020
-0.367733   0.560209   1.422124   0.032250   0.022800   -0.079270   0.044280
-0.341912   0.504678   1.439668   -0.041180   -0.018160   -0.046710   0.032430
0.016826   -0.048802   1.346308   -0.032080   0.051540   -0.037050   0.035560
0.333347   1.079841   1.213313   0.003520   -0.002250   -0.026840   0.013580
0.109335   0.489021   1.125449   0.034030   0.040230   0.029270   0.030140
0.047786   0.375820   1.175010   0.000540   0.030060   -0.062740   0.034790
0.017950   0.410007   1.163785   -0.000400   -0.018860   -0.060860   0.031860
-0.562082   0.644530   1.038402   0.005800   0.039920   -0.035560   0.026880
-0.562082   0.644530   1.038402   0.001140   -0.064100   -0.045950   0.039440
-0.540332   0.528901   1.007311   -0.001250   0.071680   0.001840   0.035860
-0.540272   0.528892   1.007321   -0.006040   -0.034480   -0.053150   0.031820
-0.334916   0.637901   0.968176   0.033580   0.050650   -0.015030   0.031300
-0.384194   0.493800   1.118831   -0.010460   0.024310   -0.054040   0.030080
-0.300859   0.349310   1.036499   -0.084940   -0.044140   -0.001150   0.047870
-0.269330   0.218730   0.986808   -0.015550   0.004970   -0.055500   0.028930
-0.234011   0.176699   0.979814   -0.047590   -0.020810   0.001070   0.025980
-0.154500   0.141740   1.021605   0.017230   0.046150   -0.038920   0.031390
-0.176490   0.100836   1.019097   -0.012970   -0.010030   -0.050770   0.026680
-0.429320   0.873749   0.813625   0.016050   -0.000970   -0.063630   0.032820
-0.308408   0.836032   0.896615   -0.009730   0.051560   -0.057750   0.039020
-0.234049   0.587730   1.090591   -0.028320   0.024430   -0.044700   0.029140
-0.236038   0.441646   0.967781   -0.019180   0.039720   -0.048810   0.032900
-0.217945   0.402453   0.993533   0.049970   -0.032790   -0.009120   0.030230
-0.225727   0.346566   0.997129   -0.059100   0.019540   -0.049140   0.039650
-0.225879   0.346558   0.997348   0.021040   -0.054960   -0.002510   0.029450
-0.182663   0.311308   0.994779   0.038520   0.016970   -0.032480   0.026580
-0.170439   0.164629   1.013960   -0.048410   -0.025250   0.045790   0.035630
-0.178772   0.165845   1.021917   0.014490   0.069280   -0.027780   0.038020
-0.044196   0.140730   0.954125   -0.046810   0.061590   -0.024590   0.040590
-0.042127   0.147071   0.956335   0.055290   -0.051080   0.013650   0.038250
-0.145787   0.001943   0.983207   -0.029130   0.050180   -0.024810   0.031550
-0.142217   0.004353   0.981368   -0.000320   -0.040330   -0.045440   0.030380
-0.445558   1.636094   0.605708   0.000420   0.049450   -0.052320   0.035990
-0.445558   1.636094   0.605708   0.015480   -0.044460   -0.068940   0.041740
-0.288786   1.484484   0.740978   0.055560   0.019250   -0.015640   0.030420
-0.285228   1.482083   0.748999   -0.018040   -0.028290   -0.095560   0.050640
-0.256263   1.440977   0.858271   -0.014830   -0.031560   -0.046750   0.029160
-0.312394   1.265846   0.938205   -0.022400   0.007060   -0.065470   0.034780
-0.317742   0.865197   0.938948   -0.015320   0.014920   -0.076030   0.039490
-0.317742   0.865197   0.938948   -0.021020   -0.072320   -0.021520   0.039160
-0.153408   0.876405   0.855194   0.032300   -0.032360   -0.045170   0.032140
-0.194481   0.698339   0.860889   -0.047220   0.060710   0.012780   0.038980
-0.257285   0.595387   0.831836   -0.044050   -0.079810   -0.030320   0.048040
-0.203728   0.703776   0.830512   -0.001680   0.056660   -0.049160   0.037520
-0.246649   0.526004   0.809842   -0.011580   0.004190   -0.067760   0.034430
-0.159300   0.421535   0.839040   0.026450   0.054100   0.011770   0.030680
-0.296905   0.491914   0.864777   -0.010780   -0.004390   -0.062110   0.031600
-0.176339   0.273133   0.881875   -0.045490   0.010580   -0.061030   0.038430
-0.175692   0.171873   0.801519   -0.019600   0.027950   -0.060300   0.034650
-0.085508   0.149401   0.937001   0.038040   -0.051000   0.012290   0.032400
-0.085483   0.149344   0.936681   -0.030300   0.075600   -0.042960   0.046040
