82
0.000000 0.000000 0.000000 0.000000 0.000000 0.500000 0.030000
0.000000 0.000000 0.500000 -2.607396 0.000000 0.698650 0.016669
-0.651849 0.000000 0.674662 -0.041433 -0.183744 -0.012361 0.009575
-0.665660 -0.061248 0.670542 -0.094900 -0.076165 -0.005693 0.011735
-0.679471 -0.122496 0.666422 -0.055749 -0.051413 -0.053092 0.011575
-0.693282 -0.183744 0.662302 -0.078661 -0.009459 -0.015839 0.009575
-0.662207 -0.045936 0.671572 0.027691 -0.048081 0.016433 0.009200
-0.672566 -0.091872 0.668482 -0.020290 0.004720 0.008924 0.009522
-0.682924 -0.137808 0.665392 0.022886 -0.059288 -0.009863 0.010790
-0.693282 -0.183744 0.662302 0.032786 -0.089158 -0.010592 0.009427
-1.303698 0.000000 0.849325 0.015484 -0.180919 -0.001190 0.010250
-1.288214 -0.180919 0.848135 -0.046041 -0.006631 -0.008601 0.010303
-1.298537 -0.060306 0.848928 0.091980 -0.093193 0.011552 0.010234
-1.293375 -0.120613 0.848531 0.128724 -0.048343 0.026132 0.009247
-1.288214 -0.180919 0.848135 0.066051 -0.048345 0.033315 0.011997
-1.955547 0.000000 1.023987 0.038251 -0.178990 -0.060241 0.008729
-1.942797 -0.059663 1.003907 -0.078575 -0.046630 0.012999 0.009150
-1.930047 -0.119327 0.983827 -0.105347 -0.141716 -0.018612 0.011679
-1.917297 -0.178990 0.963746 -0.061092 -0.047690 -0.024984 0.009437
-1.942797 -0.059663 1.003907 0.197350 -0.043661 -0.004944 0.009458
-1.930047 -0.119327 0.983827 0.059974 -0.015531 -0.041049 0.011597
-1.917297 -0.178990 0.963746 0.012070 -0.024144 -0.011581 0.010283
-2.607396 0.000000 1.198650 0.005767 -0.221374 0.023864 0.009157
-2.601629 -0.221374 1.222514 -0.039806 -0.038649 0.014917 0.009458
-2.601629 -0.221374 1.222514 -0.006732 0.007708 0.001012 0.010650
-0.651849 0.000000 0.674662 -0.003019 0.165180 -0.021472 0.009815
-0.653359 0.082590 0.663926 0.064603 0.080754 0.020948 0.011895
-0.654868 0.165180 0.653190 0.085550 -0.020496 -0.009737 0.009731
-0.654868 0.165180 0.653190 -0.058249 0.063313 -0.036008 0.009927
-1.303698 0.000000 0.849325 0.083212 0.234830 0.068659 0.009341
-1.275961 0.078277 0.872211 0.096436 -0.011105 -0.010084 0.009246
-1.248224 0.156553 0.895097 0.138869 0.028063 0.017424 0.009403
-1.220486 0.234830 0.917984 0.076578 -0.020430 0.045775 0.010872
-1.220486 0.234830 0.917984 -0.004224 0.014158 0.002855 0.009577
-1.955547 0.000000 1.023987 -0.004493 0.111001 -0.005553 0.011340
-1.957794 0.055501 1.021211 0.035625 0.016723 0.042475 0.011088
-1.960041 0.111001 1.018434 0.152982 0.073833 -0.061756 0.009636
-1.957794 0.055501 1.021211 -0.002004 0.000806 0.000107 0.011205
-1.960041 0.111001 1.018434 -0.102033 0.037770 0.017331 0.010728
-2.607396 0.000000 1.198650 -0.006334 0.168770 0.031827 0.009659
-2.610563 0.084385 1.214563 0.031464 0.067468 0.013316 0.010417
-2.613730 0.168770 1.230477 0.103030 0.097095 -0.038646 0.009896
-2.613730 0.168770 1.230477 -0.042553 0.033748 -0.001838 0.008694
0.000000 0.000000 0.500000 2.625794 -0.000000 0.703579 0.021709
0.656448 -0.000000 0.675895 0.041558 0.254704 0.009475 0.011015
0.698006 0.254704 0.685370 0.062145 0.053097 -0.007176 0.007525
0.698006 0.254704 0.685370 -0.009775 0.218746 0.016743 0.010095
1.312897 -0.000000 0.851790 -0.033188 0.169869 -0.043648 0.011147
1.296303 0.084934 0.829965 0.005695 0.019884 -0.006704 0.010299
1.279709 0.169869 0.808141 0.031661 0.026400 0.002967 0.010386
1.296303 0.084934 0.829965 -0.003036 0.004607 -0.001403 0.011778
1.279709 0.169869 0.808141 -0.126124 0.057637 0.030758 0.007951
1.969345 -0.000000 1.027684 0.003201 0.081059 0.026261 0.010471
1.972546 0.081059 1.053946 0.093186 0.137321 0.070503 0.009491
1.970412 0.027020 1.036438 -0.066201 -0.003402 -0.029990 0.012310
1.971479 0.054039 1.045192 -0.019057 0.048112 0.018095 0.007898
1.972546 0.081059 1.053946 -0.030414 0.115576 0.055232 0.010974
2.625794 -0.000000 1.203579 -0.007556 0.094962 -0.022235 0.009686
2.622016 0.047481 1.192462 0.044229 0.092004 -0.033607 0.009262
2.618238 0.094962 1.181344 -0.000902 -0.003034 0.000188 0.009703
2.623275 0.031654 1.196167 -0.097182 0.053922 -0.020528 0.010352
2.620756 0.063308 1.188756 -0.067336 0.127755 -0.030924 0.009286
2.618238 0.094962 1.181344 -0.085312 0.010154 -0.024953 0.009541
0.656448 -0.000000 0.675895 0.029010 -0.142864 -0.012761 0.010031
0.666118 -0.047621 0.671641 -0.027707 -0.002950 0.017302 0.010897
0.675789 -0.095242 0.667388 -0.057545 -0.037067 0.007765 0.010423
0.685459 -0.142864 0.663134 -0.043031 -0.116757 -0.013311 0.010585
0.670954 -0.071432 0.669514 0.116250 -0.062046 -0.026785 0.009090
0.685459 -0.142864 0.663134 0.123833 -0.074706 -0.013171 0.009871
1.312897 -0.000000 0.851790 -0.045945 -0.193153 0.001906 0.010038
1.289924 -0.096576 0.852743 -0.030889 -0.021983 -0.001000 0.009451
1.266951 -0.193153 0.853696 -0.113350 -0.021552 -0.005400 0.009917
1.969345 -0.000000 1.027684 0.009642 -0.070010 -0.002254 0.009843
1.974166 -0.035005 1.026557 -0.090617 -0.117858 -0.025730 0.008126
1.978987 -0.070010 1.025430 -0.116833 -0.129210 -0.004976 0.010995
1.974166 -0.035005 1.026557 0.020053 -0.013708 0.008518 0.010631
1.978987 -0.070010 1.025430 0.079843 -0.061665 -0.024524 0.011001
2.625794 -0.000000 1.203579 0.031437 -0.149999 -0.021449 0.011520
2.641512 -0.074999 1.192855 -0.048505 -0.101805 0.057268 0.009609
2.657231 -0.149999 1.182130 -0.096022 -0.159129 -0.087401 0.009805
2.641512 -0.074999 1.192855 0.076437 -0.003791 0.000257 0.009042
2.657231 -0.149999 1.182130 0.191669 -0.073629 0.054799 0.010508
79
-0.137716 0.004125 0.520627 -0.002791 0.023769 -0.093033 0.048031
-0.273652 0.000816 0.556912 0.005628 0.005662 -0.115438 0.057857
-0.408021 0.001613 0.594134 0.023482 0.010313 -0.103422 0.053277
-0.549323 -0.003676 0.630830 -0.002659 -0.024616 -0.108849 0.055815
-0.683545 -0.000113 0.667392 0.014998 -0.000648 -0.094544 0.047864
-0.823919 0.011836 0.708901 -0.003526 0.078701 -0.077964 0.055418
-0.957803 0.000196 0.740969 0.018753 0.001306 -0.109383 0.055493
-1.091687 0.004682 0.779405 0.033311 0.025302 -0.079780 0.045041
-1.228713 0.010580 0.819743 0.038173 0.063409 -0.067106 0.049953
-1.378056 -0.003214 0.852395 -0.032395 -0.018132 -0.086404 0.047021
-1.508376 0.000883 0.887876 0.006697 0.005061 -0.095125 0.047747
-1.651246 -0.012624 0.931326 -0.031021 -0.087624 -0.068897 0.057851
-1.780380 0.002559 0.961956 0.020996 0.014811 -0.092982 0.048234
-1.923665 0.000590 0.998313 -0.013048 0.003174 -0.088650 0.044831
-2.060312 0.000190 1.034999 -0.011591 0.001198 -0.104303 0.052476
-2.207916 0.001652 1.077113 -0.075440 0.010202 -0.069323 0.051480
-2.320563 -0.010318 1.120822 0.072679 -0.060621 -0.025177 0.048967
-2.470699 -0.015102 1.154841 -0.003187 -0.090145 -0.042010 0.049752
-2.605959 0.000713 1.189125 0.013846 0.006866 -0.091714 0.046503
-0.685759 -0.180955 0.657353 0.076537 0.028373 -0.050348 0.047953
-0.762000 -0.136517 0.653237 -0.009031 0.005613 -0.072810 0.036791
-0.740146 -0.171459 0.603146 -0.052514 0.026117 -0.108570 0.061700
-0.653862 -0.197398 0.646686 0.057518 -0.002810 -0.082351 0.050244
-0.662700 -0.274217 0.642639 -0.025222 -0.015044 -0.103795 0.053935
-1.292052 -0.091641 0.839326 0.035128 -0.010631 -0.084609 0.046113
-1.290091 -0.177622 0.836754 -0.013837 0.024302 -0.083888 0.044213
-1.226388 -0.230407 0.870280 -0.037624 -0.010184 -0.099471 0.053417
-1.912134 -0.176610 0.955178 0.038570 0.017781 -0.064018 0.038413
-2.021935 -0.106263 1.007773 -0.007835 0.000412 -0.127238 0.063740
-2.601575 -0.108406 1.202215 0.034355 0.026668 -0.097837 0.053534
-2.605836 -0.212057 1.219527 -0.035511 0.078640 -0.025213 0.044947
-2.615659 -0.240172 1.222578 0.068822 0.006174 -0.086648 0.055413
-2.644369 -0.258021 1.228666 -0.031327 0.021384 -0.093595 0.050494
-0.711037 0.227761 0.607504 0.016886 -0.005943 -0.078590 0.040301
-1.116942 0.185088 0.906988 -0.085805 0.005340 -0.062574 0.053166
-1.964046 0.120920 1.017626 -0.033798 0.083692 -0.006824 0.045258
-1.881130 0.156146 0.983163 0.020765 0.070592 -0.037693 0.041338
-1.800083 0.180195 0.951916 0.055796 -0.037099 -0.038084 0.038536
-2.060005 0.143517 1.026644 0.016937 -0.043020 -0.074682 0.043918
-2.611441 0.171319 1.222486 0.026635 0.029662 -0.092981 0.050583
-2.575722 0.145336 1.220488 0.033931 -0.065468 -0.074262 0.052326
0.184676 -0.003582 0.529039 -0.013674 -0.017002 -0.100698 0.051517
0.366983 -0.000336 0.580386 -0.039940 -0.001649 -0.098867 0.053321
0.573745 -0.002414 0.632253 0.049952 -0.010887 -0.083507 0.048957
0.752872 -0.009846 0.681857 0.011882 -0.044221 -0.086079 0.048750
0.933535 0.004875 0.730555 -0.019434 0.022298 -0.094789 0.049649
1.127137 0.003242 0.780144 0.008599 0.015515 -0.102359 0.051942
1.309080 -0.000416 0.842515 -0.037933 -0.004130 -0.092172 0.049879
1.497720 0.002826 0.880696 -0.011931 0.012336 -0.093201 0.047384
1.682723 0.011361 0.934574 -0.020995 0.045115 -0.070393 0.043103
1.860350 0.002978 0.987363 -0.059390 0.011624 -0.059297 0.042363
2.070954 -0.001438 1.032616 0.033943 -0.006235 -0.087541 0.047049
2.238073 0.011973 1.090069 -0.058086 0.055162 -0.059891 0.050010
2.443935 -0.011688 1.135940 0.023831 -0.048883 -0.072705 0.045397
2.622289 -0.004153 1.193421 -0.025116 -0.029761 -0.072803 0.041282
0.764074 0.309380 0.671969 0.050744 0.020420 -0.080540 0.048679
0.690163 0.472531 0.692247 0.021183 -0.010072 -0.108166 0.055340
1.281353 0.174041 0.801576 0.023044 0.058483 -0.092031 0.055724
1.300458 0.106556 0.813228 -0.016323 0.018412 -0.106334 0.054572
1.293158 0.090171 0.816802 -0.001051 0.006082 -0.113760 0.056964
1.949815 0.097859 1.057192 -0.027211 -0.044815 -0.063629 0.041223
2.615550 0.093959 1.172245 -0.028271 -0.010551 -0.095703 0.050174
2.616396 0.085627 1.182180 0.033200 0.031275 -0.086683 0.048975
2.554092 0.200325 1.157821 0.007303 0.100737 -0.000118 0.050501
2.537570 0.101185 1.149043 0.062432 -0.052838 -0.098771 0.064120
0.666983 -0.067505 0.662342 -0.041123 0.040674 -0.074280 0.047072
0.679340 -0.149719 0.659528 -0.066983 -0.075042 -0.039472 0.054028
0.637322 -0.050405 0.678102 -0.011160 0.001699 -0.111036 0.055804
0.642930 -0.263468 0.639975 0.004252 -0.032588 -0.083410 0.044826
0.809367 -0.209829 0.643838 0.000794 0.080935 -0.064049 0.051608
1.286305 -0.098616 0.844253 -0.043769 -0.024659 -0.102658 0.057145
1.267155 -0.196224 0.844269 0.001927 -0.029033 -0.089133 0.046881
1.973530 -0.034824 1.015947 -0.005865 0.001665 -0.097852 0.049021
1.978631 -0.070162 1.014436 -0.003280 -0.001401 -0.101324 0.050693
1.890068 -0.154209 0.996166 0.080397 -0.016602 -0.057489 0.050111
1.921518 -0.135675 1.012040 0.010398 -0.011627 -0.119553 0.060283
1.861556 -0.194844 1.010386 -0.005025 0.036780 -0.084625 0.046204
2.657087 -0.150246 1.171625 -0.001338 -0.002298 -0.097644 0.048840
2.558327 -0.314935 1.087373 -0.027572 -0.055563 -0.070388 0.046909
0
