30
0.000000   0.000000   0.000000   0.000000   0.003000   0.456000   0.012000
0.000000   0.003000   0.456000   0.000000   0.054000   0.567000   0.009000
0.000000   0.057000   1.023000   0.000000   0.081000   0.609000   0.007500
0.000000   0.138000   1.632000   0.000000   -0.057000   0.456000   0.006000
0.000000   0.101695   1.359041   -0.060000   0.138000   0.003000   0.005000
-0.060000   0.239695   1.362041   -0.090000   0.162000   -0.129000   0.005000
-0.150000   0.401695   1.233041   -0.030000   0.030000   -0.078000   0.005000
0.000000   0.091344   1.281219   -0.015000   -0.048000   0.030000   0.005000
-0.015000   0.043344   1.311219   -0.030000   -0.081000   -0.006000   0.005000
-0.045000   -0.037656   1.305219   -0.045000   -0.126000   -0.123000   0.005000
-0.090000   -0.163656   1.182219   -0.060000   -0.042000   -0.111000   0.005000
0.000000   0.080994   1.203399   0.015000   0.063000   0.039000   0.005000
0.015000   0.143994   1.242399   0.030000   0.060000   -0.066000   0.005000
0.000000   0.080994   1.203399   -0.015000   0.063000   -0.012000   0.005000
-0.015000   0.143994   1.191399   -0.045000   0.066000   -0.108000   0.005000
0.000000   0.073388   1.146210   0.030000   0.057000   0.027000   0.005000
0.030000   0.130388   1.173210   0.060000   0.063000   -0.204000   0.005000
0.000000   0.072604   1.140319   0.015000   -0.060000   0.021000   0.005000
0.015000   0.012604   1.161319   0.030000   -0.108000   -0.090000   0.005000
0.000000   0.070540   1.124800   -0.015000   -0.051000   0.000000   0.005000
-0.015000   0.019540   1.124800   -0.030000   -0.081000   -0.105000   0.005000
0.000000   0.043301   0.879160   -0.030000   -0.084000   0.039000   0.005000
-0.030000   -0.040699   0.918160   -0.030000   -0.081000   -0.087000   0.005000
0.000000   0.035886   0.801300   -0.045000   0.159000   0.090000   0.005000
-0.045000   0.194886   0.891300   -0.030000   0.048000   -0.114000   0.005000
-0.075000   0.242886   0.777300   -0.030000   0.015000   -0.225000   0.005000
0.000000   0.011292   0.543070   -0.030000   -0.108000   0.057000   0.005000
-0.030000   -0.096708   0.600070   -0.045000   -0.141000   -0.243000   0.005000
0.000000   0.002980   0.453000   -0.015000   0.069000   0.051000   0.005000
-0.015000   0.071980   0.504000   -0.060000   0.300000   -0.045000   0.005000
30
0.000000   0.109500   1.860000   0.009000   0.066000   -0.054000   0.042870
0.000000   0.118050   1.791600   -0.012000   0.018000   -0.069000   0.036160
0.000000   0.135543   1.613530   0.009000   -0.009000   -0.054000   0.027740
0.000000   0.125850   1.540650   0.015000   0.063000   -0.021000   0.034040
-0.054000   0.225895   1.361741   -0.009000   0.033000   -0.048000   0.029470
-0.073500   0.263995   1.342691   0.009000   0.015000   -0.036000   0.020010
-0.180000   0.431695   1.155041   0.000000   -0.003000   -0.057000   0.028540
-0.060000   0.209994   1.083399   -0.006000   0.027000   -0.036000   0.022700
0.069000   0.171338   1.040610   0.009000   -0.006000   -0.042000   0.021690
0.089252   0.192602   0.971753   0.006000   0.027000   -0.048000   0.027700
-0.017322   0.013269   1.116671   -0.006000   0.036000   -0.036000   0.025630
0.031500   -0.046796   1.111819   0.009000   -0.042000   -0.012000   0.022300
-0.126000   -0.188856   1.115619   0.006000   0.009000   -0.042000   0.021690
-0.150000   -0.205656   1.071219   -0.006000   0.036000   -0.042000   0.027820
-0.045000   -0.061460   1.019800   -0.006000   0.042000   -0.027000   0.025140
0.000000   0.038100   0.824550   -0.003000   -0.039000   -0.048000   0.030960
-0.060000   -0.121699   0.831160   -0.006000   -0.009000   -0.057000   0.029010
-0.052500   -0.101449   0.852910   -0.006000   -0.003000   -0.042000   0.021270
-0.046500   -0.085249   0.870310   -0.006000   -0.015000   -0.054000   0.028180
-0.052500   0.206886   0.862800   -0.006000   0.000000   -0.051000   0.025680
-0.075000   0.242886   0.777300   0.006000   0.048000   -0.027000   0.027700
-0.082500   0.246636   0.721050   0.000000   -0.045000   -0.030000   0.027040
-0.022500   0.115386   0.846300   0.000000   0.012000   -0.042000   0.021840
0.000000   0.024600   0.682800   -0.015000   0.048000   -0.033000   0.030070
-0.105000   0.257886   0.552300   0.000000   -0.024000   -0.045000   0.025500
-0.105000   0.257886   0.552300   0.000000   0.051000   -0.009000   0.025890
-0.022500   -0.069708   0.585820   -0.006000   0.057000   -0.060000   0.041490
-0.045750   -0.146058   0.515020   0.000000   0.000000   -0.072000   0.036000
-0.054750   -0.174258   0.466420   0.006000   0.000000   -0.057000   0.028660
-0.075000   -0.237708   0.357070   0.009000   0.021000   -0.057000   0.030700
