91
0.000000 0.000000 0.000000 0.000000 0.000000 0.500000 0.030000
0.000000 0.000000 0.500000 -1.785368 0.000000 1.785368 0.022268
-0.595123 0.000000 1.095123 0.032376 -0.206797 0.027179 0.010486
-0.578935 -0.103399 1.108712 -0.040714 -0.071670 -0.035329 0.009570
-0.562747 -0.206797 1.122301 -0.107865 -0.161068 0.035126 0.010139
-0.562747 -0.206797 1.122301 0.027188 -0.002470 -0.023658 0.009568
-1.190245 0.000000 1.690245 -0.026876 -0.133547 0.052922 0.008892
-1.217121 -0.133547 1.743167 -0.064141 -0.024497 0.015435 0.009914
-1.196964 -0.033387 1.703476 0.095610 -0.048572 -0.004947 0.009839
-1.203683 -0.066774 1.716706 0.044798 -0.043647 0.036502 0.010192
-1.210402 -0.100161 1.729937 0.125085 -0.095038 -0.002302 0.010320
-1.217121 -0.133547 1.743167 0.026819 -0.035443 0.005055 0.012760
-1.785368 0.000000 2.285368 0.004161 -0.085069 -0.004041 0.009853
-1.784327 -0.021267 2.284357 -0.088706 -0.101662 0.047020 0.009486
-1.783287 -0.042535 2.283347 -0.085178 -0.090688 0.038598 0.009576
-1.782247 -0.063802 2.282337 -0.056431 -0.118281 -0.000315 0.011041
-1.781207 -0.085069 2.281327 -0.086371 -0.086805 0.019028 0.008917
-1.783287 -0.042535 2.283347 0.069917 -0.084120 0.004900 0.009276
-1.781207 -0.085069 2.281327 0.052199 -0.042026 0.000864 0.010273
-0.446342 0.000000 0.946342 -0.069692 0.174322 0.061431 0.011272
-0.481188 0.087161 0.977057 0.097656 0.102513 -0.007552 0.011071
-0.516034 0.174322 1.007773 0.018135 0.147360 0.004482 0.009150
-0.516034 0.174322 1.007773 -0.102471 0.020577 -0.029862 0.010309
-0.892684 0.000000 1.392684 0.037468 0.203956 -0.030584 0.011101
-0.880194 0.067985 1.382489 0.032292 0.013177 0.006768 0.011105
-0.867705 0.135971 1.372295 0.114169 0.022031 -0.007361 0.009571
-0.855216 0.203956 1.362100 0.106871 0.003293 0.021301 0.010955
-0.880194 0.067985 1.382489 -0.046692 0.089174 -0.034998 0.009999
-0.867705 0.135971 1.372295 -0.087796 0.027800 0.019144 0.009615
-0.855216 0.203956 1.362100 -0.080140 0.037902 0.023404 0.010389
-1.339026 0.000000 1.839026 -0.003761 0.085663 0.005471 0.009709
-1.340906 0.042832 1.841761 0.106502 0.024587 0.022593 0.009401
-1.342787 0.085663 1.844497 0.071380 0.054671 0.043584 0.009929
-1.339966 0.021416 1.840394 -0.127710 0.008190 -0.001932 0.010215
-1.340906 0.042832 1.841761 -0.090961 0.023464 0.013322 0.007833
-1.341847 0.064248 1.843129 -0.100738 0.000778 0.005193 0.009662
-1.342787 0.085663 1.844497 -0.033639 0.004268 0.003447 0.010806
-1.785368 0.000000 2.285368 0.013084 0.091655 0.030163 0.008037
-1.772283 0.091655 2.315531 0.056364 -0.025683 -0.000881 0.010334
-1.781006 0.030552 2.295422 -0.053691 0.046167 0.024133 0.010587
-1.776645 0.061103 2.305476 -0.010020 0.030164 0.020335 0.008232
-1.772283 0.091655 2.315531 -0.129974 -0.010609 0.033936 0.008929
0.000000 0.000000 0.500000 1.836894 -0.000000 1.836894 0.019629
0.367379 -0.000000 0.867379 -0.013554 0.144358 0.030876 0.009879
0.360602 0.072179 0.882817 0.062430 0.049952 0.024597 0.008425
0.353825 0.144358 0.898254 0.040795 0.058147 0.046949 0.010923
0.362861 0.048119 0.877671 -0.114535 0.084753 0.029216 0.009622
0.358343 0.096239 0.887963 -0.092058 0.077389 0.034163 0.009519
0.353825 0.144358 0.898254 -0.095708 0.041259 0.001998 0.011425
0.734758 -0.000000 1.234758 0.001420 0.080691 0.012493 0.010140
0.736177 0.080691 1.247251 0.005553 0.003969 0.001660 0.007709
0.736177 0.080691 1.247251 -0.063123 0.096165 0.043288 0.009682
1.102136 -0.000000 1.602136 -0.004323 0.057225 -0.000853 0.010943
1.100695 0.019075 1.601852 0.092352 0.075187 0.020346 0.010807
1.099254 0.038150 1.601568 0.117023 0.044984 0.037180 0.008906
1.097813 0.057225 1.601284 0.074364 0.026080 0.020168 0.009729
1.097813 0.057225 1.601284 -0.137089 -0.007251 0.052893 0.009536
1.469515 -0.000000 1.969515 0.011499 0.115153 0.023619 0.010311
1.475265 0.057576 1.981325 0.131881 0.032507 0.095194 0.009802
1.481014 0.115153 1.993134 0.099522 0.070232 -0.018886 0.010009
1.481014 0.115153 1.993134 -0.072765 0.099956 0.048763 0.010568
1.836894 -0.000000 2.336894 0.014977 0.082006 -0.015293 0.010414
1.844382 0.041003 2.329248 0.107365 0.067328 0.016632 0.010009
1.851871 0.082006 2.321601 0.106219 -0.006952 -0.025214 0.009211
1.844382 0.041003 2.329248 -0.004159 0.010825 0.002164 0.010325
1.851871 0.082006 2.321601 -0.059356 0.059664 -0.003849 0.010514
0.459224 -0.000000 0.959224 -0.004682 -0.067175 -0.018696 0.010442
0.457663 -0.022392 0.952992 -0.022697 0.001225 -0.017460 0.010387
0.456102 -0.044784 0.946760 -0.159161 -0.006833 -0.020255 0.008968
0.454542 -0.067175 0.940528 -0.046979 -0.021340 -0.010007 0.010370
0.456883 -0.033588 0.949876 0.013531 -0.006505 -0.006216 0.007675
0.454542 -0.067175 0.940528 0.006633 -0.050749 -0.011359 0.010297
0.918447 -0.000000 1.418447 0.040426 -0.153692 0.043737 0.009498
0.928553 -0.038423 1.429381 -0.014231 -0.016187 -0.008553 0.010039
0.938660 -0.076846 1.440316 -0.045537 -0.039665 0.033544 0.010831
0.948766 -0.115269 1.451250 -0.170886 -0.077293 0.061313 0.011048
0.958873 -0.153692 1.462184 0.017552 0.019480 0.019104 0.009513
0.931922 -0.051231 1.433026 0.113465 -0.022725 0.014271 0.008936
0.945398 -0.102461 1.447605 0.174234 -0.008101 -0.018582 0.011015
0.958873 -0.153692 1.462184 0.103271 -0.009245 0.035889 0.009411
1.377671 -0.000000 1.877671 -0.034440 -0.099141 -0.023239 0.010157
1.343231 -0.099141 1.854432 -0.053930 0.006811 0.007364 0.009487
1.360451 -0.049571 1.866051 0.039261 -0.113369 -0.001225 0.010767
1.343231 -0.099141 1.854432 0.021782 -0.093885 -0.013019 0.009947
1.836894 -0.000000 2.336894 -0.007067 -0.140317 -0.010323 0.009642
1.834538 -0.046772 2.333453 -0.098864 -0.071112 -0.105262 0.009466
1.832183 -0.093545 2.330012 -0.077049 -0.097232 0.023368 0.010083
1.829827 -0.140317 2.326571 -0.112711 -0.091828 0.043488 0.012030
1.834538 -0.046772 2.333453 0.111429 -0.063498 -0.015846 0.008984
1.832183 -0.093545 2.330012 0.022636 -0.052768 -0.006409 0.011203
1.829827 -0.140317 2.326571 0.046890 -0.014804 -0.047943 0.009045
72
-0.180344 -0.000818 0.656357 -0.007053 -0.003194 -0.086572 0.043459
-0.356977 -0.002031 0.834898 0.000421 -0.008827 -0.096361 0.048383
-0.543391 -0.003959 1.015125 -0.035873 -0.018250 -0.094444 0.051331
-0.713848 0.000932 1.191900 0.001361 0.004248 -0.101362 0.050730
-0.893455 -0.000866 1.381643 -0.007327 -0.008228 -0.104880 0.052729
-1.071038 -0.012074 1.552511 0.000682 -0.045153 -0.069969 0.041638
-1.247200 0.000206 1.727637 0.013387 0.001080 -0.115803 0.058290
-1.440499 -0.007482 1.945351 -0.053302 -0.032677 0.074487 0.048624
-1.613624 -0.021103 2.108934 -0.030447 -0.094588 0.009425 0.049907
-1.785892 -0.000254 2.277352 -0.005868 -0.002838 -0.089670 0.044953
-0.574857 -0.102351 1.100117 0.046749 0.012011 -0.098534 0.054861
-0.558239 -0.212316 1.115917 0.041756 -0.051131 -0.059146 0.044318
-0.619572 -0.177048 1.064019 0.000841 -0.021835 -0.103293 0.052790
-0.671788 -0.364084 1.148094 -0.011757 0.037769 -0.093225 0.050635
-1.163145 -0.117856 1.747689 -0.045048 -0.078622 -0.058369 0.053893
-1.782007 -0.084915 2.271086 -0.008252 0.001588 -0.105540 0.052937
-1.872399 -0.122366 2.321930 0.006306 0.005599 -0.093936 0.047157
-1.866714 -0.131886 2.312626 0.016602 0.012670 -0.088342 0.045389
-1.840191 -0.175348 2.273405 -0.017892 0.079660 -0.101918 0.065293
-0.512338 0.171549 0.998557 0.043442 -0.032591 -0.108311 0.060582
-0.854314 0.205171 1.351821 0.009519 0.012827 -0.108545 0.054857
-0.864568 0.074619 1.374780 -0.005118 0.000451 -0.109285 0.054703
-0.845967 0.081532 1.378328 0.013931 0.002667 -0.078678 0.039973
-0.748523 0.205313 1.372619 -0.001600 -0.017288 -0.096282 0.048917
-0.921095 0.162539 1.341368 0.057464 0.053378 -0.060752 0.049604
-0.930861 0.250150 1.381148 0.035622 0.065712 -0.034524 0.041167
-1.332246 0.083532 1.843435 0.087560 -0.017704 -0.008826 0.044883
-1.242949 0.067783 1.860449 -0.088888 0.003793 -0.040624 0.048903
-1.473233 0.027190 1.830238 -0.052848 -0.022972 -0.078211 0.048574
-1.391861 0.065526 1.836112 0.003870 0.009700 -0.104869 0.052694
-1.443189 0.064383 1.838701 -0.006860 -0.007288 -0.109244 0.054851
-1.382132 0.088176 1.838937 -0.052785 -0.016238 -0.083325 0.049983
-1.777140 0.048485 2.293054 0.021405 0.033744 -0.093920 0.051034
-1.765648 0.087754 2.311005 0.071293 -0.041912 -0.048630 0.047969
-1.834348 0.084264 2.312136 0.003582 0.077506 -0.076204 0.054376
-1.778826 0.092180 2.323472 0.094818 0.011043 -0.028307 0.049784
0.128116 -0.002450 0.611978 -0.015927 -0.012624 -0.099077 0.050570
0.258669 0.002636 0.743326 -0.020727 0.014590 -0.105663 0.054330
0.397940 -0.001884 0.874565 0.021703 -0.009465 -0.095728 0.049306
0.519803 0.003266 1.006135 -0.029755 0.019345 -0.110698 0.058124
0.662372 0.003213 1.137736 0.026017 0.013186 -0.075101 0.040283
0.787893 0.003409 1.267920 0.003535 0.018465 -0.104658 0.053167
0.920930 0.002205 1.409548 0.024780 0.021997 -0.088789 0.047385
1.042549 -0.006402 1.532512 -0.030782 -0.027736 -0.074271 0.042524
1.189025 -0.007779 1.664794 0.042292 -0.040295 -0.083230 0.050842
1.307213 -0.010418 1.796155 -0.022327 -0.047919 -0.073193 0.045144
1.442223 -0.000015 1.923673 -0.004779 -0.000066 -0.089118 0.044623
1.577153 -0.006800 2.056262 0.013328 -0.033915 -0.090862 0.048948
1.705237 0.000203 2.186064 -0.002010 0.000908 -0.087555 0.043791
1.835410 -0.004590 2.328546 -0.017489 -0.054089 -0.098371 0.056808
0.421155 0.122604 0.899214 -0.020906 0.005272 -0.091337 0.046924
0.386839 0.202475 0.937536 -0.069732 -0.000266 -0.068721 0.048952
0.252357 0.175785 0.899431 -0.047038 -0.080289 -0.006706 0.046647
0.732791 0.074126 1.240993 -0.036356 -0.070500 -0.067194 0.051979
0.739799 0.084983 1.241454 -0.026639 0.004446 -0.102863 0.053174
1.094115 0.050586 1.595523 -0.045169 -0.081083 -0.070364 0.058236
1.196908 0.093708 1.612120 0.031862 -0.004572 -0.083184 0.044597
1.220513 0.081509 1.631085 0.044357 -0.017019 -0.080239 0.046625
1.172668 0.084759 1.611844 0.004941 0.014641 -0.096708 0.048967
1.607085 0.090075 2.066718 -0.000690 -0.000096 -0.111461 0.055732
1.957895 0.104293 2.339090 0.053686 -0.035272 -0.059299 0.043711
1.840854 0.045486 2.323288 0.006259 -0.062977 -0.080671 0.051267
0.434810 -0.021150 0.925146 -0.001397 0.000154 -0.092978 0.046494
0.464186 -0.043284 0.942633 0.006911 -0.082728 -0.053074 0.049266
0.473830 -0.044092 0.938069 0.039247 -0.045946 -0.064223 0.044091
0.468774 -0.120073 0.922561 0.076103 -0.021519 -0.066166 0.051557
0.956311 -0.152626 1.453191 -0.030223 0.012573 -0.106100 0.055518
0.916030 -0.054164 1.410945 0.013421 0.003506 -0.077704 0.039466
1.062459 -0.162632 1.488672 0.003528 0.003410 -0.105102 0.052608
1.757168 -0.191109 2.343509 0.020582 -0.003361 -0.099880 0.051017
1.724904 -0.236276 2.361872 0.068673 -0.036429 -0.072200 0.053047
1.879672 -0.162038 2.283651 0.039148 -0.091645 0.066571 0.059923
0
