88
0.000000 0.000000 0.000000 0.000000 0.000000 0.500000 0.030000
0.000000 0.000000 0.500000 -2.063241 0.000000 1.731265 0.019430
-0.515810 0.000000 0.932816 0.001349 -0.128668 -0.013541 0.011862
-0.515361 -0.042889 0.928303 -0.014240 -0.009178 -0.002088 0.010844
-0.514911 -0.085779 0.923789 -0.092613 -0.044707 0.067605 0.008568
-0.514461 -0.128668 0.919276 -0.051320 -0.005947 -0.020158 0.010307
-0.515361 -0.042889 0.928303 0.044363 -0.127839 0.016630 0.008673
-0.514911 -0.085779 0.923789 0.033825 -0.023023 0.012068 0.008292
-0.514461 -0.128668 0.919276 0.090178 -0.052765 -0.038488 0.010699
-1.031621 0.000000 1.365632 -0.010349 -0.145279 -0.005060 0.011018
-1.034208 -0.036320 1.364367 -0.012690 -0.036698 -0.000442 0.009263
-1.036795 -0.072640 1.363102 -0.153663 0.024029 0.102080 0.009109
-1.039382 -0.108960 1.361837 -0.167188 0.091484 -0.035596 0.010270
-1.041969 -0.145279 1.360572 -0.041076 0.007476 -0.028374 0.009704
-1.036795 -0.072640 1.363102 0.128830 -0.065826 -0.023117 0.010245
-1.041969 -0.145279 1.360572 0.119706 -0.034167 0.019240 0.010536
-1.547431 0.000000 1.798449 0.018017 -0.100154 -0.025136 0.010893
-1.542927 -0.025039 1.792165 -0.158780 -0.135238 -0.030793 0.009520
-1.538422 -0.050077 1.785881 -0.037238 -0.023269 -0.011377 0.009471
-1.533918 -0.075116 1.779597 -0.039350 -0.059126 -0.009939 0.007805
-1.529414 -0.100154 1.773313 -0.039478 -0.093198 0.000375 0.009775
-1.538422 -0.050077 1.785881 0.160423 -0.117617 0.020582 0.008704
-1.529414 -0.100154 1.773313 0.047582 -0.021580 -0.048851 0.007725
-2.063241 0.000000 2.231265 -0.025453 -0.125055 0.028942 0.010345
-2.075968 -0.062528 2.245736 -0.187552 0.016700 0.035315 0.011152
-2.088695 -0.125055 2.260207 -0.090558 -0.060569 0.043858 0.010442
-2.075968 -0.062528 2.245736 0.120903 -0.067514 0.036322 0.010599
-2.088695 -0.125055 2.260207 0.021340 -0.044998 -0.008680 0.009286
-0.515810 0.000000 0.932816 -0.060318 0.221254 0.018715 0.008329
-0.530890 0.055314 0.937495 -0.112873 0.068935 -0.024244 0.011143
-0.545970 0.110627 0.942174 -0.068298 0.040516 -0.008272 0.009887
-0.561049 0.165941 0.946853 -0.098879 0.028923 0.010763 0.010013
-0.576129 0.221254 0.951532 -0.041661 0.053469 0.007877 0.010160
-1.031621 0.000000 1.365632 0.028041 0.095293 -0.003218 0.009396
-1.022274 0.031764 1.364560 0.048381 0.064932 -0.014803 0.010010
-1.012927 0.063529 1.363487 0.062503 0.006590 0.004837 0.009464
-1.003580 0.095293 1.362415 0.053500 0.007288 0.002229 0.010862
-1.022274 0.031764 1.364560 -0.091318 0.118118 0.058150 0.010255
-1.012927 0.063529 1.363487 -0.109275 0.022750 0.031282 0.008286
-1.003580 0.095293 1.362415 -0.016665 0.011461 0.010880 0.007561
-1.547431 0.000000 1.798449 0.020914 0.126238 0.013318 0.009713
-1.536974 0.063119 1.805108 0.021538 0.013721 0.008518 0.010495
-1.526517 0.126238 1.811767 0.184890 0.032027 -0.005358 0.009369
-1.540460 0.042079 1.802888 -0.008319 0.176226 0.030445 0.010171
-1.533488 0.084159 1.807327 -0.095913 0.070949 -0.039130 0.008678
-1.526517 0.126238 1.811767 0.015471 -0.006939 -0.003158 0.009852
-2.063241 0.000000 2.231265 -0.006022 0.114056 0.010345 0.009650
-2.066252 0.057028 2.236437 0.068563 0.045580 0.019310 0.010639
-2.069263 0.114056 2.241610 0.054518 0.010077 0.059466 0.010180
-2.069263 0.114056 2.241610 -0.109755 0.058797 0.020104 0.010223
0.000000 0.000000 0.500000 2.076455 -0.000000 1.742353 0.021019
0.519114 -0.000000 0.935588 0.052148 0.103020 0.036763 0.011677
0.536497 0.034340 0.947843 0.104499 0.020436 0.034539 0.009920
0.553879 0.068680 0.960097 0.023382 0.005279 0.003825 0.008923
0.571262 0.103020 0.972352 0.056559 0.054883 0.026127 0.010332
0.536497 0.034340 0.947843 -0.108267 0.091904 -0.004464 0.009282
0.553879 0.068680 0.960097 0.014414 -0.017115 -0.003448 0.011499
0.571262 0.103020 0.972352 -0.025648 0.117441 0.036781 0.010515
1.038228 -0.000000 1.371177 -0.000970 0.144424 0.002896 0.007957
1.037904 0.048141 1.372142 0.099801 0.124289 0.036515 0.009366
1.037581 0.096283 1.373107 0.076661 0.020365 0.035427 0.009722
1.037258 0.144424 1.374072 0.135628 0.026821 -0.007875 0.009166
1.037258 0.144424 1.374072 -0.103643 0.072686 0.000278 0.010352
1.557342 -0.000000 1.806765 0.033462 0.117261 0.038234 0.010148
1.574072 0.058630 1.825882 0.033284 0.006046 -0.003836 0.009724
1.590803 0.117261 1.844999 0.181060 0.080403 -0.003356 0.010750
1.568495 0.039087 1.819510 -0.054355 0.047168 -0.013972 0.010355
1.579649 0.078174 1.832254 -0.039019 0.014925 0.006652 0.009480
1.590803 0.117261 1.844999 -0.087203 0.104633 -0.036816 0.009424
2.076455 -0.000000 2.242353 -0.027574 0.065598 -0.015870 0.008703
2.062668 0.032799 2.234418 0.045235 0.150559 -0.014963 0.011454
2.048881 0.065598 2.226483 0.031765 0.031357 -0.005861 0.010935
2.048881 0.065598 2.226483 -0.121674 0.022671 0.010805 0.009502
0.519114 -0.000000 0.935588 0.036494 -0.153019 0.009761 0.010029
0.555608 -0.153019 0.945349 -0.150061 -0.097930 0.014439 0.010911
0.555608 -0.153019 0.945349 0.040434 0.017101 0.003901 0.008686
1.038228 -0.000000 1.371177 0.008493 -0.103127 -0.004873 0.011409
1.042474 -0.051563 1.368740 -0.090844 -0.096435 0.023575 0.010900
1.046720 -0.103127 1.366304 -0.094520 -0.045210 0.002714 0.010053
1.042474 -0.051563 1.368740 0.113515 -0.037797 -0.053085 0.009145
1.046720 -0.103127 1.366304 0.005753 -0.003245 -0.000109 0.008521
1.557342 -0.000000 1.806765 0.067937 -0.163417 0.029962 0.009521
1.591310 -0.081709 1.821746 0.118310 -0.073495 0.008759 0.009387
1.625278 -0.163417 1.836727 0.105156 0.026391 -0.017180 0.010267
2.076455 -0.000000 2.242353 -0.025900 -0.084891 -0.019942 0.011149
2.063506 -0.042445 2.232382 -0.066149 -0.099337 -0.032520 0.011182
2.050556 -0.084891 2.222411 -0.056571 0.017296 0.009140 0.008420
2.050556 -0.084891 2.222411 0.028834 -0.039939 -0.026432 0.009993
72
-0.134518 -0.004284 0.596710 0.012369 -0.017478 -0.076322 0.039634
-0.272529 -0.003372 0.711874 0.014549 -0.019092 -0.107366 0.055008
-0.405050 0.004354 0.828909 0.045555 0.026102 -0.103991 0.058247
-0.556906 0.007106 0.944877 -0.038358 0.040632 -0.096025 0.055550
-0.674795 0.013368 1.082661 0.071676 0.073978 0.030839 0.053762
-0.826561 0.003631 1.173461 -0.006898 0.019805 -0.103872 0.052984
-0.962935 -0.000003 1.288494 -0.000471 -0.000016 -0.102447 0.051224
-1.091833 0.009365 1.408628 0.047152 0.051576 -0.081028 0.053500
-1.245308 0.004487 1.521348 -0.035828 0.021835 -0.084721 0.047271
-1.374761 -0.006258 1.635797 0.004208 -0.035924 -0.105511 0.055769
-1.511382 -0.002615 1.750413 0.007247 -0.011405 -0.083655 0.042370
-1.650347 0.006151 1.866583 0.001436 0.035973 -0.107781 0.056818
-1.785751 -0.003167 1.981410 0.012898 -0.017082 -0.102582 0.052396
-1.912083 -0.005804 2.103252 0.067280 -0.028695 -0.062271 0.048030
-2.062031 0.002361 2.221987 0.012207 0.023804 -0.093544 0.048647
-0.510542 -0.062776 0.915221 0.036875 0.012507 -0.086899 0.047612
-0.517777 -0.124506 0.909994 -0.026389 0.033125 -0.073870 0.042575
-0.527210 -0.049124 0.916054 0.021389 0.026340 -0.090917 0.048521
-0.474646 -0.174270 0.937907 -0.043343 -0.042077 -0.083471 0.051518
-0.423182 -0.181070 0.870152 0.009811 0.003237 -0.094774 0.047668
-1.041383 -0.136468 1.354825 0.005051 0.075936 -0.049527 0.045400
-1.049297 -0.066638 1.357653 -0.021499 0.057177 -0.056221 0.041510
-1.121547 -0.065128 1.334051 0.010944 -0.014629 -0.076503 0.039327
-1.203280 -0.016399 1.316572 0.031237 0.010229 -0.091814 0.048760
-0.906906 -0.138070 1.329803 0.007992 0.002989 -0.076865 0.038669
-0.922845 -0.179972 1.369305 -0.005135 -0.004642 -0.092851 0.046554
-1.524829 -0.102847 1.767709 0.061211 -0.035951 -0.074824 0.051570
-2.082179 -0.126763 2.253815 0.078415 -0.020552 -0.076923 0.055876
-2.265447 -0.047309 2.270167 -0.020122 -0.015461 -0.113625 0.058212
-2.173244 -0.188170 2.295914 0.069997 -0.029652 -0.094950 0.060816
-2.071245 -0.171484 2.243218 -0.047582 -0.017505 -0.101646 0.056794
-0.661056 0.193972 0.947707 -0.011353 -0.008973 -0.099747 0.050396
-0.984379 0.066048 1.356870 -0.026762 -0.007685 -0.089462 0.046847
-0.952156 0.071417 1.359112 -0.019419 0.014548 -0.103282 0.053047
-0.956291 0.097858 1.357086 -0.067051 -0.050985 -0.081597 0.058638
-1.110303 0.149958 1.412996 0.027800 0.000633 -0.082101 0.043341
-1.124082 0.086175 1.386700 -0.025199 -0.001390 -0.108163 0.055534
-1.525315 0.124843 1.802088 0.012392 -0.014381 -0.099763 0.050776
-1.994140 0.100222 2.246005 0.031955 -0.021481 -0.087706 0.047893
-2.015165 0.123911 2.290906 -0.004323 -0.002288 -0.104644 0.052379
-2.179132 0.174056 2.251562 -0.001057 0.011174 -0.094328 0.047497
0.258781 0.007684 0.698245 -0.003709 0.036728 -0.093440 0.050234
0.513825 -0.003859 0.927991 -0.047899 -0.034951 -0.068805 0.045415
0.778638 -0.000237 1.132364 -0.000152 -0.001095 -0.097113 0.048560
1.036140 0.004001 1.360698 -0.016042 0.030740 -0.080513 0.043831
1.290745 0.002435 1.569315 -0.033465 0.011576 -0.093442 0.049963
1.553565 -0.006819 1.801298 -0.035896 -0.064809 -0.051961 0.045246
1.810757 0.019163 2.030632 -0.031840 0.099342 0.031483 0.054483
2.077673 0.009003 2.235890 0.012888 0.095307 -0.068412 0.059012
0.581992 0.070140 0.957392 0.049472 -0.039934 -0.068276 0.046647
0.634555 0.154274 0.991535 0.065918 -0.035526 -0.067977 0.050567
0.568380 0.051704 0.945151 0.000764 0.001216 -0.100979 0.050495
1.039393 0.147116 1.364308 0.019611 0.024720 -0.089668 0.047529
1.574273 0.059737 1.816224 0.002307 0.012731 -0.111087 0.055919
1.594589 0.115985 1.836464 0.036853 -0.012421 -0.083082 0.045867
1.607789 0.064520 1.812334 0.003689 -0.001329 -0.082659 0.041376
1.514213 0.086207 1.795182 0.000781 -0.000510 -0.111421 0.055712
1.542167 0.096173 1.830071 0.015502 0.031005 -0.089109 0.047807
1.505825 0.221606 1.799030 0.022566 -0.002922 -0.092797 0.047773
2.062984 0.037827 2.224131 0.002435 0.038729 -0.079241 0.044116
2.046732 0.065546 2.217227 -0.018643 -0.000449 -0.080296 0.041216
1.930142 0.094262 2.230523 0.031860 0.065057 -0.073429 0.051574
0.559153 -0.157354 0.938709 0.038618 -0.047217 -0.072324 0.047306
0.405821 -0.252846 0.949047 0.001815 -0.012574 -0.071181 0.036153
1.040853 -0.097024 1.365335 -0.068360 0.071106 -0.011285 0.049640
1.152709 -0.089613 1.307122 -0.039224 -0.003022 -0.102058 0.054689
1.053394 -0.105316 1.357790 0.011280 0.012927 -0.102898 0.052159
1.630463 -0.157257 1.830358 0.049470 0.058786 -0.060774 0.048981
1.728487 -0.139723 1.809834 -0.017134 -0.023721 -0.085462 0.045166
2.041575 -0.084214 2.218079 -0.093621 0.007060 -0.045155 0.052091
1.992368 -0.137951 2.190617 -0.038273 0.029397 -0.070925 0.042894
1.993094 -0.071230 2.224007 -0.011583 -0.047295 -0.098141 0.054778
0
