89
0.000000 0.000000 0.000000 0.000000 0.000000 0.500000 0.030000
0.000000 0.000000 0.500000 -2.302642 0.000000 1.329431 0.017981
-0.575661 0.000000 0.832358 0.046063 -0.129882 -0.008356 0.010965
-0.552629 -0.064941 0.828180 -0.030444 -0.046952 0.001789 0.010287
-0.529597 -0.129882 0.824002 -0.058747 -0.091045 -0.062662 0.009435
-0.552629 -0.064941 0.828180 0.008161 0.000861 0.000813 0.009666
-0.529597 -0.129882 0.824002 0.055024 -0.040438 0.006053 0.010232
-1.151321 0.000000 1.164716 0.003427 -0.073887 0.020420 0.008636
-1.150179 -0.024629 1.171522 -0.047832 -0.037970 0.051843 0.009108
-1.149036 -0.049258 1.178329 -0.115507 -0.021047 -0.047070 0.008780
-1.147894 -0.073887 1.185136 -0.065519 -0.027253 0.063296 0.009230
-1.149608 -0.036943 1.174926 0.047250 -0.090903 0.022532 0.009099
-1.147894 -0.073887 1.185136 0.015233 -0.017787 0.001253 0.010811
-1.726982 0.000000 1.497073 -0.008866 -0.176076 -0.005454 0.009008
-1.731415 -0.088038 1.494346 0.003485 -0.000651 0.000139 0.010688
-1.735848 -0.176076 1.491619 -0.074204 -0.081563 0.011763 0.008827
-1.729937 -0.058692 1.495255 0.015323 -0.015446 0.005728 0.011040
-1.732892 -0.117384 1.493437 0.054664 -0.037925 0.005147 0.010750
-1.735848 -0.176076 1.491619 0.047949 -0.015687 0.012187 0.008715
-2.302642 0.000000 1.829431 -0.027526 -0.104049 -0.007277 0.009926
-2.311818 -0.034683 1.827006 -0.129149 0.018193 -0.021185 0.010570
-2.320993 -0.069366 1.824580 -0.079586 -0.044892 -0.002307 0.010835
-2.330169 -0.104049 1.822154 -0.090232 -0.066559 -0.014423 0.012487
-2.311818 -0.034683 1.827006 0.090485 -0.100482 0.065710 0.010848
-2.320993 -0.069366 1.824580 0.100197 -0.050687 -0.016829 0.009936
-2.330169 -0.104049 1.822154 0.090947 -0.029007 -0.023212 0.008766
-0.575661 0.000000 0.832358 -0.046944 0.178078 0.047167 0.011504
-0.591309 0.059359 0.848080 0.045277 0.169234 0.048739 0.007997
-0.606957 0.118719 0.863802 0.003690 0.015569 0.006605 0.010369
-0.622605 0.178078 0.879525 0.058406 0.060015 -0.005519 0.010628
-0.599133 0.089039 0.855941 -0.181754 -0.008401 -0.012286 0.008756
-0.622605 0.178078 0.879525 0.033576 -0.018484 0.023340 0.009838
-1.151321 0.000000 1.164716 -0.012058 0.128417 0.003894 0.009515
-1.155341 0.042806 1.166013 0.057338 0.123244 -0.013329 0.011892
-1.159360 0.085611 1.167311 -0.020716 -0.018175 -0.009865 0.009290
-1.163379 0.128417 1.168609 0.050937 0.006534 -0.024511 0.008943
-1.157350 0.064208 1.166662 -0.035222 0.029298 0.027261 0.009262
-1.163379 0.128417 1.168609 -0.075896 0.062933 -0.006919 0.008700
-1.726982 0.000000 1.497073 0.001883 0.195380 0.041403 0.010515
-1.726354 0.065127 1.510874 0.122887 0.096324 0.058763 0.011545
-1.725726 0.130253 1.524676 0.070416 0.033008 0.007958 0.010279
-1.725099 0.195380 1.538477 0.093947 0.049161 -0.043075 0.009615
-1.725099 0.195380 1.538477 -0.086711 0.018151 0.021606 0.012772
-2.302642 0.000000 1.829431 -0.030178 0.158189 -0.017642 0.010496
-2.317731 0.079094 1.820610 0.014160 0.041469 0.005643 0.010733
-2.332820 0.158189 1.811789 0.001164 0.000975 -0.000268 0.011330
-2.310187 0.039547 1.825021 -0.084644 -0.028147 0.013281 0.010995
-2.317731 0.079094 1.820610 -0.020363 0.013285 0.005322 0.009556
-2.325276 0.118642 1.816200 -0.098774 0.038385 -0.013667 0.010684
-2.332820 0.158189 1.811789 -0.108306 -0.010300 -0.002444 0.008811
0.000000 0.000000 0.500000 2.143003 -0.000000 1.237263 0.019813
0.535751 -0.000000 0.809316 0.002805 0.138536 0.020884 0.009518
0.538556 0.138536 0.830200 0.107459 0.046470 0.024238 0.010288
0.536452 0.034634 0.814537 -0.070657 0.041750 0.052906 0.011236
0.537153 0.069268 0.819758 -0.107368 0.083682 0.051662 0.010275
0.537855 0.103902 0.824979 -0.138660 0.057833 -0.018882 0.009278
0.538556 0.138536 0.830200 -0.082719 0.070852 -0.038481 0.011254
1.071501 -0.000000 1.118632 0.044568 0.137459 0.018959 0.011165
1.086357 0.045820 1.124951 0.207759 0.062984 0.036415 0.010381
1.101213 0.091640 1.131271 0.156901 0.060249 0.006104 0.009722
1.116069 0.137459 1.137590 0.079960 0.055222 -0.017387 0.009888
1.116069 0.137459 1.137590 -0.052759 0.020142 -0.009524 0.009647
1.607252 -0.000000 1.427947 -0.063233 0.197158 0.017474 0.010468
1.575635 0.098579 1.436684 0.046908 0.065214 -0.026355 0.010407
1.544019 0.197158 1.445421 0.041244 0.062489 -0.001267 0.010572
1.575635 0.098579 1.436684 -0.141833 -0.019797 0.026403 0.012173
1.544019 0.197158 1.445421 -0.079972 0.034996 0.025060 0.010590
2.143003 -0.000000 1.737263 0.018262 0.114363 -0.024997 0.010790
2.161264 0.114363 1.712266 0.049110 0.003648 -0.011853 0.008801
2.161264 0.114363 1.712266 -0.191226 0.070157 -0.019886 0.009328
0.535751 -0.000000 0.809316 -0.002404 -0.171336 -0.007148 0.010579
0.535150 -0.042834 0.807529 -0.030353 -0.054736 0.016416 0.008707
0.534549 -0.085668 0.805742 -0.099015 -0.150824 -0.020705 0.011208
0.533948 -0.128502 0.803955 -0.063171 -0.091423 0.011075 0.008263
0.533347 -0.171336 0.802168 -0.116918 -0.055226 -0.019121 0.012146
1.071501 -0.000000 1.118632 -0.038903 -0.184471 -0.003318 0.012752
1.052050 -0.092235 1.116972 -0.076829 0.014382 -0.012124 0.009213
1.032599 -0.184471 1.115313 -0.093763 -0.064736 -0.009156 0.011665
1.058534 -0.061490 1.117525 0.048245 -0.143704 0.001067 0.010393
1.045566 -0.122980 1.116419 0.041499 -0.030928 -0.028362 0.011650
1.032599 -0.184471 1.115313 0.063123 -0.060264 -0.043805 0.010949
1.607252 -0.000000 1.427947 0.007064 -0.168359 0.014738 0.011347
1.610784 -0.084180 1.435317 0.048612 -0.101867 -0.022892 0.011971
1.614316 -0.168359 1.442686 0.040765 -0.035987 -0.006224 0.009652
2.143003 -0.000000 1.737263 0.055707 -0.170720 0.004228 0.009123
2.161572 -0.056907 1.738672 -0.079301 -0.059137 0.013911 0.007969
2.180140 -0.113813 1.740082 -0.003294 -0.003880 0.001201 0.010609
2.198709 -0.170720 1.741491 0.009344 0.006180 -0.003918 0.011511
2.198709 -0.170720 1.741491 0.132567 -0.054015 0.058991 0.009284
60
-0.287722 -0.000300 0.648201 0.000719 -0.001981 -0.118783 0.059401
-0.575038 0.010767 0.836362 0.005486 0.094928 0.035302 0.050714
-0.862232 -0.005565 0.981485 0.007106 -0.031411 -0.096252 0.050748
-1.159308 -0.004153 1.161631 -0.087744 -0.045629 -0.033884 0.052271
-1.434461 -0.012511 1.318862 0.028851 -0.076965 -0.074019 0.055305
-1.726038 -0.000846 1.486635 0.009910 -0.008879 -0.109599 0.055202
-2.000565 -0.004971 1.653475 0.083765 -0.029227 -0.057485 0.052857
-2.301297 0.001666 1.819156 0.013439 0.016645 -0.102639 0.052422
-0.591314 -0.229278 0.758105 -0.029517 -0.083010 -0.032152 0.046893
-0.545687 -0.072978 0.832567 -0.009850 -0.071880 0.028877 0.039043
-1.155475 -0.073952 1.177429 -0.055926 -0.000483 -0.056852 0.039875
-1.214137 -0.100608 1.239246 -0.006437 0.004727 -0.081626 0.041008
-1.111094 -0.128876 1.195133 -0.092343 -0.010886 -0.024573 0.048087
-1.734362 -0.176150 1.483032 0.016298 -0.000805 -0.094217 0.047810
-1.727246 -0.093397 1.484914 0.006917 -0.047584 -0.096753 0.054021
-1.814957 -0.264297 1.500293 -0.057962 -0.078676 -0.036505 0.052159
-1.713775 -0.071142 1.490392 0.008157 0.029144 -0.103017 0.053685
-2.428217 -0.167379 1.798544 -0.061050 0.025218 -0.071756 0.048765
-2.220648 -0.121029 1.797865 0.001437 -0.009422 -0.095517 0.047996
-2.238045 -0.136151 1.790825 0.013419 -0.035294 -0.092554 0.049980
-0.624774 0.178847 0.869960 -0.019647 0.006960 -0.086643 0.044557
-0.591084 0.159118 0.893256 -0.021840 -0.005070 -0.102112 0.052272
-1.157406 0.063047 1.157474 -0.000652 -0.013539 -0.107109 0.053982
-1.170112 0.132314 1.164714 -0.058655 0.033957 -0.033936 0.037899
-1.178860 0.066715 1.148264 0.011152 -0.006609 -0.084185 0.042589
-1.113232 0.130045 1.136662 -0.008858 -0.055003 -0.083364 0.050133
-1.188662 0.089178 1.186729 0.036821 -0.040760 -0.067751 0.043610
-1.721837 0.186834 1.529563 0.025186 -0.065984 -0.068827 0.049308
-1.597835 0.168621 1.562554 0.048269 0.061448 -0.060704 0.049474
-1.655962 0.164133 1.522412 -0.008003 0.010723 -0.125702 0.063206
-1.810624 0.213342 1.547367 0.009906 -0.001579 -0.106228 0.053350
-2.303887 0.119709 1.815560 -0.002465 -0.006672 -0.083465 0.041884
-2.395870 0.004973 1.829441 -0.008086 -0.050015 -0.068955 0.042783
-2.337753 0.100555 1.820996 0.002817 0.067597 -0.040815 0.039507
0.310387 0.000831 0.657417 0.018323 0.003589 -0.083475 0.042769
0.623553 -0.000180 0.837207 0.051898 -0.000830 -0.075066 0.045632
0.915281 -0.001309 1.010738 -0.017510 -0.007276 -0.108528 0.055086
1.232996 0.002233 1.189214 0.041379 0.010972 -0.087412 0.048666
1.525242 0.006315 1.365795 -0.025596 0.029529 -0.083999 0.046322
1.831570 0.002065 1.541529 -0.028284 0.011043 -0.101509 0.052976
2.140161 0.002917 1.729100 -0.031214 0.032038 -0.089663 0.050100
0.539896 0.139576 0.819075 0.010510 0.008157 -0.087234 0.044122
0.474228 0.071547 0.861808 0.069506 -0.039868 -0.046446 0.046308
1.111755 0.135035 1.129309 -0.044647 -0.025084 -0.085701 0.049918
1.252424 0.148449 1.130281 -0.055761 -0.033704 -0.069508 0.047636
1.068571 0.165633 1.129004 0.050577 0.077208 0.009016 0.046369
1.539873 0.194316 1.436099 -0.036145 -0.024780 -0.081282 0.046172
1.463799 0.231309 1.459928 -0.002805 -0.009535 -0.119137 0.059775
2.147634 0.066170 1.720842 -0.042295 0.084483 -0.036875 0.050710
2.157100 0.118712 1.705142 -0.043077 0.044991 -0.073700 0.048248
0.534112 -0.171106 0.790048 0.007018 0.002101 -0.111168 0.055704
0.437238 -0.235922 0.773975 0.013520 0.004521 -0.087724 0.044438
0.943967 -0.250915 1.095822 0.044701 -0.014877 -0.090036 0.050809
1.097665 -0.201328 1.121753 -0.083472 0.035408 0.028945 0.047590
1.602725 -0.090988 1.429659 -0.063183 -0.053377 -0.044357 0.046928
1.611112 -0.162326 1.435867 -0.040618 0.076485 -0.086446 0.061181
1.662922 -0.181509 1.401922 0.030442 0.039163 -0.090654 0.051669
1.654901 -0.202526 1.426985 -0.001834 0.018556 -0.096632 0.049207
2.201556 -0.172038 1.732753 0.030594 -0.014162 -0.093906 0.049887
2.329695 -0.225217 1.791346 -0.016208 -0.004936 -0.093625 0.047573
0
