87
-0.00000   -0.00000   0.00000   0.01843   0.06735   0.48550   0.02160
0.01806   0.06601   0.47580   0.05093   -0.00553   0.37787   0.01568
0.06812   0.06057   0.84721   0.05991   0.05824   0.52742   0.01075
0.12783   0.11862   1.37292   -0.03814   0.04831   0.59997   0.00500
0.08970   0.16693   1.97289   0.00975   0.07539   0.53371   0.00500
0.09652   0.21970   2.34648   -0.05194   -0.01536   0.03922   0.00500
0.09150   0.18090   2.07174   0.01450   0.03005   0.04162   0.00500
0.09261   0.16325   1.92714   0.01221   0.09099   0.07044   0.00500
0.10404   0.14876   1.74721   0.00371   0.02740   0.03715   0.00500
0.11724   0.13204   1.53959   0.02327   0.02762   0.00213   0.00500
0.11719   0.10827   1.27917   0.10380   -0.12202   0.09638   0.00500
0.11748   0.10855   1.28175   0.06291   0.05709   0.06076   0.00500
0.08034   0.07245   0.95477   0.13130   -0.01766   0.04873   0.00500
0.21163   0.05478   1.00350   0.16066   -0.04488   0.05616   0.00500
0.37231   0.00990   1.05966   0.18024   -0.27156   -0.03614   0.00500
0.55255   -0.26166   1.02352   0.05938   -0.18580   -0.18894   0.00500
0.60279   -0.41886   0.86367   -0.00659   -0.03254   -0.00499   0.00500
0.05986   0.06147   0.78591   0.04339   -0.05624   0.05022   0.00761
0.10324   0.00522   0.83613   0.20532   -0.21745   -0.06567   0.00514
0.30542   -0.20889   0.77147   0.30229   -0.12817   0.06532   0.00500
0.60598   -0.33633   0.83641   0.23430   -0.04002   0.01446   0.00500
0.84027   -0.37635   0.85087   0.00685   0.04573   -0.14642   0.00500
0.78170   -0.36635   0.84726   0.06449   0.07859   -0.14539   0.00500
0.67627   -0.34834   0.84075   0.05830   -0.03212   0.01502   0.00500
0.73369   -0.37998   0.85554   0.03504   0.00585   -0.12797   0.00500
0.76880   -0.37412   0.72733   0.01555   0.03567   -0.10098   0.00500
0.24100   -0.14067   0.79207   -0.01637   -0.02988   0.00683   0.00500
0.21714   -0.11540   0.79970   0.02042   0.02956   0.00620   0.00500
0.19564   -0.09263   0.80658   -0.00630   0.00428   -0.22724   0.00500
0.04439   0.06315   0.67112   0.18761   0.05042   0.08342   0.00758
0.23199   0.11357   0.75454   0.14201   0.14138   0.05174   0.00699
0.37318   0.25413   0.80598   0.24413   0.37092   -0.08334   0.00500
0.61626   0.62344   0.72300   0.19031   0.26217   -0.11737   0.00500
0.80657   0.88562   0.60563   0.07262   -0.05578   -0.21111   0.00500
0.79989   0.87641   0.60975   0.04179   -0.02323   -0.04975   0.00500
0.74844   0.80554   0.64148   0.02669   -0.01806   -0.04827   0.00500
0.69238   0.72830   0.67606   0.06099   -0.05122   -0.02438   0.00500
0.62718   0.63850   0.71626   0.09104   0.04265   0.08334   0.00500
0.62773   0.63924   0.71593   0.07201   -0.07607   0.06898   0.00500
0.51078   0.46319   0.75901   0.13454   0.09850   0.13875   0.00500
0.12204   0.11299   1.32189   -0.14782   0.00429   0.05082   0.00500
-0.02591   0.11728   1.37275   -0.29447   0.00954   0.16953   0.00500
-0.02578   0.11728   1.37271   -0.06264   -0.05748   0.15923   0.00500
0.11605   0.10716   1.26915   -0.06304   0.07139   0.04195   0.00500
0.05381   0.17765   1.31057   -0.17355   0.18457   0.20798   0.00500
0.10706   0.09843   1.19003   -0.03532   -0.05802   0.05271   0.00500
0.07182   0.04053   1.24263   -0.14154   -0.10340   -0.07402   0.00500
-0.06972   -0.06287   1.16861   -0.01738   -0.02998   -0.00970   0.00500
0.10107   0.09260   1.13729   -0.15588   0.10062   0.10740   0.00500
-0.05512   0.19342   1.24491   -0.11197   -0.01634   0.13266   0.00500
0.09508   0.08678   1.08455   -0.02971   0.06961   0.03045   0.00818
0.06536   0.15639   1.11499   -0.17433   0.28489   0.02182   0.00500
-0.10648   0.43722   1.13650   -0.24044   0.51400   -0.07846   0.00500
-0.02180   0.29883   1.12590   -0.02738   0.02689   0.02417   0.00500
0.00435   0.25610   1.12263   -0.02919   0.01852   -0.00540   0.00500
0.08310   0.07513   0.97906   -0.03300   -0.01493   0.04569   0.00514
0.05009   0.06020   1.02476   -0.21768   -0.30150   -0.00904   0.00500
-0.16531   -0.23815   1.01581   -0.31940   -0.28431   -0.03578   0.00500
-0.48431   -0.52211   0.98007   -0.17120   -0.06387   -0.09692   0.00500
-0.64861   -0.58340   0.88706   -0.10147   0.02665   0.01340   0.00500
-0.63636   -0.57883   0.89400   -0.03694   -0.02672   0.00263   0.00500
-0.61275   -0.57003   0.90736   -0.03189   0.02441   -0.00563   0.00500
-0.34098   -0.39452   0.99613   -0.08175   0.00678   0.08590   0.00500
-0.29307   -0.35188   1.00150   0.02346   -0.01476   0.06405   0.00500
-0.16758   -0.24130   1.01572   -0.05512   -0.01702   0.03505   0.00500
-0.11728   -0.17163   1.01781   0.02440   -0.09838   0.05285   0.00500
-0.03014   -0.05093   1.02142   -0.03678   -0.00089   0.06136   0.00500
0.08010   0.07222   0.95269   -0.12127   0.14502   0.04608   0.00500
-0.04033   0.21623   0.99846   -0.12737   0.13244   -0.03705   0.00500
-0.16729   0.34824   0.96152   -0.15498   0.15233   -0.15490   0.00500
-0.32227   0.50056   0.80662   -0.26315   0.15506   -0.03149   0.00500
0.05005   0.06467   0.67364   -0.07248   0.05622   0.06249   0.00595
-0.02203   0.12059   0.73579   -0.28494   0.27815   0.04538   0.00500
-0.30277   0.39464   0.78051   -0.42975   0.59864   -0.00601   0.00500
-0.73257   0.99335   0.77450   -0.12954   0.09977   0.07357   0.00500
-0.70814   0.95931   0.77484   -0.05456   0.07693   0.13587   0.00500
-0.56062   0.75382   0.77690   0.00562   0.06256   0.00350   0.00500
-0.42846   0.56720   0.78345   -0.06279   0.12190   0.13612   0.00500
-0.33139   0.43451   0.78011   0.02803   0.16384   0.06719   0.00500
-0.30697   0.39874   0.78118   -0.15056   -0.01921   0.11352   0.00500
-0.27848   0.37093   0.77664   0.00007   0.01978   0.04337   0.00500
-0.29759   0.38959   0.77968   0.02110   0.11465   -0.01592   0.00500
0.03843   0.06379   0.62695   -0.21804   -0.42450   0.09024   0.00500
-0.17928   -0.36006   0.71705   -0.20245   -0.41114   0.19819   0.00500
-0.38089   -0.76949   0.91442   -0.00820   -0.03462   0.08783   0.00500
-0.29063   -0.58619   0.82606   -0.00052   -0.01302   0.06474   0.00500
-0.14690   -0.29703   0.70365   0.00827   -0.00330   0.02763   0.01596
65
0.06328   0.20988   2.37158   -0.04963   -0.00162   -0.04057   0.03206
0.04458   0.20435   2.38570   -0.01355   -0.05297   -0.03439   0.03229
0.10600   0.21094   2.11335   0.01278   0.03206   -0.04526   0.02846
0.09116   0.17824   2.05295   -0.01679   -0.01782   -0.07004   0.03710
0.10479   0.25406   1.99744   -0.00816   0.02624   -0.06329   0.03450
0.09351   0.16210   1.91289   0.01519   0.04281   -0.03514   0.02871
0.09808   0.15632   1.84111   0.05437   -0.03893   -0.05462   0.04317
0.10775   0.17619   1.78440   0.02653   0.01698   -0.06150   0.03455
0.10775   0.17616   1.78437   -0.06099   0.01684   -0.04893   0.03999
0.13838   0.15714   1.54153   -0.00357   -0.00613   -0.06964   0.03500
0.22099   -0.01375   1.37555   0.02834   -0.00330   -0.05650   0.03165
0.18039   0.16564   1.34250   0.01456   0.03215   -0.04686   0.02933
0.61161   -0.44647   0.83559   0.01889   -0.01503   -0.06891   0.03651
0.59620   -0.45140   0.85868   0.01574   -0.05826   -0.03742   0.03550
0.59620   -0.45140   0.85868   -0.00338   -0.00045   -0.05181   0.02596
0.84596   -0.33838   0.72928   -0.00357   -0.01417   -0.05350   0.02773
0.84619   -0.28775   0.70186   -0.01285   0.01082   -0.06961   0.03581
0.77735   -0.35450   0.67179   -0.03485   0.02849   -0.05602   0.03593
0.77735   -0.35450   0.67179   0.02775   -0.06185   -0.05527   0.04373
0.22544   -0.16908   0.79856   0.01820   -0.04702   -0.06041   0.03934
0.23751   -0.08591   0.80588   0.05352   -0.03454   0.01520   0.03274
0.23087   -0.09553   0.80387   -0.00162   0.01085   -0.07039   0.03562
0.18935   -0.08836   0.57935   0.05586   0.00034   -0.03417   0.03274
0.18956   -0.08851   0.58720   -0.05783   -0.03760   -0.08861   0.05615
0.87923   0.82980   0.39440   0.00342   -0.03951   -0.03665   0.02700
0.84168   0.85318   0.56000   0.01694   -0.01617   -0.02969   0.01891
0.77479   0.78770   0.59381   0.00507   -0.01804   -0.05130   0.02731
0.75334   0.67710   0.65168   -0.01859   -0.01840   -0.08050   0.04232
0.71823   0.68114   0.79961   0.01050   0.03395   -0.06196   0.03571
0.64447   0.56107   0.89688   0.00501   0.08156   -0.01295   0.04137
0.09262   0.18955   2.13300   -0.00861   -0.02138   -0.05073   0.02786
-0.29112   0.12587   1.52544   -0.00889   -0.02082   -0.04527   0.02531
-0.29094   0.12587   1.52533   -0.01269   0.06983   -0.02451   0.03754
-0.08495   0.06299   1.52310   -0.04928   -0.03375   -0.00959   0.03025
-0.08843   0.05980   1.53194   0.01095   0.04367   -0.02790   0.02648
-0.11974   0.36222   1.51855   -0.03948   0.00983   -0.05237   0.03316
-0.11974   0.36222   1.51855   0.05009   0.07760   -0.03567   0.04950
-0.06768   0.30684   1.45615   -0.01549   0.00808   -0.06662   0.03444
-0.08710   -0.09285   1.15891   -0.03786   0.01160   -0.00154   0.01981
-0.07231   -0.06734   1.16717   -0.01116   -0.00979   -0.05637   0.02914
-0.06972   -0.06287   1.16861   0.05013   -0.01854   -0.04013   0.03342
-0.34692   0.95122   1.05804   0.00614   0.02782   -0.08701   0.04578
-0.27479   0.79702   1.08158   -0.00244   0.01047   -0.07058   0.03570
-0.06538   0.37006   1.13136   -0.05896   0.03325   -0.03805   0.03882
-0.04918   0.32572   1.15008   -0.01187   0.05496   -0.00892   0.02846
-0.04494   0.32156   1.14634   -0.04363   0.03396   0.00462   0.02774
-0.02485   0.27462   1.11723   -0.02701   0.04413   -0.05906   0.03926
-0.02485   0.27462   1.11723   -0.01647   0.00232   -0.04922   0.02598
-0.66741   -0.60129   0.89620   -0.02489   0.01056   -0.04686   0.02705
-0.64465   -0.54562   0.90173   -0.03030   -0.01694   -0.08316   0.04505
-0.26961   -0.36664   1.06555   -0.01888   0.00539   -0.03490   0.02002
-0.16747   -0.24114   1.01572   -0.04625   0.00006   -0.03077   0.02777
-0.22212   -0.25814   1.05039   -0.02379   -0.03209   -0.03532   0.02666
-0.09498   -0.26156   1.06612   -0.02662   -0.05539   -0.05720   0.04198
-0.06691   -0.05182   1.08278   -0.03168   0.01914   -0.04382   0.02868
-0.06438   -0.05175   1.07856   0.00332   -0.05699   -0.02009   0.03026
-0.43788   0.58548   0.80387   -0.02220   0.06907   0.00586   0.03639
-0.22153   0.40155   0.90731   -0.05771   0.01871   -0.01732   0.03154
-0.69942   0.94717   0.77496   -0.04784   -0.02413   -0.02142   0.02885
-0.55516   0.81460   0.78030   -0.04581   0.02438   -0.09722   0.05510
-0.43226   0.57458   0.79169   -0.01966   -0.00371   -0.06226   0.03270
-0.45753   0.37953   0.89470   0.00370   -0.03452   -0.03718   0.02543
-0.27841   0.39071   0.82000   0.03483   0.01983   -0.06579   0.03852
-0.27651   0.50418   0.76377   -0.01267   0.04642   -0.04391   0.03257
-0.13863   -0.30033   0.73129   0.04260   0.01745   -0.05282   0.03503
