74
0.000000 0.000000 0.000000 0.000000 0.000000 0.500000 0.030000
0.000000 0.000000 0.500000 -2.581259 0.000000 0.225831 0.021276
-0.860420 0.000000 0.575277 -0.039164 -0.102545 -0.001684 0.012088
-0.880001 -0.051272 0.574435 -0.082162 0.002491 0.022124 0.008506
-0.899583 -0.102545 0.573593 -0.111447 -0.038741 -0.008142 0.008807
-0.873474 -0.034182 0.574716 -0.000816 0.001229 0.000127 0.010757
-0.886529 -0.068363 0.574154 0.066101 -0.130229 0.015409 0.011613
-0.899583 -0.102545 0.573593 0.002062 -0.031334 -0.002710 0.012047
-1.720839 0.000000 0.650554 -0.020389 -0.108020 -0.019995 0.010108
-1.727636 -0.036007 0.643889 0.042171 -0.093394 0.079342 0.010084
-1.734432 -0.072013 0.637224 0.172630 -0.161933 -0.017554 0.008335
-1.741229 -0.108020 0.630559 0.055803 -0.131292 -0.035911 0.009480
-2.581259 0.000000 0.725831 0.013623 -0.176633 -0.003267 0.010442
-2.574447 -0.088317 0.724198 0.089330 -0.051221 0.033635 0.010468
-2.567636 -0.176633 0.722564 0.152562 -0.107829 0.007397 0.011743
-0.645315 0.000000 0.556458 0.000791 0.084225 -0.009528 0.008231
-0.644919 0.042113 0.551694 0.092379 -0.018918 -0.019237 0.008510
-0.644524 0.084225 0.546930 0.067189 0.140342 0.002405 0.009856
-0.644919 0.042113 0.551694 -0.043036 0.049002 -0.032848 0.011422
-0.644524 0.084225 0.546930 -0.088306 0.095087 -0.055332 0.011303
-1.290629 0.000000 0.612915 0.013413 0.176432 0.057607 0.010065
-1.283923 0.088216 0.641719 0.077142 0.056488 0.039837 0.011396
-1.277216 0.176432 0.670523 0.093703 0.115163 0.017587 0.009930
-1.286158 0.058811 0.632118 -0.030792 0.066541 0.014967 0.010342
-1.281687 0.117622 0.651320 -0.084099 0.157988 0.072042 0.009057
-1.277216 0.176432 0.670523 -0.074069 0.012305 0.042343 0.008134
-1.935944 0.000000 0.669373 -0.001102 0.150737 -0.037342 0.011867
-1.936311 0.050246 0.656926 0.058207 -0.002503 0.035678 0.008943
-1.936679 0.100492 0.644478 0.102300 0.050059 0.032963 0.009387
-1.937046 0.150737 0.632031 0.086747 0.065711 0.005978 0.009240
-1.936495 0.075369 0.650702 -0.046119 0.109867 -0.041524 0.010432
-1.937046 0.150737 0.632031 -0.092312 0.049561 -0.020951 0.009965
-2.581259 0.000000 0.725831 0.013811 0.160342 0.034848 0.010439
-2.574353 0.080171 0.743255 0.150262 0.030446 -0.049857 0.008793
-2.567448 0.160342 0.760679 0.086221 0.022793 -0.000987 0.009486
-2.567448 0.160342 0.760679 -0.025414 0.049899 0.025907 0.009333
0.000000 0.000000 0.500000 2.616228 -0.000000 0.228890 0.016218
0.872076 -0.000000 0.576297 -0.007686 0.140926 -0.028505 0.009996
0.864390 0.140926 0.547792 0.141791 0.061885 -0.047580 0.009611
0.868233 0.070463 0.562044 -0.058220 0.014938 0.001439 0.009713
0.864390 0.140926 0.547792 -0.069226 0.068707 -0.023278 0.009251
1.744152 -0.000000 0.652594 -0.047465 0.156641 0.024541 0.013294
1.728330 0.052214 0.660774 0.107713 0.063050 -0.031593 0.009275
1.712509 0.104427 0.668954 0.043438 0.063633 0.021736 0.009761
1.696687 0.156641 0.677134 0.060510 0.094010 -0.038779 0.011207
1.720419 0.078321 0.664864 -0.125299 -0.015038 0.036464 0.009348
1.696687 0.156641 0.677134 -0.167735 0.084151 0.068321 0.008997
2.616228 -0.000000 0.728890 -0.000980 0.182917 -0.048134 0.010361
2.615901 0.060972 0.712845 0.086900 0.071687 0.003735 0.011513
2.615574 0.121945 0.696801 0.063011 0.078685 -0.026134 0.009477
2.615247 0.182917 0.680756 0.024904 0.016664 -0.006482 0.010079
2.615901 0.060972 0.712845 -0.111290 0.169116 -0.011177 0.011027
2.615574 0.121945 0.696801 -0.166473 0.020001 -0.065084 0.008121
2.615247 0.182917 0.680756 -0.061353 0.041623 -0.046017 0.011272
0.654057 -0.000000 0.557223 0.006296 -0.204339 0.066559 0.009944
0.660353 -0.204339 0.623782 -0.036481 -0.010049 0.017736 0.008594
1.308114 -0.000000 0.614445 -0.017642 -0.137091 0.008453 0.008302
1.302233 -0.045697 0.617263 -0.073035 -0.075472 -0.017863 0.009255
1.296352 -0.091394 0.620080 -0.036859 -0.004317 -0.004386 0.008810
1.290472 -0.137091 0.622898 -0.092733 0.034564 0.013883 0.009803
1.302233 -0.045697 0.617263 0.070030 -0.024511 -0.008340 0.009427
1.296352 -0.091394 0.620080 0.022590 -0.022909 0.020011 0.009892
1.290472 -0.137091 0.622898 0.078991 -0.107508 -0.040860 0.008504
1.962171 -0.000000 0.671668 0.035560 -0.233098 0.049084 0.008783
1.979951 -0.116549 0.696210 -0.045415 -0.070340 -0.007346 0.010332
1.997731 -0.233098 0.720752 -0.061484 -0.139092 0.017040 0.008976
1.974024 -0.077699 0.688029 0.137309 -0.065408 0.001486 0.008845
1.985877 -0.155399 0.704390 0.087066 -0.041949 0.000755 0.008849
1.997731 -0.233098 0.720752 0.021296 -0.000520 -0.006253 0.009341
2.616228 -0.000000 0.728890 -0.008890 -0.145301 -0.025813 0.009113
2.611782 -0.072651 0.715984 -0.055766 -0.018503 0.009013 0.009435
2.607337 -0.145301 0.703077 -0.027300 -0.038297 -0.008283 0.010424
2.611782 -0.072651 0.715984 0.113119 -0.075541 -0.021863 0.009430
2.607337 -0.145301 0.703077 0.051991 -0.040995 0.033986 0.011728
72
-0.274392 -0.001674 0.507895 0.068231 -0.009202 -0.094519 0.058468
-0.573229 0.001859 0.528994 0.001867 0.009027 -0.102902 0.051657
-0.863817 0.008262 0.567133 -0.023945 0.058233 -0.057399 0.042600
-1.155354 0.004498 0.581229 -0.038499 0.021309 -0.090666 0.050390
-1.422866 -0.002407 0.607513 0.044650 -0.009625 -0.071765 0.042534
-1.720118 -0.002594 0.640811 0.007174 -0.025802 -0.096916 0.050274
-2.021823 0.010598 0.663842 -0.053536 0.040019 -0.044575 0.040170
-2.293572 0.000142 0.679482 0.004002 0.000644 -0.096635 0.048360
-2.589148 -0.000327 0.719004 -0.064195 -0.002658 -0.055551 0.042467
-0.900581 -0.106146 0.562140 -0.007323 -0.026414 -0.084014 0.044186
-0.964364 -0.056091 0.592806 -0.024913 -0.082760 -0.042496 0.048156
-0.813599 -0.199456 0.580210 0.057793 -0.007308 -0.079166 0.049145
-0.889829 -0.113898 0.565137 0.075558 0.037367 -0.061506 0.052173
-0.890990 -0.130547 0.561323 0.057437 0.029311 -0.084073 0.052978
-1.732666 -0.055915 0.630765 -0.014631 -0.017084 -0.087788 0.045312
-1.739395 -0.109688 0.621409 0.019168 -0.017442 -0.095654 0.049551
-1.686298 -0.133628 0.714114 -0.007543 -0.038276 -0.082531 0.045643
-1.565129 -0.227660 0.615324 -0.040092 0.075739 -0.052363 0.050214
-1.685041 -0.239461 0.585177 0.004316 -0.001679 -0.106168 0.053134
-2.570291 -0.167321 0.715921 -0.023607 0.082795 -0.059067 0.052205
-2.413855 -0.285560 0.718334 0.008516 -0.007662 -0.081186 0.040995
-0.643179 0.083223 0.535752 0.010089 -0.007519 -0.083861 0.042400
-0.555194 0.015315 0.530642 -0.036185 -0.107457 -0.024740 0.058027
-0.575192 0.222885 0.539863 0.022591 -0.017737 -0.099860 0.051954
-0.686860 0.084014 0.509967 0.009624 -0.062414 -0.078036 0.050194
-1.275558 0.178310 0.662784 0.022165 0.025090 -0.103408 0.054346
-1.216937 0.147988 0.677565 -0.096417 0.031173 -0.037887 0.054091
-1.234045 0.230489 0.670794 -0.034899 -0.033427 -0.080816 0.047081
-1.180806 0.293010 0.678661 0.030391 0.015874 -0.106062 0.055733
-1.313350 0.115715 0.646028 0.040153 -0.107481 -0.011792 0.057671
-1.360570 0.278375 0.716494 0.061058 0.032373 -0.080396 0.053009
-1.874258 0.052883 0.686379 0.037867 0.050599 -0.061279 0.044015
-1.850056 0.208772 0.632872 0.003000 -0.094424 -0.063186 0.056827
-1.985034 0.194027 0.604112 -0.023903 0.086850 -0.050052 0.051525
-2.024110 0.201588 0.602707 0.033935 0.008345 -0.054139 0.032219
-2.576673 0.074050 0.737384 -0.027989 -0.073852 -0.070823 0.053041
-2.560470 0.157711 0.755066 0.073348 -0.027651 -0.058988 0.049051
-2.420741 0.109215 0.685390 0.028548 -0.011945 -0.068228 0.037459
0.264693 -0.006475 0.508340 0.018786 -0.039615 -0.089011 0.049612
0.525487 0.002063 0.529849 0.014166 0.013041 -0.100691 0.051258
0.785352 -0.006682 0.553898 0.003076 -0.042537 -0.094018 0.051619
1.044338 -0.004220 0.576045 -0.012852 -0.025191 -0.092593 0.048408
1.311040 -0.000796 0.606717 0.035846 -0.009753 -0.094655 0.050842
1.560615 -0.006937 0.625858 -0.064423 -0.048996 -0.081053 0.057272
1.838415 0.012538 0.652737 0.048956 0.086996 -0.051944 0.056265
2.094811 -0.009622 0.670186 0.011240 -0.059130 -0.079437 0.049832
2.348864 0.007806 0.692996 -0.032957 0.044818 -0.074667 0.046556
2.618119 -0.000320 0.719982 0.020888 -0.003528 -0.098354 0.050304
0.865750 0.136963 0.539544 0.014613 -0.042577 -0.088625 0.049701
1.008172 0.196834 0.492953 0.022342 -0.067069 -0.081465 0.053931
0.807399 0.087489 0.554365 -0.027358 0.021861 -0.095427 0.050825
0.796754 0.201225 0.520999 0.019260 -0.101851 -0.042579 0.056030
1.835978 0.120939 0.621845 -0.000615 0.053485 -0.069142 0.043708
1.522631 0.247189 0.745698 -0.073091 0.073974 0.002805 0.052015
2.618158 0.177505 0.671307 0.024406 -0.045385 -0.079230 0.047257
2.644956 0.198456 0.665486 0.052397 -0.012275 -0.095830 0.054953
2.448703 0.139185 0.624090 -0.004810 -0.033400 -0.092264 0.049121
2.555365 0.224324 0.623566 0.013858 -0.002045 -0.105314 0.053121
0.657175 -0.202601 0.615989 -0.034532 0.018886 -0.084682 0.046691
1.295397 -0.062741 0.614194 -0.041951 0.062496 -0.048210 0.044693
1.294590 -0.138972 0.615699 0.047210 -0.021558 -0.082517 0.048740
1.230035 -0.121647 0.590195 0.008391 -0.004792 -0.092254 0.046379
1.259606 -0.096871 0.606961 0.001412 -0.014491 -0.109107 0.055037
1.200606 -0.105374 0.627850 0.027874 -0.027679 -0.086850 0.047660
1.375426 -0.078185 0.605020 0.033045 -0.083324 -0.040772 0.049237
2.000448 -0.234687 0.711957 0.025777 -0.015074 -0.083439 0.044311
1.934825 -0.185675 0.678608 0.002744 0.011536 -0.097501 0.049110
1.931163 -0.367522 0.732053 -0.060794 0.055813 -0.068624 0.053666
2.024705 -0.234677 0.707158 0.062819 -0.011714 -0.081212 0.051669
2.550826 -0.090869 0.717122 -0.051527 0.002824 -0.078155 0.046827
2.579441 -0.183126 0.684397 -0.005720 0.004517 -0.099634 0.049950
2.725152 -0.148254 0.684693 0.002663 -0.000657 -0.100108 0.050073
0
