998
-0.000000   -0.000000   0.000000   0.019370   -0.051780   0.525240   0.058390
0.019370   -0.051780   0.525240   0.027220   -0.123080   0.040630   0.044800
0.044942   -0.167409   0.563410   -0.538680   -0.816730   0.812880   0.018930
-0.493738   -0.984139   1.376290   0.019620   -0.015760   0.085550   0.010680
-0.474118   -0.999899   1.461840   -0.062780   -0.131190   0.103790   0.007580
-0.536898   -1.131089   1.565630   0.101520   -0.148420   0.277480   0.005000
-0.435378   -1.279509   1.843110   -0.102090   -0.140950   0.283670   0.005000
-0.537468   -1.420459   2.126780   -0.071690   -0.108500   0.160350   0.005000
-0.522155   -1.399317   2.084230   0.034100   -0.077160   0.117950   0.005000
-0.517048   -1.392267   2.070042   0.068030   0.002410   0.187700   0.005000
-0.506840   -1.378173   2.041678   0.046060   -0.048470   0.089720   0.005000
-0.496631   -1.364078   2.013310   -0.116340   0.024330   0.050260   0.005000
-0.491528   -1.357032   1.999129   0.107930   -0.033620   0.149640   0.005000
-0.476211   -1.335885   1.956571   0.042960   -0.142280   0.109380   0.005000
-0.466003   -1.321792   1.928207   0.141620   -0.058140   0.217520   0.005000
-0.450691   -1.300651   1.885659   0.100480   -0.440180   0.318800   0.005000
-0.400454   -1.520729   2.045051   0.060320   -0.072220   0.089900   0.005000
-0.415523   -1.454712   1.997238   -0.022010   -0.171370   0.011330   0.005000
-0.425572   -1.410692   1.965357   0.128360   -0.190250   0.025260   0.005000
-0.475986   -1.220141   1.732119   0.065360   -0.096100   -0.019360   0.005000
-0.410617   -1.316254   1.712757   0.071470   -0.183180   0.067450   0.005000
-0.496290   -1.190457   1.676622   0.014140   0.020130   0.047890   0.005000
-0.483174   -1.171785   1.721043   0.041730   0.117620   0.173390   0.005000
-0.441444   -1.054165   1.894433   0.076180   0.058410   0.195350   0.005000
-0.456048   -1.095328   1.833753   -0.039760   -0.060760   0.227030   0.005000
-0.460223   -1.107096   1.816404   -0.097230   0.073870   0.098830   0.005000
-0.521671   -1.153351   1.607250   0.164740   0.085380   0.113270   0.005000
-0.533759   -1.124529   1.560440   -0.041860   -0.070030   -0.014440   0.005000
-0.575619   -1.194559   1.546000   0.145980   -0.162420   0.105800   0.005000
-0.575619   -1.194559   1.546000   -0.036190   -0.208920   0.101060   0.005000
-0.514923   -1.085168   1.529300   -0.178740   -0.077260   0.290570   0.005000
-0.496087   -1.045808   1.498161   0.173870   -0.162780   0.101640   0.005000
-0.493738   -0.984139   1.376290   -0.037670   -0.136400   -0.064250   0.008660
-0.518223   -1.072797   1.334529   0.041210   -0.063530   0.002520   0.005000
-0.477013   -1.136327   1.337049   -0.024950   -0.120040   -0.037250   0.005000
-0.501959   -1.256350   1.299804   0.007100   -0.041100   -0.036260   0.005460
-0.494859   -1.297450   1.263544   0.195760   -0.036090   -0.059210   0.005000
-0.501959   -1.256350   1.299804   -0.076000   -0.039980   0.025400   0.005000
-0.577972   -1.296337   1.325209   -0.148840   -0.143820   0.154830   0.005000
-0.725891   -1.439266   1.479080   -0.019320   -0.097460   0.050220   0.005000
-0.726563   -1.439916   1.479779   -0.009940   -0.068540   0.023730   0.005000
-0.685293   -1.400037   1.436848   -0.044570   -0.072120   0.028480   0.005000
-0.674709   -1.389811   1.425839   0.025230   -0.061480   0.102040   0.005000
-0.674709   -1.389811   1.425839   -0.048530   -0.120810   0.050510   0.005000
-0.630063   -1.346670   1.379395   0.032750   -0.001720   0.088670   0.005000
-0.498219   -1.238357   1.305387   0.010840   -0.024070   0.023640   0.005000
-0.487384   -1.262418   1.329019   -0.028170   -0.165270   0.087240   0.005000
-0.507980   -1.035708   1.351999   0.062310   -0.077120   0.007310   0.005000
-0.445670   -1.112828   1.359309   0.163060   -0.051180   0.021110   0.005000
-0.282592   -1.164014   1.380422   0.078110   -0.002230   0.056470   0.005000
-0.298911   -1.158891   1.378309   0.061330   -0.131160   0.010590   0.005000
-0.364140   -1.138418   1.369864   0.014860   -0.104240   0.117540   0.005000
-0.493738   -0.984139   1.376290   0.055180   0.112380   0.169960   0.011570
-0.438560   -0.871763   1.546244   -0.010400   0.039260   0.012050   0.005000
-0.448958   -0.832511   1.558292   0.022760   0.065860   0.059400   0.005000
-0.426196   -0.766646   1.617697   0.124950   0.149110   0.358970   0.005000
-0.388714   -0.721916   1.725378   0.000890   0.021800   0.101310   0.005000
-0.422367   -0.762076   1.628697   -0.043270   0.056770   0.314430   0.005000
-0.426196   -0.766646   1.617697   0.004060   0.055410   0.039600   0.005000
-0.422136   -0.711241   1.657293   -0.032480   0.123090   0.142170   0.005000
-0.433026   -0.786410   1.599870   0.188640   0.274060   0.054720   0.005000
-0.440990   -0.809455   1.579087   0.203270   0.026820   0.165630   0.005000
-0.444077   -0.882999   1.529251   -0.113270   -0.081260   0.374620   0.005000
-0.495045   -0.919564   1.697820   0.007850   -0.069520   0.130770   0.005000
-0.478056   -0.907376   1.641631   0.004440   0.026840   0.137180   0.005000
-0.472392   -0.903312   1.622898   -0.083350   -0.013300   0.107040   0.005000
-0.493738   -0.984139   1.376290   -0.122950   0.209090   0.080710   0.005000
-0.616688   -0.775049   1.457000   0.115740   0.330540   0.051360   0.005000
-0.500948   -0.444509   1.508360   0.042100   0.080470   0.115420   0.005000
-0.529881   -0.527138   1.495521   0.096290   0.065840   -0.002370   0.005000
-0.587754   -0.692417   1.469840   -0.002920   0.119290   0.031440   0.005000
-0.585944   -0.827332   1.436819   -0.009950   0.063420   0.048970   0.005000
-0.595894   -0.763912   1.485789   0.024960   0.115310   0.100870   0.005000
-0.589923   -0.801973   1.456400   0.031710   -0.002520   0.086400   0.005000
-0.579801   -0.837780   1.432786   0.071810   0.131540   0.172690   0.005000
-0.589865   -0.820673   1.439392   -0.211450   0.088340   -0.000510   0.005000
-0.800922   -0.732497   1.438883   -0.069830   0.105530   0.037670   0.005000
-0.706153   -0.772090   1.439112   -0.104840   -0.020320   0.069230   0.005000
-0.706153   -0.772090   1.439112   -0.031380   0.065520   0.021800   0.005000
-0.663875   -0.789753   1.439214   -0.037510   0.088180   -0.001620   0.005000
-0.561354   -0.869151   1.420676   -0.008940   0.008080   0.123460   0.005000
-0.542912   -0.900512   1.408571   0.073840   0.112580   0.087420   0.005000
-0.466800   -0.943297   1.335641   -0.092100   -0.090100   -0.031620   0.013390
-0.558900   -1.033397   1.304021   -0.199390   -0.159740   0.173180   0.005000
-0.758290   -1.193137   1.477201   -0.125490   -0.197160   0.077680   0.005000
-0.883780   -1.390297   1.554881   -0.079140   -0.175760   0.058160   0.005000
-0.907520   -1.443019   1.572327   -0.060530   -0.090430   0.066520   0.005000
-0.877507   -1.380441   1.550998   0.020270   -0.064880   0.186170   0.005000
-0.858686   -1.350871   1.539347   0.030550   -0.201460   0.054870   0.005000
-0.846139   -1.331158   1.531580   -0.056900   0.024160   0.181790   0.005000
-0.858686   -1.350871   1.539347   -0.141810   -0.062100   0.001280   0.005000
-0.846139   -1.331158   1.531580   0.043490   -0.083240   0.073120   0.005000
-0.758290   -1.193137   1.477201   -0.139460   0.142580   0.374740   0.008850
-0.897750   -1.050557   1.851941   0.012560   -0.076280   0.140270   0.005000
-0.885190   -1.126837   1.992211   0.070660   -0.160470   0.121050   0.005000
-0.887702   -1.111582   1.964158   -0.042810   -0.059940   0.108290   0.005000
-0.885190   -1.126837   1.992211   0.080050   -0.034470   0.089620   0.005000
-0.887258   -1.114269   1.969103   -0.062440   -0.137620   0.105980   0.005000
-0.891470   -1.088699   1.922080   0.004930   0.009140   0.176000   0.005000
-0.897750   -1.050557   1.851941   0.169080   0.026570   0.447780   0.005000
-0.813207   -1.037271   2.075840   0.049440   0.000600   0.086580   0.005000
-0.863929   -1.045242   1.941511   0.000080   -0.008850   0.146690   0.005000
-0.872388   -1.046571   1.919110   0.161180   0.119210   0.245560   0.005000
-0.869862   -1.079070   1.777002   0.065980   0.074860   0.182930   0.005000
-0.803882   -1.004210   1.959932   0.017770   0.097290   0.168900   0.005000
-0.813779   -1.015439   1.932491   0.100460   0.056010   0.084720   0.005000
-0.833573   -1.037897   1.877611   0.117160   -0.047760   0.114290   0.005000
-0.856665   -1.064096   1.813591   0.137340   -0.120180   0.428540   0.005000
-0.807102   -1.143233   1.608363   -0.032710   0.023090   0.014910   0.005000
-0.839812   -1.120143   1.623273   -0.129510   -0.080930   0.327240   0.005000
-0.851649   -1.097690   1.728063   -0.034190   -0.076540   0.125620   0.005000
-0.834999   -1.114712   1.683323   -0.136270   -0.082720   0.101240   0.005000
-0.793161   -1.157486   1.570901   0.145810   -0.043880   0.410350   0.005000
-0.742129   -1.172844   1.714519   0.047220   -0.048060   0.090030   0.005000
-0.749420   -1.170650   1.694000   0.045460   0.048770   0.110640   0.005000
-0.771291   -1.164068   1.632450   0.000770   -0.061820   0.149460   0.005000
-0.728388   -1.169181   1.451230   0.053880   -0.013540   0.135670   0.005000
-0.674508   -1.182721   1.586900   -0.004370   -0.067700   0.150420   0.005000
-0.682590   -1.180690   1.566550   0.076550   -0.027360   0.059650   0.005000
-0.708450   -1.153208   1.433912   0.019160   -0.184670   -0.024180   0.008010
-0.694080   -1.291707   1.415777   0.015830   -0.239940   0.160990   0.005000
-0.678301   -1.530876   1.576250   -0.028670   -0.180010   0.101870   0.005000
-0.683000   -1.459658   1.528466   0.064760   -0.200970   0.072640   0.005000
-0.686956   -1.399687   1.488228   0.030260   -0.020790   0.089150   0.005000
-0.688539   -1.375688   1.472126   0.047060   -0.129200   -0.008010   0.005000
-0.691706   -1.327698   1.439926   -0.155710   -0.213600   0.203910   0.005000
-0.693778   -1.294656   1.415389   0.036120   -0.241780   0.030450   0.005000
-0.657658   -1.536436   1.445839   -0.002880   -0.285740   0.152800   0.005000
-0.659530   -1.722154   1.545152   -0.008670   -0.078520   0.041100   0.005000
-0.657658   -1.536436   1.445839   -0.062070   -0.125240   0.054340   0.005000
-0.670300   -1.451814   1.435182   0.035470   -0.179010   -0.192070   0.005000
-0.680868   -1.395638   1.428220   -0.084030   -0.157270   -0.018940   0.005000
-0.558900   -1.033397   1.304021   -0.017820   -0.103190   -0.142630   0.005000
-0.576720   -1.136587   1.161391   -0.045090   -0.113720   -0.030550   0.005000
-0.571374   -1.105629   1.204182   -0.046330   -0.070990   0.038810   0.005000
-0.565137   -1.069511   1.254103   -0.113260   -0.053120   0.048160   0.005000
-0.493738   -0.984139   1.376290   0.225310   -0.121420   0.143530   0.011420
-0.269089   -1.105203   1.519399   0.009650   -0.066060   0.072300   0.013720
-0.259439   -1.171263   1.591699   0.112760   -0.090230   0.278520   0.007340
-0.149702   -1.259073   1.862751   0.125070   -0.016030   0.081400   0.006190
-0.048523   -1.272041   1.928602   0.197550   0.014780   0.017210   0.005000
0.146147   -1.257477   1.945561   0.036900   -0.000680   0.075870   0.005000
0.119407   -1.259477   1.943232   0.121670   0.075620   0.132930   0.005000
0.099656   -1.260955   1.941511   0.124970   -0.005330   -0.010810   0.005000
0.089777   -1.261694   1.940651   0.021080   -0.035130   0.147170   0.005000
0.050257   -1.264651   1.937208   0.061630   -0.081920   0.044990   0.005000
0.020637   -1.266867   1.934627   0.066070   -0.037260   0.181610   0.005000
-0.112781   -1.263805   1.886781   0.118370   -0.217810   0.196510   0.005000
0.005589   -1.481615   2.083291   -0.036430   -0.086640   0.200110   0.005000
-0.006250   -1.459830   2.063636   0.042590   -0.007040   0.234980   0.005000
-0.029920   -1.416275   2.024340   0.041300   0.010210   0.254720   0.005000
-0.089102   -1.307376   1.926091   -0.031340   -0.237310   0.236910   0.005000
-0.157953   -1.252471   1.842372   -0.025690   -0.001750   0.065980   0.005000
-0.183199   -1.254191   1.907213   0.027360   -0.004150   0.186030   0.005000
-0.183643   -1.254221   1.908352   -0.063640   0.080180   0.228380   0.005000
-0.246943   -1.174470   2.135511   -0.014740   -0.020050   0.095580   0.005000
-0.240918   -1.182060   2.113892   0.068770   -0.037720   0.099940   0.005000
-0.231371   -1.194088   2.079631   -0.034020   -0.045700   0.120240   0.005000
-0.225007   -1.202107   2.056792   -0.090520   0.078320   0.112870   0.005000
-0.186148   -1.229910   1.772730   -0.066000   -0.123600   0.249230   0.005000
-0.245548   -1.341151   1.997039   0.014150   -0.024360   0.135040   0.005000
-0.235647   -1.322609   1.959650   0.039610   -0.030050   0.096290   0.005000
-0.225746   -1.304067   1.922262   0.013510   0.007280   0.101520   0.005000
-0.208698   -1.211866   1.717031   -0.107850   0.023700   0.110860   0.005000
-0.316548   -1.188166   1.827891   -0.048250   0.033470   0.074880   0.005000
-0.236892   -1.189305   1.647390   -0.092250   -0.052150   0.120460   0.005000
-0.259988   -1.167500   1.587582   -0.212310   -0.059410   0.064740   0.005000
-0.259439   -1.171263   1.591699   0.111800   -0.290950   0.043450   0.009210
-0.147642   -1.462204   1.635148   -0.006480   -0.063960   -0.029060   0.005000
-0.154122   -1.526164   1.606088   0.136290   -0.259470   0.152220   0.005000
-0.018911   -1.783580   1.757103   0.092260   -0.088640   0.104080   0.005000
-0.023595   -1.774663   1.751872   -0.018750   -0.049650   0.063170   0.005000
-0.031464   -1.759682   1.743083   0.093270   -0.156440   0.051440   0.005000
-0.092789   -1.642931   1.674590   0.044260   -0.004840   0.110010   0.005000
-0.113238   -1.604000   1.651751   -0.014270   -0.102790   0.076960   0.005000
-0.058720   -1.707792   1.712641   0.146420   -0.090390   0.044230   0.005000
-0.072350   -1.681843   1.697418   -0.028610   -0.038680   0.078320   0.005000
-0.072350   -1.681843   1.697418   0.055400   -0.182650   0.029490   0.005000
-0.085982   -1.655891   1.682193   0.073010   0.016030   0.106970   0.005000
-0.106419   -1.616982   1.659367   0.196500   -0.145490   0.046860   0.005000
-0.147642   -1.462204   1.635148   -0.009640   -0.105220   0.096660   0.005000
-0.153909   -1.530602   1.697981   0.001870   -0.123030   0.031720   0.005000
-0.152096   -1.649832   1.728722   -0.001760   -0.194030   0.191870   0.005000
-0.153592   -1.814750   1.891804   0.018340   -0.039070   0.112240   0.005000
-0.152817   -1.729258   1.807264   0.096230   -0.059450   0.090220   0.005000
-0.158824   -1.433105   1.630802   -0.158100   -0.233150   0.089310   0.005000
-0.164411   -1.418564   1.628631   0.042750   -0.110040   0.381440   0.005000
-0.186771   -1.360374   1.619941   -0.029300   -0.060060   0.054920   0.005000
-0.181184   -1.374915   1.622112   0.177090   -0.121290   0.260100   0.005000
-0.186771   -1.360374   1.619941   0.014380   -0.043640   0.109810   0.005000
-0.268428   -1.105559   1.519820   0.067730   0.038710   0.004720   0.008650
-0.200698   -1.066849   1.524540   0.167610   -0.106110   0.171370   0.005000
-0.033088   -1.172959   1.695910   0.134150   -0.196230   -0.049630   0.005000
0.100790   -1.368791   1.646381   0.078930   -0.070850   -0.001160   0.005000
0.060811   -1.310311   1.661172   0.089570   -0.089570   -0.055660   0.005000
0.040686   -1.280873   1.668617   0.057610   -0.038820   0.030640   0.005000
-0.083368   -1.141128   1.644502   0.165360   0.078440   0.208300   0.005000
0.081992   -1.062688   1.852802   0.111980   0.021890   0.051950   0.005000
-0.042038   -1.121523   1.696564   0.067470   0.077890   0.057790   0.005000
-0.058235   -1.157039   1.670199   0.062890   -0.069840   0.083760   0.005000
-0.237948   -1.088139   1.521944   0.115510   -0.122470   -0.015670   0.005000
-0.217637   -1.076530   1.523360   0.076780   0.070720   -0.083430   0.005000
-0.140857   -1.005810   1.439930   0.155490   -0.002500   -0.042230   0.005000
-0.186918   -1.048236   1.489981   0.094570   -0.040190   0.012310   0.005000
-0.369818   -1.050920   1.455231   0.052040   -0.040000   -0.050810   0.005000
-0.317778   -1.090920   1.404421   -0.049320   -0.167660   0.022810   0.005000
-0.327736   -1.124771   1.409027   0.033340   -0.063000   0.084410   0.005000
-0.423709   -0.877964   1.270615   -0.049170   0.068740   0.098430   0.005490
-0.464188   -0.821374   1.351648   0.035990   0.064540   -0.018870   0.005000
-0.428019   -0.756511   1.332683   0.079210   -0.055910   0.309190   0.005000
-0.428498   -0.757372   1.332935   -0.058670   0.096750   0.010500   0.005000
-0.359066   -0.779954   1.173068   -0.003090   -0.048100   -0.011880   0.005000
-0.361436   -0.816843   1.163957   0.079270   -0.084350   -0.041990   0.005000
-0.282166   -0.901193   1.121967   0.014030   -0.068720   -0.080750   0.005000
-0.268136   -0.969913   1.041217   0.123170   -0.089310   -0.073470   0.005000
-0.249644   -0.983321   1.030187   -0.020800   -0.095130   -0.040470   0.005000
-0.274389   -0.939284   1.077208   -0.004500   -0.102460   0.050170   0.005000
-0.282166   -0.901193   1.121967   -0.006680   -0.090940   0.021110   0.005000
-0.288846   -0.992133   1.143077   0.029860   -0.086680   -0.039070   0.005000
-0.259186   -1.078234   1.104268   0.006430   -0.119240   -0.084470   0.005000
-0.252756   -1.197474   1.019798   0.001380   -0.080390   0.008800   0.005000
-0.251375   -1.277874   1.028599   -0.068320   -0.233250   0.165650   0.005000
-0.251375   -1.277874   1.028599   0.021370   -0.233530   -0.027980   0.005000
-0.252756   -1.197474   1.019798   -0.036670   -0.036210   -0.102120   0.005000
-0.286104   -0.897003   1.124053   0.109260   -0.139500   0.042590   0.005000
-0.176844   -1.036503   1.166643   -0.052690   -0.091270   0.130060   0.005000
-0.317804   -0.863271   1.140845   0.017780   -0.180340   0.019580   0.005000
-0.334595   -0.845404   1.149739   0.035490   -0.052470   0.137110   0.005000
-0.332134   -0.739120   1.132426   -0.007360   0.053430   0.069620   0.005000
-0.339493   -0.685694   1.202041   0.152040   0.018120   0.122830   0.005000
-0.189003   -0.667759   1.323619   0.120330   -0.131510   0.116820   0.005000
-0.187453   -0.667574   1.324871   0.033190   0.056100   0.068540   0.005000
-0.278268   -0.657450   1.051141   0.072090   -0.018320   0.045120   0.006090
-0.206171   -0.675772   1.096265   0.055410   -0.110850   0.052290   0.005000
-0.150761   -0.786622   1.148555   0.074560   -0.196970   0.039700   0.005000
-0.135851   -0.826011   1.156495   0.079430   -0.011770   0.075440   0.005000
-0.164617   -0.758903   1.135480   0.031570   -0.019750   0.220320   0.005000
-0.224396   -0.575772   0.969848   -0.016180   -0.112060   -0.126700   0.005000
-0.240576   -0.687832   0.843148   0.078120   -0.039390   0.000790   0.005000
-0.162976   -0.726960   0.843933   0.239170   0.031600   0.034530   0.005000
0.076194   -0.695360   0.878463   0.101750   0.032530   0.006270   0.005000
-0.055345   -0.712739   0.859472   0.200690   -0.134200   -0.026040   0.005000
-0.067285   -0.714316   0.857748   0.090720   -0.122870   0.145310   0.005000
-0.127105   -0.722220   0.849112   0.159740   -0.182730   0.014490   0.005000
-0.170528   -0.494099   0.888560   -0.057450   -0.018750   0.026530   0.005000
-0.226651   -0.512416   0.914477   0.007740   -0.293250   0.078770   0.005000
0.046590   -0.174860   0.565870   0.221480   -0.447080   0.027240   0.029270
0.268070   -0.621940   0.593110   0.132490   -0.191110   0.062350   0.020420
0.400560   -0.813050   0.655460   0.425390   -0.367160   0.894340   0.013740
0.823310   -1.177931   1.544249   0.104830   0.008150   0.045940   0.006920
0.913670   -1.170906   1.583848   0.043960   0.030720   0.131810   0.005000
0.957630   -1.140186   1.715658   -0.020790   0.005770   0.129640   0.005000
0.940770   -1.135507   1.820788   0.089310   0.004020   0.227630   0.005000
1.029838   -1.131498   2.047800   -0.054890   -0.051620   0.095210   0.005000
0.998822   -1.132894   1.968748   0.107580   -0.019780   0.090370   0.005000
0.985423   -1.133497   1.934597   0.025400   -0.072200   0.083550   0.005000
0.976493   -1.133899   1.911837   0.080560   0.035710   0.038110   0.005000
0.967563   -1.134301   1.889077   -0.006150   -0.048370   0.086600   0.005000
0.949315   -1.137878   1.767508   0.121260   -0.020540   0.130430   0.005000
0.825212   -1.177783   1.545083   0.093030   0.016700   -0.010180   0.005000
0.918242   -1.161083   1.534903   0.201700   -0.059420   0.119140   0.005170
1.119942   -1.220503   1.654043   0.138710   0.077460   0.202620   0.005000
1.257379   -1.143754   1.854804   -0.034580   0.058710   0.161690   0.005000
1.217042   -1.166280   1.795881   -0.005200   -0.047550   0.129050   0.005000
1.189298   -1.181773   1.755355   0.177590   -0.044340   0.093180   0.005000
1.168309   -1.193494   1.724695   0.006000   -0.028180   0.075360   0.005000
1.119942   -1.220503   1.654043   0.101550   -0.147640   0.285470   0.005000
1.170718   -1.294326   1.796782   0.009460   -0.067950   0.074030   0.005000
1.144302   -1.255920   1.722524   0.006950   -0.074970   0.124740   0.005000
1.136000   -1.243850   1.699184   0.034650   -0.104080   0.046580   0.005000
0.948498   -1.169997   1.552774   0.132820   -0.049410   0.261140   0.005000
0.918242   -1.161083   1.534903   0.282710   0.138720   0.011120   0.005000
0.918242   -1.161083   1.534903   0.069750   -0.006520   -0.052760   0.005000
0.987992   -1.167603   1.482143   0.149050   -0.082540   -0.008710   0.005000
0.825212   -1.177783   1.545083   0.262000   -0.045830   -0.078710   0.005000
1.087212   -1.223613   1.466373   0.204120   -0.146710   0.093400   0.005000
1.117831   -1.245621   1.480383   0.076980   -0.074450   0.047780   0.005000
1.021710   -1.212155   1.486051   0.108160   -0.078510   -0.059910   0.005000
0.930009   -1.196115   1.513599   0.150910   -0.114300   0.004510   0.005000
0.890713   -1.189241   1.525405   0.152960   -0.261840   -0.079190   0.005000
0.783408   -1.143492   1.460360   0.012150   0.074510   0.203820   0.006560
0.795559   -1.068978   1.664189   -0.044780   -0.025130   0.133450   0.005000
0.757239   -1.090483   1.778388   0.062220   -0.053260   0.134090   0.005000
0.764214   -1.086569   1.757601   -0.068800   0.016760   0.143930   0.005000
0.768690   -1.084057   1.744261   0.025790   0.027540   0.062160   0.005000
0.777647   -1.079030   1.717568   0.085090   -0.072220   0.096680   0.005000
0.793736   -1.080157   1.633609   -0.073410   0.142700   0.201610   0.005000
0.720321   -0.937448   1.835232   -0.090290   0.001130   0.170960   0.005000
0.706780   -0.937279   1.860871   -0.067820   -0.087310   0.073640   0.005000
0.720321   -0.937448   1.835232   0.043700   0.001450   0.168650   0.005000
0.790091   -1.102508   1.572469   0.066690   0.151190   0.102480   0.005000
0.856781   -0.951318   1.674949   0.023210   0.001240   0.102170   0.005000
0.834719   -1.001335   1.641047   -0.024990   0.027990   0.109390   0.005000
0.826769   -1.019358   1.628830   -0.019340   0.012870   0.069710   0.005000
0.783408   -1.143492   1.460360   0.038560   0.054640   0.032650   0.005000
0.820826   -1.090470   1.492043   0.166290   0.104010   -0.049500   0.005000
0.857756   -1.067371   1.481050   0.021110   0.169530   0.055200   0.005000
0.698333   -1.070062   1.281498   0.013430   -0.091150   0.033520   0.005000
0.707260   -1.130652   1.303780   -0.117850   -0.173320   0.129980   0.005000
0.607090   -1.277971   1.414260   -0.028620   -0.037410   0.075970   0.005000
0.630657   -1.243311   1.388267   0.008870   -0.088410   0.014030   0.005000
0.709748   -1.147533   1.309988   0.041050   0.058320   0.230180   0.005000
0.705719   -1.120191   1.299933   0.008490   -0.091130   -0.034700   0.005000
0.714177   -1.210981   1.265362   0.059240   -0.259850   -0.005700   0.005000
0.714209   -1.211321   1.265233   -0.037500   -0.110840   0.096450   0.005000
0.709798   -1.163971   1.283262   0.153110   -0.118310   0.031220   0.005000
0.634527   -1.014990   1.147352   0.076860   -0.026710   0.008040   0.005000
0.711387   -1.041700   1.155392   0.001570   -0.188680   -0.097790   0.005000
0.712957   -1.230380   1.057602   -0.076960   -0.109850   0.003000   0.005000
0.635997   -1.340230   1.060602   -0.034050   -0.223600   0.041650   0.005000
0.628593   -1.388851   1.069659   0.065310   -0.100210   0.046230   0.005000
0.630889   -1.373771   1.066850   0.047320   -0.087840   -0.008540   0.005000
0.647536   -1.323759   1.060152   0.042920   -0.096920   0.008770   0.005000
0.662927   -1.301790   1.059552   0.079470   -0.245700   -0.133270   0.005000
0.712625   -1.190511   1.078265   0.048660   -0.103390   -0.101000   0.005000
0.711779   -1.088871   1.130944   0.078460   -0.090910   0.019710   0.005000
0.711387   -1.041700   1.155392   0.103390   -0.235480   0.129110   0.005000
0.591983   -0.978270   1.057908   -0.146930   -0.185880   0.078460   0.005000
0.445703   -1.163328   1.136021   -0.145080   -0.132600   -0.006910   0.005000
0.300633   -1.295919   1.129111   -0.076930   -0.068790   0.003580   0.005000
0.329641   -1.269406   1.130493   -0.136140   -0.007180   0.040460   0.005000
0.416690   -1.189845   1.134639   0.009070   -0.128720   0.077090   0.005000
0.475542   -1.125579   1.120087   -0.077530   0.006050   0.023410   0.005000
0.481789   -1.117676   1.116751   0.014360   -0.086790   0.056780   0.005000
0.511178   -1.080496   1.101058   0.053020   -0.148600   0.038510   0.005000
0.540559   -1.043326   1.085368   0.037810   -0.101580   0.151750   0.005000
0.555253   -1.024737   1.077522   -0.052620   -0.058010   -0.017840   0.005000
0.555253   -1.024737   1.077522   0.052110   -0.068230   0.002780   0.005000
0.607363   -1.092967   1.080302   0.086240   -0.118520   -0.026850   0.005000
0.558855   -0.949676   0.988259   0.021360   0.027900   0.048620   0.005000
0.580220   -0.921769   1.036892   0.100570   -0.009580   0.123490   0.005000
0.572647   -0.931661   1.019654   -0.020290   0.082640   0.116220   0.005000
0.506906   -0.904839   0.879042   -0.038670   -0.099220   0.044880   0.005000
0.468231   -1.004072   0.923928   0.050840   -0.195160   0.018510   0.005000
0.519069   -1.199223   0.942437   0.007300   -0.221170   0.119480   0.005000
0.526369   -1.420401   1.061921   -0.044210   -0.062510   0.119490   0.005000
0.525274   -1.387229   1.044001   -0.048940   -0.105150   0.015320   0.005000
0.524909   -1.376160   1.038022   0.007380   -0.076050   0.115150   0.005000
0.521624   -1.276633   0.984256   -0.080840   -0.075710   -0.014170   0.005000
0.520894   -1.254521   0.972310   0.118790   -0.074940   0.172820   0.005000
0.520164   -1.232401   0.960360   -0.048040   -0.074860   0.037050   0.005000
0.493649   -1.101643   0.933182   -0.139020   -0.170290   0.039240   0.005000
0.491109   -1.091893   0.932257   0.016750   -0.054610   0.085450   0.005000
0.468231   -1.004072   0.923928   -0.100430   -0.018300   0.331350   0.005000
0.367973   -1.022340   1.254709   -0.082070   -0.052290   0.073680   0.005000
0.367801   -1.022372   1.255278   -0.019510   0.048640   0.102200   0.005000
0.402950   -1.015967   1.139309   -0.013420   0.061120   0.096220   0.005000
0.549448   -0.941557   0.968482   -0.305980   -0.319240   0.077520   0.005000
0.248010   -1.256059   1.044851   -0.105130   -0.044480   -0.008760   0.005000
0.274060   -1.228879   1.038251   -0.133190   -0.038220   0.049440   0.005000
0.411751   -1.085221   1.003367   -0.074140   0.016630   0.017440   0.005000
0.245163   -1.259029   1.045569   0.061030   -0.171440   0.029110   0.005000
0.503552   -0.989442   0.980110   0.039480   -0.105160   0.120560   0.005000
0.518851   -0.973480   0.976234   -0.047850   -0.057150   -0.030040   0.005000
0.400560   -0.813050   0.655460   0.158950   -0.071170   -0.010940   0.014260
0.559510   -0.884220   0.644520   0.606200   -0.252200   0.505420   0.008000
1.165715   -1.136422   1.149944   0.128860   0.006390   0.038590   0.008710
1.294587   -1.130031   1.188538   0.231800   -0.022180   0.474820   0.005000
1.526387   -1.152211   1.663358   0.057590   0.017650   0.073950   0.005000
1.558059   -1.142505   1.704027   0.127610   0.101590   0.105170   0.005000
1.511448   -1.150782   1.632757   0.193610   -0.143360   0.126140   0.005000
1.495001   -1.149208   1.599066   0.117590   -0.194040   0.132790   0.005000
1.606180   -1.332669   1.724616   0.122690   -0.101270   0.116800   0.005000
1.594951   -1.314140   1.711936   -0.029320   -0.117570   0.133450   0.005000
1.571431   -1.275329   1.685376   -0.069000   -0.127300   0.111210   0.005000
1.545287   -1.232187   1.655852   -0.067280   -0.090800   0.075020   0.005000
1.542032   -1.226817   1.652177   0.210510   -0.123330   0.034300   0.005000
1.518513   -1.188007   1.625617   -0.030580   -0.084070   0.024750   0.005000
1.480025   -1.147775   1.568389   0.132610   0.162010   0.315270   0.005000
1.612639   -0.985760   1.883669   -0.006870   0.044450   0.127220   0.005000
1.606006   -0.993863   1.867901   0.071670   -0.051920   0.102130   0.005000
1.598649   -1.002851   1.850410   -0.004830   -0.059770   0.088960   0.005000
1.579487   -1.026262   1.804852   -0.029840   0.033510   0.083230   0.005000
1.566228   -1.042461   1.773330   0.090020   -0.028220   0.077380   0.005000
1.566228   -1.042461   1.773330   -0.031190   0.071460   0.089360   0.005000
1.552961   -1.058669   1.741789   0.047310   0.052800   0.243760   0.005000
1.552966   -1.058662   1.741802   0.162360   0.004700   0.057330   0.005000
1.533073   -1.082966   1.694506   0.051860   0.117560   0.043990   0.005000
1.456846   -1.145557   1.520909   -0.069020   -0.057020   0.161890   0.005000
1.433666   -1.143339   1.473428   -0.025130   -0.120440   0.177900   0.005000
1.445256   -1.144448   1.497169   0.052760   0.049220   0.008090   0.005000
1.497732   -1.095493   1.505215   0.005500   0.108870   0.098620   0.005000
1.458438   -1.132151   1.499190   0.004710   0.047530   0.077880   0.005000
1.422077   -1.142230   1.449688   0.092610   -0.184510   0.042000   0.005000
1.514690   -1.326748   1.491690   0.088660   -0.108410   0.161410   0.005000
1.567889   -1.391797   1.588541   0.070880   -0.041430   0.039100   0.005000
1.541287   -1.359269   1.540110   0.052600   -0.073590   0.019140   0.005000
1.527992   -1.343013   1.515906   -0.003700   -0.076360   0.065660   0.005000
1.468383   -1.234487   1.470688   0.065960   -0.063140   0.115820   0.005000
1.440601   -1.179138   1.458089   -0.028950   -0.075860   0.093190   0.005000
1.375712   -1.137794   1.354715   0.108300   0.095500   0.073460   0.005000
1.483560   -1.042693   1.427868   -0.000820   0.103000   0.079590   0.005000
1.467756   -1.056629   1.417148   0.106850   -0.077370   0.081840   0.005000
1.317766   -1.132249   1.236018   0.144960   -0.283620   0.048240   0.005000
1.462726   -1.415869   1.284258   0.084810   -0.042600   0.059710   0.005000
1.462726   -1.415869   1.284258   0.061560   -0.134220   -0.021750   0.005000
1.414339   -1.321198   1.268155   0.071160   -0.039370   0.082170   0.005000
1.165710   -1.136420   1.149940   -0.011060   -0.113040   0.068090   0.005000
1.332260   -1.160607   1.240841   0.040290   -0.187740   0.157750   0.005000
1.105096   -1.111203   1.099403   0.162830   -0.303220   0.368990   0.005000
1.267926   -1.414423   1.468393   0.099910   -0.141460   0.210770   0.005000
1.367836   -1.555883   1.679163   0.110470   0.007410   0.075030   0.005000
1.423070   -1.552178   1.716677   0.167370   -0.001540   0.033230   0.005000
1.367836   -1.555883   1.679163   -0.055580   -0.006980   0.138470   0.005000
1.337864   -1.513446   1.615934   -0.007250   -0.018430   0.118980   0.005000
1.337948   -1.513565   1.616111   0.083720   0.064460   0.169210   0.005000
1.302893   -1.463932   1.542160   -0.001690   -0.119160   0.021860   0.005000
1.292101   -1.448651   1.519392   -0.087140   -0.180170   0.270820   0.005000
1.257244   -1.520721   1.627723   0.035660   -0.042070   0.097040   0.005000
1.261601   -1.511712   1.614181   -0.024900   0.016540   0.089940   0.005000
1.272921   -1.421494   1.478930   0.058650   0.016150   0.151890   0.005000
1.267926   -1.414423   1.468393   0.127040   -0.051560   0.104940   0.005000
1.250354   -1.381700   1.428572   -0.041880   -0.019220   0.106780   0.005000
1.243501   -1.368939   1.413044   0.047080   -0.097190   -0.024210   0.005000
1.243501   -1.368939   1.413044   -0.038820   -0.109110   0.080180   0.005000
1.235360   -1.353778   1.394595   0.170300   0.056580   0.162540   0.005000
1.220316   -1.325763   1.360503   -0.084470   -0.098550   0.136190   0.005000
1.194653   -1.277974   1.302349   -0.031010   -0.145870   0.098470   0.005000
1.074787   -1.098593   1.074133   0.089120   -0.087350   -0.010270   0.006990
1.140727   -1.163223   1.066534   0.133750   0.022340   -0.020530   0.005000
1.220986   -1.149818   1.054215   0.131090   0.078120   0.193110   0.005000
1.128258   -1.151002   1.067971   0.015330   -0.213740   0.039270   0.005000
1.143610   -1.365052   1.107298   -0.004960   -0.098670   -0.064430   0.005000
1.141626   -1.404520   1.081526   0.104410   -0.084120   -0.014070   0.005000
1.138650   -1.463722   1.042868   0.070170   -0.172960   -0.109760   0.005000
1.141288   -1.332672   1.101349   -0.030730   -0.156800   -0.072140   0.005000
1.140522   -1.321992   1.099387   -0.000390   -0.066630   0.108260   0.005000
1.134390   -1.236492   1.083678   0.218180   -0.193980   0.061780   0.005000
0.862615   -1.010322   0.897234   0.007680   -0.082930   -0.015400   0.005000
0.870149   -1.091680   0.882126   0.113200   -0.123100   -0.043900   0.005000
0.975810   -1.206581   0.841150   0.088050   -0.187740   0.040030   0.005000
0.964591   -1.194381   0.845501   0.101550   -0.066600   0.135480   0.005000
0.943733   -1.171699   0.853590   0.030890   -0.149080   -0.031150   0.005000
0.921093   -1.147079   0.862370   0.186660   -0.014780   0.072870   0.005000
0.892920   -1.022930   0.922501   0.107680   0.064550   -0.048060   0.005000
0.818678   -0.992043   0.860601   0.069680   0.058030   0.024160   0.005000
0.888358   -0.934013   0.884761   0.127660   0.014750   0.177090   0.005000
0.888358   -0.934013   0.884761   0.061170   -0.049100   0.072250   0.005000
0.741377   -0.959883   0.796152   0.056540   -0.151110   0.182940   0.005000
0.680758   -0.934663   0.745611   0.065090   0.049040   0.105830   0.005000
0.745840   -0.885629   0.851428   0.060760   -0.035540   0.180030   0.005000
0.620129   -0.909440   0.695061   -0.015160   -0.058220   0.011750   0.005000
0.604971   -0.967651   0.706809   -0.005880   -0.178960   -0.142310   0.009140
0.599091   -1.146611   0.564499   0.106300   -0.167120   0.027930   0.005000
0.705387   -1.313724   0.592428   -0.029570   -0.157590   0.054820   0.005000
0.700734   -1.306409   0.591206   0.060460   -0.113800   -0.057880   0.005000
0.684133   -1.280309   0.586844   -0.006180   -0.040890   0.135580   0.005000
0.648144   -1.223729   0.577388   0.076790   -0.018190   0.097650   0.005000
0.625668   -1.188393   0.571482   -0.053290   -0.143120   0.107700   0.005000
0.615032   -1.171671   0.568688   -0.005420   -0.199600   -0.164110   0.005000
0.601444   -1.075019   0.621430   0.236050   -0.081850   0.109600   0.005000
0.603207   -1.021338   0.664117   -0.067040   -0.090840   0.069270   0.005000
0.314441   -0.688828   0.614932   0.016700   -0.107560   0.055730   0.005000
0.331141   -0.796388   0.670662   0.075490   -0.162930   0.196120   0.005000
0.376438   -0.894152   0.788341   -0.026610   -0.038740   0.042250   0.005000
0.344502   -0.825226   0.705374   -0.003950   -0.111000   0.077280   0.005000
0.340939   -0.727050   0.627402   0.138960   0.024010   0.132900   0.005000
0.479899   -0.703040   0.760302   0.171450   -0.078490   0.054490   0.005000
0.651341   -0.781526   0.814790   0.070940   -0.025190   0.054710   0.005000
0.625632   -0.769757   0.806619   0.002320   -0.140920   0.057130   0.005000
0.548481   -0.734437   0.782099   0.154680   0.035640   0.022790   0.005000
0.389579   -0.718646   0.673921   -0.060340   0.061360   0.067260   0.005000
0.329578   -0.657630   0.740804   -0.097200   0.032840   0.068890   0.005000
0.268070   -0.621940   0.593110   -0.065750   -0.127650   0.031610   0.005000
0.203225   -0.747834   0.624285   0.013560   -0.089320   -0.007940   0.005000
0.215464   -0.724072   0.618401   -0.043610   -0.049800   0.056500   0.005000
0.267296   -0.620378   0.593015   0.041040   -0.023470   0.115980   0.005000
0.190551   -0.465460   0.583576   -0.129160   -0.120940   -0.010400   0.005000
0.113060   -0.538019   0.577336   -0.125990   -0.035510   -0.000660   0.005000
0.151803   -0.501742   0.580456   -0.044550   -0.099930   -0.018950   0.005000
0.168402   -0.420749   0.580852   -0.080270   0.037430   0.170860   0.005000
0.128267   -0.402034   0.666281   0.066580   0.154170   0.261280   0.005000
0.148337   -0.411393   0.623560   -0.036370   -0.083920   0.218640   0.005000
0.146258   -0.376051   0.578128   -0.128890   0.017930   0.054430   0.005000
0.046590   -0.174861   0.565870   -0.246350   -0.113600   -0.029520   0.005000
-0.088900   -0.237340   0.549635   0.026790   -0.206550   -0.054110   0.005000
-0.015008   -0.203266   0.558489   -0.011360   -0.050020   -0.047200   0.005000
-0.026367   -0.253281   0.511294   -0.086020   0.019960   -0.133610   0.005000
-0.112527   -0.233288   0.377465   -0.357360   0.131870   -0.033210   0.005000
0.046590   -0.174860   0.565870   0.130460   -0.087670   0.062600   0.024710
0.166938   -0.255735   0.623618   0.531490   0.051970   0.538090   0.017100
0.698418   -0.203766   1.161697   0.186900   -0.023480   0.072350   0.017120
0.885326   -0.227247   1.234051   0.229450   0.011660   0.228720   0.015580
1.109528   -0.215854   1.457539   0.133700   0.120040   0.220450   0.010610
1.243228   -0.095814   1.677989   0.151380   -0.056170   0.034160   0.007350
1.394600   -0.151981   1.712147   0.205450   -0.056760   0.247550   0.005000
1.600050   -0.208741   1.959697   0.063120   0.016690   0.129490   0.005000
1.600050   -0.208741   1.959697   0.004330   -0.103030   0.085990   0.005000
1.538410   -0.191711   1.885427   0.053380   -0.081770   0.046470   0.005000
1.497320   -0.180359   1.835917   0.147900   0.031100   0.038460   0.005000
1.473818   -0.173866   1.807599   0.089630   -0.162920   0.119270   0.005000
1.394600   -0.151981   1.712147   0.252120   -0.178790   0.160570   0.005000
1.265930   -0.104237   1.683112   0.033480   -0.012340   0.208070   0.005000
1.243228   -0.095814   1.677989   -0.060210   0.047950   0.035140   0.012170
1.183018   -0.047864   1.713129   -0.050530   0.097300   0.329330   0.005500
1.132488   0.049436   2.042459   -0.017030   0.053250   0.152760   0.005000
1.123121   0.078724   2.126477   0.042040   0.085970   0.069050   0.005000
1.124824   0.073398   2.111199   0.007140   -0.049570   0.139100   0.005000
1.142594   0.029976   1.976590   0.140230   -0.216720   0.414720   0.005000
1.205701   -0.067553   2.163223   0.035200   -0.069570   0.117710   0.005000
1.191676   -0.045879   2.121747   0.044510   -0.145870   0.104500   0.005000
1.170643   -0.013373   2.059543   0.082980   -0.035320   0.202590   0.005000
1.170643   -0.013373   2.059543   0.000860   -0.185230   0.197670   0.005000
1.156621   0.008298   2.018073   0.131920   -0.077290   0.100040   0.005000
1.142594   0.029976   1.976590   -0.091200   -0.007000   0.133390   0.005000
1.051402   0.022976   2.109969   -0.080680   0.055440   0.104840   0.005000
1.060514   0.023676   2.096641   0.001920   -0.105130   0.097290   0.005000
1.074198   0.024726   2.076626   -0.098640   -0.050280   0.037540   0.005000
1.147647   0.020246   1.943659   0.100170   0.012650   0.064600   0.005000
1.147647   0.020246   1.943659   -0.040810   -0.056330   0.128070   0.005000
1.155227   0.005651   1.894258   0.093710   -0.058750   0.106000   0.005000
1.162808   -0.008948   1.844847   0.074700   0.074010   0.213690   0.005000
1.165333   -0.013810   1.828389   -0.042420   -0.110670   0.138570   0.005000
1.175438   -0.033269   1.762528   0.146880   0.164050   0.237120   0.005000
1.177965   -0.038134   1.746059   -0.166750   -0.158240   0.085320   0.005000
1.243228   -0.095814   1.677989   -0.037280   0.121350   0.025290   0.005000
1.205953   0.025519   1.703275   0.093190   0.106930   0.106200   0.005000
1.209678   0.013395   1.700749   -0.073500   0.022320   0.118430   0.005000
1.218995   -0.016933   1.694428   0.045480   -0.015000   0.116000   0.005000
1.209802   -0.125824   1.622876   0.111890   0.116370   0.038290   0.007760
1.321692   -0.009454   1.661166   0.116620   -0.072350   0.396050   0.005000
1.426649   -0.074568   2.017608   -0.040840   -0.065160   0.120710   0.005000
1.420819   -0.070951   1.997808   0.138750   0.058020   0.128330   0.005000
1.420819   -0.070951   1.997808   0.123440   -0.038380   0.057460   0.005000
1.414986   -0.067332   1.977998   -0.019730   0.030350   0.085190   0.005000
1.403326   -0.060099   1.938399   0.067210   -0.088740   0.038030   0.005000
1.468506   -0.146159   1.975280   0.099220   -0.057330   0.071600   0.005000
1.397495   -0.056481   1.918599   -0.011040   -0.027370   0.051470   0.005000
1.374171   -0.042011   1.839387   0.083600   0.015420   0.070520   0.005000
1.339183   -0.020305   1.720566   0.143190   0.020720   0.114680   0.005000
1.309932   -0.021685   1.657141   0.193110   0.167000   -0.013250   0.005000
1.499331   0.142106   1.644146   0.108390   0.016340   0.147350   0.005000
1.607721   0.158446   1.791496   -0.015130   -0.006420   0.189790   0.005000
1.591467   0.155996   1.769400   0.186840   0.041990   0.126930   0.005000
1.564359   0.151909   1.732548   0.000630   -0.019500   0.105450   0.005000
1.536996   0.147784   1.695349   -0.018770   -0.050000   0.093500   0.005000
1.396832   0.053465   1.651179   0.090760   0.034720   0.139300   0.005000
1.424067   0.063884   1.692980   -0.011850   -0.061210   0.057410   0.005000
1.287697   -0.044810   1.649532   -0.033420   0.075750   0.300980   0.005000
1.254335   0.030809   1.949993   0.014420   0.040240   0.094880   0.005000
1.248963   -0.085095   1.636277   0.024090   0.051920   -0.022520   0.005000
1.271537   -0.036443   1.615175   0.170060   -0.024770   -0.076750   0.005000
1.112207   -0.215725   1.460217   -0.087020   -0.032550   0.157240   0.005000
1.163007   -0.167839   1.545717   0.158240   -0.069750   0.186790   0.005000
1.316619   -0.235549   1.727045   0.102430   -0.064790   0.218750   0.005000
1.250036   -0.206200   1.648448   0.067030   -0.254640   0.223950   0.005000
1.273495   -0.295320   1.726827   -0.040450   -0.073140   0.099770   0.005000
1.260089   -0.244390   1.682036   -0.060830   -0.170550   0.035850   0.005000
1.260089   -0.244390   1.682036   0.005130   -0.088300   0.196970   0.005000
1.112207   -0.215725   1.460217   0.158130   -0.139460   0.153520   0.013290
1.259656   -0.345766   1.603368   0.154720   -0.106010   0.059850   0.007680
1.414376   -0.451776   1.663218   0.113950   0.145520   0.259070   0.005000
1.448562   -0.408119   1.740940   0.046330   0.115740   0.085240   0.005000
1.437170   -0.422667   1.715040   0.046920   0.049770   0.092270   0.005000
1.367950   -0.419965   1.645258   0.042190   -0.152410   0.071330   0.008780
1.408620   -0.566885   1.714019   0.061470   -0.117530   0.148850   0.005000
1.470094   -0.684422   1.862878   -0.011520   -0.007040   0.156840   0.005000
1.458563   -0.691469   2.019858   0.011570   -0.076410   0.132240   0.005000
1.464334   -0.687942   1.941298   0.127490   -0.061500   0.098100   0.005000
1.466638   -0.686534   1.909928   -0.103060   0.030230   0.156290   0.005000
1.454727   -0.655041   1.825667   0.166870   -0.069590   0.215240   0.005000
1.423990   -0.596273   1.751238   0.002010   -0.229160   0.087970   0.005000
1.403811   -0.549514   1.705889   -0.055430   0.002510   0.099620   0.005000
1.399593   -0.534275   1.698757   0.225490   -0.042650   0.165330   0.005000
1.384827   -0.480935   1.673793   0.302600   -0.076940   0.214960   0.005000
1.246606   -0.334256   1.590698   0.154380   -0.107110   -0.086470   0.005000
1.400986   -0.441366   1.504228   0.094310   0.001040   0.021890   0.005000
1.373929   -0.422593   1.519383   0.053270   -0.075060   0.093120   0.005000
1.339232   -0.398520   1.538817   0.145340   -0.024030   0.130620   0.005000
1.042266   -0.219272   1.390491   0.089330   -0.159340   0.090740   0.011670
1.131596   -0.378612   1.481231   0.001290   -0.045820   -0.049450   0.006470
1.132886   -0.424432   1.431781   0.010400   -0.068500   0.031860   0.005000
1.143286   -0.492932   1.463641   0.026540   -0.279020   0.099060   0.005000
1.169826   -0.771952   1.562701   -0.055600   -0.168120   0.136620   0.005000
1.168499   -0.758003   1.557749   0.155700   -0.084900   0.055390   0.005000
1.162356   -0.693423   1.534821   0.064890   -0.090690   -0.007740   0.005000
1.158879   -0.656871   1.521844   0.146910   -0.068010   0.122890   0.005000
1.154765   -0.613613   1.506486   0.048420   -0.129710   0.461490   0.005000
1.178976   -0.678472   1.737247   0.021570   0.009100   0.127130   0.005000
1.169290   -0.652524   1.644926   0.096940   -0.035280   0.143980   0.005000
1.266230   -0.687804   1.788906   -0.020710   -0.080370   0.082870   0.005000
1.162027   -0.633066   1.575699   -0.017500   0.075500   0.252110   0.005000
1.158514   -0.623656   1.542218   0.085280   -0.027720   0.114970   0.005000
1.149921   -0.562693   1.488408   0.153720   -0.068380   0.038030   0.005000
1.080356   -0.217336   1.428460   0.197020   0.009230   -0.021160   0.009650
1.277367   -0.208106   1.407301   0.072860   0.001990   -0.078000   0.006810
1.350236   -0.206116   1.329291   0.157680   -0.057940   -0.379640   0.005000
1.507916   -0.264056   0.949651   -0.003630   -0.324790   -0.096410   0.005000
1.506283   -0.410205   0.906268   0.042170   -0.150010   0.130450   0.005000
1.507190   -0.329006   0.930371   -0.075630   -0.204190   -0.031370   0.005000
1.507916   -0.264056   0.949651   0.058890   0.041620   0.037930   0.005000
1.492149   -0.258262   0.987613   -0.031720   -0.168340   0.073460   0.005000
1.484257   -0.255363   1.006613   0.193310   -0.026630   0.290660   0.005000
1.452729   -0.243777   1.082523   -0.109690   -0.145040   -0.020240   0.005000
1.350236   -0.206116   1.329291   0.019280   0.023650   0.024370   0.005000
1.369596   -0.182368   1.353762   0.106320   -0.156770   0.130370   0.005000
1.350236   -0.206116   1.329291   0.053240   0.027020   -0.039310   0.005000
1.403467   -0.179101   1.289988   0.054030   0.077050   0.008410   0.005000
1.451718   -0.110292   1.297498   0.046740   0.050650   0.142900   0.005000
1.457497   -0.102051   1.298398   0.176190   0.058100   0.016850   0.005000
1.457497   -0.102051   1.298398   0.021770   0.196350   0.034810   0.005000
1.449389   -0.113613   1.297136   0.107470   0.006690   0.141120   0.005000
1.277367   -0.208106   1.407301   0.013000   -0.207560   0.020060   0.005000
1.277367   -0.208106   1.407301   0.040970   -0.010450   0.088460   0.005000
1.318341   -0.218557   1.495769   0.159720   0.017010   0.038980   0.005000
0.698428   -0.203765   1.161708   -0.080410   -0.033790   0.159020   0.011730
0.624956   -0.234639   1.307008   -0.028420   0.036620   0.073160   0.012100
0.602174   -0.205284   1.365654   -0.051010   -0.036560   0.017740   0.005000
0.552260   -0.241059   1.383013   -0.024450   -0.255930   0.307350   0.005000
0.546147   -0.305046   1.459856   0.028100   -0.099890   0.115360   0.005000
0.551085   -0.253359   1.397784   -0.107100   -0.011550   0.285630   0.005000
0.622251   -0.231160   1.313963   0.015770   -0.146080   0.191470   0.005000
0.638021   -0.377234   1.505426   0.058620   -0.127870   0.169310   0.005000
0.634867   -0.348019   1.467133   0.124220   0.010480   0.161940   0.005000
0.626983   -0.274985   1.371406   0.041710   0.018160   0.263720   0.005000
0.623828   -0.245765   1.333106   -0.141450   0.002270   0.077260   0.005000
0.482378   -0.243495   1.410366   -0.155110   -0.116510   0.472230   0.005000
0.404825   -0.301748   1.646474   -0.033330   -0.056990   0.122860   0.005000
0.443603   -0.272620   1.528415   -0.008980   -0.032210   0.171610   0.005000
0.459113   -0.260970   1.481196   -0.111430   -0.130270   0.116650   0.005000
0.565558   -0.216757   1.027187   -0.097680   0.025320   0.087100   0.005000
0.467878   -0.191437   1.114287   -0.126150   -0.100350   0.184160   0.005000
0.698428   -0.203765   1.161708   0.090060   -0.062610   0.124780   0.005000
0.788490   -0.266376   1.286491   0.150740   -0.099410   -0.095870   0.005000
0.698428   -0.203765   1.161708   0.153590   -0.124450   0.033030   0.008000
0.808499   -0.292953   1.185379   -0.075840   -0.179130   0.183790   0.005000
0.733677   -0.469678   1.366702   0.074150   -0.096230   0.148800   0.005000
0.807827   -0.565908   1.515502   0.013180   -0.153000   0.185100   0.005000
0.807827   -0.565908   1.515502   -0.009890   -0.106670   0.072180   0.005000
0.774463   -0.522609   1.448549   0.128660   -0.058000   0.220130   0.005000
0.764060   -0.509108   1.427672   0.230610   -0.056470   0.113940   0.005000
0.698428   -0.203765   1.161708   0.090410   -0.009260   0.153780   0.005000
0.512408   -0.221954   0.973378   0.136650   -0.003030   -0.077790   0.006050
0.649058   -0.224984   0.895588   0.145900   -0.032500   -0.126260   0.005000
0.793430   -0.257144   0.770650   0.138810   0.020810   0.026500   0.005000
0.911418   -0.239455   0.793175   0.101110   -0.075090   0.056340   0.005000
0.932240   -0.236334   0.797150   0.086250   0.027850   0.052980   0.005000
0.869769   -0.245699   0.785224   0.114720   -0.107610   0.043570   0.005000
0.828129   -0.251942   0.777274   0.073890   0.071880   0.147060   0.005000
0.462169   -0.226867   0.922515   0.020290   -0.133420   -0.030470   0.005000
0.326378   -0.240144   0.785038   -0.011030   -0.239200   -0.086130   0.005000
0.406108   -0.232348   0.865758   0.059590   0.066840   -0.003630   0.008460
0.465703   -0.165503   0.862128   0.143030   -0.042400   0.092620   0.005000
0.608733   -0.207903   0.954748   0.112610   -0.039200   -0.032010   0.005000
0.721194   -0.247051   0.922780   0.079680   -0.029740   -0.010270   0.005000
0.608733   -0.207903   0.954748   0.058390   0.009100   0.122040   0.005000
0.608733   -0.207903   0.954748   0.065160   -0.102550   0.076110   0.005000
0.522910   -0.182462   0.899172   0.217450   0.110880   0.154550   0.005000
0.435901   -0.198931   0.863943   0.110060   0.009730   -0.042300   0.005000
0.545969   -0.189200   0.821640   0.052800   -0.043510   0.002820   0.005000
0.489458   -0.194196   0.843359   0.083200   -0.066300   0.072560   0.005000
0.172891   -0.259735   0.626474   0.354230   -0.290150   0.242290   0.005000
0.367722   -0.419321   0.759737   0.037880   -0.092430   -0.004500   0.005000
0.279171   -0.346789   0.699169   0.136050   -0.114760   -0.045380   0.005000
0.243743   -0.317770   0.674936   0.026320   -0.293950   0.132220   0.005000
0.226021   -0.303254   0.662815   0.011060   -0.234990   -0.048720   0.005000
0.173119   -0.259888   0.626584   0.069210   0.095140   -0.005060   0.005000
0.228486   -0.183777   0.622536   0.060210   0.066470   -0.035460   0.005000
0.204268   -0.217069   0.624306   0.071510   0.007500   0.101860   0.005000
0.019370   -0.051780   0.525240   0.080020   0.102590   0.120680   0.046180
0.085319   0.032771   0.624700   0.356220   0.128600   -0.006680   0.029250
0.441539   0.161371   0.618020   0.392370   0.120020   0.322260   0.021210
0.833909   0.281391   0.940280   0.145530   0.027450   0.018920   0.021720
0.979439   0.308841   0.959200   0.225210   0.066540   0.284190   0.020320
1.188628   0.370647   1.223172   0.109360   0.238370   0.187920   0.014730
1.297985   0.609011   1.411088   -0.119470   -0.028450   0.093490   0.005000
1.178526   0.580564   1.504569   -0.113680   -0.039310   0.317600   0.005000
1.064846   0.541254   1.822169   -0.089120   0.006170   0.164300   0.005000
1.070527   0.543218   1.806299   0.061450   -0.078840   0.075680   0.005000
1.131968   0.464389   1.881968   0.128670   -0.105490   0.051830   0.005000
1.085832   0.523582   1.825148   0.174840   -0.124960   0.124370   0.005000
1.131974   0.464382   1.881976   -0.104250   -0.000170   0.169950   0.005000
1.087929   0.549236   1.757680   -0.083760   -0.115050   0.171890   0.005000
1.093266   0.551082   1.742769   0.125080   0.005490   0.231550   0.005000
1.104633   0.555012   1.711012   -0.073460   -0.024190   0.083940   0.005000
1.121686   0.560909   1.663369   0.047410   -0.102730   0.155580   0.005000
1.133054   0.564840   1.631611   -0.173700   -0.008750   0.121970   0.005000
1.161474   0.574667   1.552211   0.032800   0.091700   0.207660   0.005000
1.297985   0.609011   1.411088   0.035360   -0.007120   0.167850   0.010070
1.331771   0.602208   1.571466   0.010680   -0.086180   0.091760   0.005000
1.341618   0.522751   1.656068   0.141790   -0.066160   0.206830   0.005000
1.483408   0.456591   1.862898   0.092300   0.032660   0.225000   0.005000
1.575708   0.489251   2.087898   0.086920   0.080780   0.056090   0.005000
1.619166   0.529639   2.115941   0.039260   0.055110   -0.004190   0.005000
1.619166   0.529639   2.115941   0.006540   -0.001760   0.135730   0.005000
1.562859   0.484705   2.056576   -0.018780   -0.020700   0.111890   0.005000
1.538788   0.476187   1.997898   -0.009700   0.055270   0.085430   0.005000
1.515712   0.468022   1.941646   0.086440   -0.035010   0.079500   0.005000
1.455048   0.469824   1.821529   -0.014850   -0.006440   0.109270   0.005000
1.440566   0.463544   1.928089   -0.000460   -0.045250   0.087000   0.005000
1.450592   0.467892   1.854319   -0.051360   0.013460   0.074350   0.005000
1.377067   0.506210   1.707778   0.071740   0.063990   0.112020   0.005000
1.344372   0.521466   1.660080   -0.146140   -0.155750   0.308540   0.005000
1.198237   0.365721   1.968610   -0.055430   -0.011910   0.100130   0.005000
1.212850   0.381295   1.937758   -0.007670   -0.083780   0.105110   0.005000
1.278610   0.451379   1.798921   0.012990   0.005450   0.081830   0.005000
1.300531   0.474741   1.752642   -0.065950   -0.000560   0.043990   0.005000
1.331960   0.600692   1.573075   0.289090   0.071070   0.233660   0.005000
1.620866   0.671717   1.806587   0.125000   0.160450   0.126500   0.005000
1.606594   0.668208   1.795051   0.130660   -0.045560   0.083320   0.005000
1.606594   0.668208   1.795051   0.019360   -0.028700   0.119550   0.005000
1.606594   0.668208   1.795051   0.092450   0.035530   0.000450   0.005000
1.580695   0.661841   1.774119   -0.028860   0.012660   0.114590   0.005000
1.519869   0.646887   1.724956   0.105920   -0.001150   0.072620   0.005000
1.490957   0.639779   1.701586   0.044190   -0.061510   0.118180   0.005000
1.276115   0.561342   1.373507   0.063390   0.076340   -0.054510   0.006920
1.339505   0.637682   1.318997   0.177070   0.209950   0.303440   0.007260
1.516575   0.847632   1.622437   0.150790   0.131420   0.035390   0.005000
1.607045   0.926481   1.643670   0.042590   0.085250   0.030790   0.005000
1.558898   0.884518   1.632370   0.080270   0.098320   -0.042200   0.005000
1.538251   0.866523   1.627525   -0.019290   0.110770   0.026470   0.005000
1.498863   0.826630   1.592084   0.007400   0.075290   0.100080   0.005000
1.481159   0.805640   1.561746   -0.023410   0.071200   0.059780   0.005000
1.410330   0.721658   1.440368   0.044910   0.105140   0.045650   0.005000
1.401477   0.711161   1.425197   0.037700   0.003910   0.118770   0.005000
1.366061   0.669169   1.364506   0.106400   0.142520   0.036280   0.005000
1.366061   0.669169   1.364506   0.083360   -0.005060   0.169520   0.005000
1.317349   0.611000   1.338049   -0.018920   0.167440   0.172880   0.005000
1.276506   0.562190   1.374177   0.157190   0.080540   0.298140   0.005000
1.331524   0.590379   1.478528   0.063370   -0.016540   0.094220   0.005000
1.266992   0.541456   1.357830   0.036390   -0.045540   0.007580   0.005000
1.303373   0.495927   1.365408   0.101130   -0.080650   0.163010   0.005000
1.254242   0.513666   1.335922   0.350730   0.013650   0.034130   0.005930
1.604972   0.527316   1.370052   0.200950   -0.028330   0.237850   0.005000
1.805922   0.498986   1.607902   0.111350   0.079740   0.348310   0.005000
1.917272   0.578726   1.956212   0.024920   0.082920   0.073680   0.005000
1.942060   0.661206   2.029501   0.065220   0.075100   0.115220   0.005000
1.926914   0.610808   1.984719   -0.039870   0.096000   0.029340   0.005000
1.917272   0.578726   1.956212   0.058830   -0.007540   0.103510   0.005000
1.906137   0.570752   1.921381   0.024140   -0.078040   0.125240   0.005000
1.883869   0.554805   1.851723   0.046110   0.072090   0.098890   0.005000
1.861599   0.538857   1.782063   -0.052790   -0.022130   0.133340   0.005000
1.856030   0.534869   1.764642   0.112680   0.115220   0.128440   0.005000
1.844896   0.526896   1.729814   0.062610   -0.044070   0.042580   0.005000
1.907513   0.482821   1.772399   0.075240   -0.100410   0.078840   0.005000
1.881460   0.501159   1.754680   0.082670   -0.161630   -0.029380   0.005000
1.822627   0.510948   1.660154   -0.036220   -0.030860   0.083800   0.005000
1.795880   0.500402   1.596015   -0.019200   0.130930   0.090160   0.005000
1.695405   0.514567   1.477090   0.068050   -0.095580   0.036090   0.005000
1.761229   0.422113   1.512000   0.038530   -0.016420   0.002800   0.005000
1.799759   0.405693   1.514800   0.104360   -0.099330   -0.006280   0.005000
1.712421   0.490667   1.486115   0.073670   -0.031640   0.025820   0.005000
1.707538   0.497525   1.483525   -0.004750   -0.162620   0.036350   0.005000
1.569902   0.525951   1.366639   0.143680   0.005830   0.163330   0.005000
1.482213   0.522538   1.358106   0.324660   -0.044230   -0.091640   0.005000
1.725704   0.489367   1.289378   0.075470   0.029490   0.042140   0.005000
1.693245   0.493789   1.298540   0.077300   0.003300   -0.093130   0.005000
1.656854   0.498746   1.308811   0.046710   0.011380   0.077850   0.005000
1.412072   0.519809   1.351281   0.074640   -0.082580   0.065040   0.005000
1.486712   0.437229   1.416321   0.126350   -0.094120   0.038970   0.005000
1.556200   0.385466   1.437753   0.018530   -0.096970   0.072730   0.005000
1.471782   0.453747   1.403311   -0.009590   -0.079820   0.046200   0.005000
1.464319   0.462004   1.396808   0.069390   0.026440   0.086930   0.005000
1.248776   0.501751   1.326529   -0.105740   0.225870   0.164510   0.005000
1.143041   0.727611   1.491032   0.019790   0.070910   0.246760   0.005000
1.162672   0.797952   1.735812   0.059870   0.036000   0.136530   0.005000
1.159684   0.787245   1.698551   0.029030   0.075420   0.089020   0.005000
1.155905   0.773704   1.651431   -0.007380   -0.052710   0.109070   0.005000
1.152936   0.763067   1.614414   -0.048760   -0.034090   0.078730   0.005000
1.146999   0.741793   1.540382   -0.047280   0.046170   0.071670   0.005000
1.146009   0.738247   1.528044   -0.045920   0.090570   0.147430   0.005000
1.143041   0.727611   1.491032   -0.162440   0.129770   0.134590   0.005000
1.078061   0.779522   1.544870   -0.060660   0.122980   0.040100   0.005000
1.180047   0.648562   1.433457   -0.083850   0.080730   0.036650   0.005000
1.096197   0.729292   1.470107   -0.097950   0.041920   0.028990   0.005000
1.190618   0.625981   1.417010   0.073200   0.087570   0.040470   0.005000
1.256493   0.704788   1.453431   0.105690   0.022310   0.022500   0.005000
1.189991   0.627321   1.417986   -0.011510   0.091230   0.078290   0.005000
1.217054   0.569512   1.375882   -0.156440   -0.054760   0.030590   0.005000
1.232917   0.535628   1.351203   -0.001340   0.083430   -0.024360   0.005000
1.231577   0.619058   1.326843   -0.009320   0.084000   -0.010610   0.005000
1.103309   0.345439   1.115510   0.048250   -0.057700   0.007080   0.012280
1.151568   0.287728   1.122591   -0.036120   -0.318510   -0.037570   0.005000
1.115871   -0.027052   1.085461   -0.023110   -0.113340   -0.016490   0.005000
1.126285   0.064779   1.096293   -0.032190   -0.175070   0.094680   0.005000
1.135316   0.144409   1.105686   -0.045270   -0.082680   0.118190   0.005000
1.138927   0.176258   1.109443   0.109130   -0.067820   -0.009270   0.005000
1.146150   0.239949   1.116955   -0.100390   -0.075040   0.150780   0.005000
1.151568   0.287728   1.122591   0.107570   -0.172850   0.469380   0.005000
1.205351   0.201307   1.357270   0.053940   -0.004370   0.120030   0.005000
1.194594   0.218592   1.310332   0.064350   -0.092400   0.107970   0.005000
1.178460   0.244518   1.239931   0.123010   -0.059680   0.111610   0.005000
1.173081   0.253160   1.216462   -0.001390   -0.175130   0.139320   0.005000
1.162323   0.270447   1.169520   0.191450   0.047620   0.209590   0.005000
1.146150   0.239949   1.116955   0.174370   -0.152520   0.072810   0.005000
1.069528   0.335458   1.072882   -0.036450   0.136410   0.024900   0.005000
1.033078   0.471868   1.097782   -0.043110   0.161170   0.218260   0.005000
0.989968   0.633038   1.316042   -0.033100   0.135640   0.039560   0.005000
0.989968   0.633038   1.316042   -0.009070   -0.007440   0.132490   0.005000
0.989968   0.633038   1.316042   0.025770   0.091390   0.063960   0.005000
0.994280   0.616918   1.294212   -0.108570   0.055670   0.099780   0.005000
0.998591   0.600803   1.272388   0.045340   0.160600   0.110670   0.005000
1.009368   0.560509   1.217821   0.118370   0.115650   0.111540   0.005000
1.013679   0.544394   1.195997   -0.050300   -0.087250   0.120750   0.005000
1.015833   0.536340   1.185091   -0.092440   0.156290   0.072170   0.005000
1.024457   0.504100   1.141430   0.048640   0.166380   0.013590   0.005000
0.877571   0.289626   0.945956   0.054580   0.055000   -0.036440   0.005000
0.932151   0.344626   0.909516   0.160860   0.144740   0.139190   0.005000
1.093011   0.489366   1.048706   0.047280   0.130430   -0.013250   0.005000
1.012577   0.416992   0.979107   0.089450   0.068620   -0.017380   0.005000
0.972360   0.380806   0.944309   0.030550   -0.010980   0.103920   0.005000
0.894740   0.292865   0.948188   0.030350   0.110960   0.106480   0.005000
0.891879   0.292325   0.947816   0.136420   -0.020380   0.209440   0.005000
0.578869   0.203378   0.730811   -0.009750   0.142040   0.130200   0.005000
0.569120   0.345407   0.861002   0.065800   0.328460   0.738330   0.005000
0.633611   0.667331   1.584640   0.024010   -0.033740   0.077080   0.005000
0.628340   0.641022   1.525500   0.058440   0.040690   0.049830   0.005000
0.625050   0.624598   1.488581   -0.083000   -0.014660   0.082090   0.005000
0.634920   0.673867   1.599332   0.107330   0.134240   0.050650   0.005000
0.605310   0.526059   1.267081   0.071610   0.002650   0.071550   0.005000
0.592150   0.460370   1.119420   0.075910   0.016300   0.083050   0.005000
0.585570   0.427521   1.045580   0.078520   -0.011280   0.094360   0.005000
0.585570   0.427521   1.045580   -0.313980   0.146390   0.218620   0.005000
0.582280   0.411100   1.008670   0.071190   0.154790   0.158730   0.005000
0.578990   0.394677   0.971752   0.075950   0.053550   0.047450   0.005000
0.575701   0.378257   0.934842   0.015930   0.061310   -0.013190   0.005000
0.591628   0.439558   0.921654   -0.020920   0.010370   -0.086850   0.005000
0.570583   0.324099   0.841470   0.045970   0.151310   0.086370   0.005000
0.616553   0.475409   0.927840   0.157370   0.260300   0.119170   0.005000
0.663763   0.553499   0.963590   0.060280   0.120330   0.002130   0.005000
0.648027   0.527470   0.951674   0.051420   0.062450   0.068770   0.005000
0.614256   0.467851   0.923525   -0.010810   0.057950   0.236040   0.005000
0.605062   0.437589   0.906251   -0.045200   0.274870   -0.006790   0.005000
0.595869   0.407331   0.888979   -0.075120   0.008170   0.342530   0.005000
0.598166   0.414891   0.893295   -0.108390   0.081870   0.139030   0.005000
0.584375   0.369497   0.867383   -0.164350   0.139890   0.003670   0.005000
0.573995   0.274388   0.795902   -0.043160   -0.023910   0.050400   0.005000
0.530812   0.250465   0.846328   -0.050080   0.042320   0.133280   0.005000
0.530839   0.250480   0.846297   -0.064920   -0.030670   0.054610   0.005000
0.520010   0.185374   0.682469   -0.076460   -0.065960   0.123120   0.005000
0.447785   0.123067   0.798770   -0.122120   -0.029100   0.088190   0.005000
0.442578   0.121829   0.802528   0.029830   -0.092230   0.132530   0.005000
0.466491   0.139204   0.768649   -0.147040   0.051310   0.134900   0.005000
0.316860   0.116360   0.620358   0.132590   0.034260   0.193140   0.005000
0.316860   0.116360   0.620358   -0.040070   0.049220   0.108650   0.005000
0.091927   0.035156   0.624576   0.063250   0.003430   0.110330   0.005000
0.245619   0.090641   0.621694   -0.047980   0.059420   0.086200   0.008460
0.211867   0.132441   0.682333   0.119850   0.117620   0.355830   0.005000
0.197636   0.150065   0.707899   0.026650   0.304630   0.393740   0.005000
0.206964   0.256686   0.845709   -0.056660   0.078620   0.072280   0.005000
0.204299   0.226221   0.806332   0.090770   0.107160   0.082640   0.005000
0.201634   0.195761   0.766963   -0.067380   0.115990   0.103590   0.005000
0.091927   0.035156   0.624576   -0.242490   0.070830   0.308910   0.005000
-0.005069   0.063488   0.748140   -0.043080   0.019930   0.106140   0.005000
0.031304   0.052864   0.701804   -0.030570   -0.024450   0.116290   0.005000
0.091927   0.035158   0.624576   -0.086180   -0.000170   0.103170   0.005000
0.019370   -0.051780   0.525240   -0.020510   0.189710   0.194480   0.005000
-0.001101   0.137569   0.719350   -0.085190   0.224030   0.452330   0.005000
-0.047955   0.260786   0.968132   0.109610   0.090050   0.086110   0.005000
-0.043695   0.249581   0.945509   -0.085850   0.054560   0.107220   0.005000
-0.022398   0.193577   0.832433   -0.110140   0.130170   0.080460   0.005000
-0.001139   0.137920   0.719710   0.157540   -0.017730   0.153710   0.005000
0.002963   0.099982   0.680818   -0.080810   0.078610   0.173530   0.005000
0.008090   0.052558   0.632202   -0.168350   0.036780   0.330910   0.005000
0.019370   -0.051780   0.525240   -0.083040   -0.032620   0.186070   0.005000
-0.063670   -0.084400   0.711310   -0.087170   -0.128860   0.606770   0.005000
-0.122576   -0.171478   1.121341   0.020460   -0.027610   0.126680   0.005000
-0.117944   -0.164631   1.089099   -0.061920   -0.075080   0.091230   0.005000
-0.115972   -0.161716   1.075371   -0.004420   -0.004370   0.173400   0.005000
-0.107569   -0.149294   1.016881   0.017140   -0.135690   0.129260   0.005000
-0.098538   -0.135945   0.954021   0.076830   -0.051540   0.194980   0.005000
-0.094180   -0.129501   0.923680   -0.096080   -0.027860   0.139100   0.005000
-0.085462   -0.116615   0.863001   -0.051800   -0.175900   0.097140   0.005000
-0.081103   -0.110171   0.832659   -0.071340   0.051720   0.163790   0.005000
-0.076745   -0.103728   0.802320   0.063840   -0.174560   0.150440   0.005000
-0.047060   -0.077875   0.674091   -0.321550   0.184790   -0.003900   0.005000
-0.017998   -0.066459   0.608971   -0.386580   -0.223470   0.128070   0.005000
-0.035318   -0.076471   0.614709   -0.335900   -0.245540   0.118400   0.005000
0.019370   -0.051780   0.525241   0.375210   0.277490   0.144860   0.005000
0.210661   0.078021   0.622349   0.083940   0.102920   0.033720   0.005000
0.063380   0.004643   0.591612   0.085210   0.174870   0.039900   0.005000
0.019370   -0.051780   0.525240   -0.166600   -0.023170   0.243930   0.023350
-0.138850   -0.073785   0.756900   -0.332780   -0.017150   0.543440   0.019020
-0.463677   -0.090525   1.287352   -0.163290   0.074760   0.129360   0.020680
-0.624307   -0.016982   1.414605   -0.040500   -0.005160   0.092620   0.020910
-0.664811   -0.022143   1.507234   0.027430   0.104740   0.080890   0.027780
-0.640491   0.070720   1.578952   0.064430   0.030660   0.094510   0.018290
-0.576060   0.101381   1.673464   -0.041190   0.034760   0.190230   0.011440
-0.608210   0.128512   1.821944   -0.071000   -0.014450   0.088380   0.008850
-0.679205   0.114063   1.910318   -0.069090   -0.154600   0.100320   0.005000
-0.748298   -0.040544   2.010642   -0.000210   -0.154090   0.184360   0.005000
-0.735906   -0.012816   1.992650   0.106890   -0.130660   0.244820   0.005000
-0.722826   0.016453   1.973657   -0.097820   0.011790   0.257780   0.005000
-0.727567   0.005845   1.980541   0.059320   -0.223020   0.018480   0.005000
-0.724114   0.013571   1.975527   0.134790   -0.092370   0.361610   0.005000
-0.617250   0.136141   1.863694   0.038340   0.095630   0.215560   0.005000
-0.578910   0.231771   2.079254   0.104570   -0.049030   0.248070   0.005000
-0.578910   0.231771   2.079254   0.010450   -0.008780   0.111560   0.005000
-0.580827   0.226989   2.068476   -0.048970   0.010070   0.290770   0.005000
-0.590622   0.229003   2.126636   -0.069630   -0.004000   0.121310   0.005000
-0.584660   0.217428   2.046925   0.136110   0.097510   0.159630   0.005000
-0.596568   0.187725   1.979971   -0.084230   0.116030   0.108850   0.005000
-0.596324   0.188334   1.981343   -0.107300   -0.063080   0.330930   0.005000
-0.628516   0.169409   2.080627   -0.039150   -0.051000   0.116050   0.005000
-0.617787   0.175717   2.047536   -0.137690   -0.027950   0.124620   0.005000
-0.610856   0.152088   1.899640   0.114590   0.159730   0.288340   0.005000
-0.617250   0.136141   1.863694   -0.246020   0.031770   0.177600   0.005000
-0.740260   0.152026   1.952494   -0.061180   0.014340   0.082850   0.005000
-0.715663   0.148850   1.934738   -0.108700   0.010770   0.033060   0.005000
-0.654161   0.140907   1.890340   -0.110760   0.084870   0.090680   0.005000
-0.641849   0.139318   1.881453   -0.119960   -0.036810   0.026110   0.005000
-0.600776   0.122239   1.787613   0.013990   0.137110   0.035010   0.008080
-0.586785   0.259358   1.822625   0.006430   0.159660   0.121280   0.005920
-0.580355   0.419018   1.943905   -0.044570   0.006350   0.245710   0.005000
-0.624925   0.425368   2.189614   -0.040180   -0.060140   0.154550   0.005000
-0.624925   0.425368   2.189614   0.095210   0.010130   0.166550   0.005000
-0.620468   0.424733   2.165044   -0.091510   0.003680   0.082950   0.005000
-0.616009   0.424097   2.140463   0.024690   -0.074420   0.155890   0.005000
-0.611551   0.423462   2.115883   0.020180   0.106640   0.082090   0.005000
-0.609325   0.423145   2.103614   -0.065130   -0.067940   0.060230   0.005000
-0.604868   0.422510   2.079045   0.137200   -0.038370   0.166470   0.005000
-0.583767   0.419504   1.962714   0.089110   0.191270   0.359940   0.005000
-0.582580   0.419335   1.956174   0.027390   0.133870   0.101170   0.005000
-0.585925   0.280726   1.838857   -0.045030   0.014790   0.055240   0.005000
-0.585178   0.299269   1.852943   -0.140740   -0.024210   0.095530   0.005000
-0.584535   0.315234   1.865070   0.046940   0.035390   0.222680   0.005000
-0.584535   0.315234   1.865070   -0.251020   0.127090   0.140820   0.005000
-0.586785   0.259358   1.822625   0.005480   0.007630   0.123030   0.005000
-0.581326   0.266959   1.945194   0.063400   -0.076860   0.104630   0.005000
-0.581305   0.266988   1.945654   0.018580   0.027110   0.097540   0.005000
-0.588884   0.238786   1.817372   -0.024690   0.033070   0.201900   0.005000
-0.576060   0.101381   1.673464   0.091130   0.006350   0.157680   0.011040
-0.484923   0.107731   1.831156   0.065230   0.019850   0.169140   0.007660
-0.419697   0.127580   2.000284   0.046460   0.180810   0.151550   0.013060
-0.373237   0.308390   2.151834   -0.004570   0.001940   0.116790   0.005000
-0.377807   0.310330   2.268624   0.041390   0.003000   0.220620   0.005000
-0.377807   0.310330   2.268624   -0.010490   -0.084090   0.202890   0.005000
-0.376436   0.309748   2.233584   -0.079720   0.050670   0.228430   0.005000
-0.373237   0.308390   2.151834   -0.097450   -0.027480   0.195740   0.005000
-0.377585   0.291470   2.137652   0.202160   0.103380   0.270840   0.005000
-0.175422   0.394852   2.408497   0.017820   -0.016130   0.134610   0.005000
-0.357112   0.311830   2.378935   0.029910   0.080190   0.084100   0.005000
-0.357112   0.311830   2.378935   -0.034560   -0.030550   0.152110   0.005000
-0.365390   0.311230   2.334814   0.026840   0.120710   0.085630   0.005000
-0.412730   0.154694   2.023010   0.048190   0.002710   0.171240   0.005000
-0.364540   0.157404   2.194250   0.030840   -0.085260   0.252550   0.005000
-0.371767   0.156997   2.168569   -0.007840   -0.129700   0.213500   0.005000
-0.386804   0.156152   2.115138   -0.084260   0.013010   0.104550   0.005000
-0.386227   0.156184   2.117189   0.235450   -0.041140   0.185640   0.005000
-0.512267   0.105826   1.783843   0.189890   -0.011410   0.121540   0.005000
-0.322370   0.094416   1.905388   0.202660   -0.130530   0.189060   0.005000
-0.322370   0.094416   1.905388   0.052930   0.014860   0.242460   0.005000
-0.350851   0.096127   1.887158   0.096810   0.060660   0.056690   0.005000
-0.379339   0.097839   1.868924   0.071390   -0.170580   0.136840   0.005000
-0.388838   0.098409   1.862845   0.003420   0.012040   0.217810   0.005000
-0.369846   0.097268   1.875000   0.119550   0.001140   -0.000160   0.005000
-0.407826   0.099550   1.850691   0.011220   -0.147340   0.277670   0.005000
-0.474287   0.103544   1.808153   0.196130   0.002850   0.696170   0.005000
-0.346802   0.105396   2.260665   0.044780   -0.078220   0.089150   0.005000
-0.366416   0.105111   2.191046   0.074970   -0.085660   0.114420   0.005000
-0.395834   0.104684   2.086624   0.023320   -0.134700   0.158550   0.005000
-0.425255   0.104256   1.982195   0.085730   -0.176280   0.235380   0.005000
-0.474287   0.103544   1.808153   0.005770   0.105620   0.210440   0.005000
-0.455298   0.102403   1.820307   -0.005090   -0.187830   0.444340   0.005000
-0.595388   0.092183   1.645112   0.087930   0.060360   0.063130   0.005000
-0.507463   0.152540   1.708238   -0.056760   0.157450   0.095870   0.005000
-0.564363   0.310377   1.804345   -0.005670   0.051850   0.176160   0.005000
-0.550031   0.270621   1.780138   -0.031470   0.155380   0.037930   0.005000
-0.541519   0.247008   1.765760   0.077040   0.102830   0.062250   0.005000
-0.640198   0.071842   1.579818   0.019300   0.087530   0.013730   0.008810
-0.620898   0.159372   1.593548   0.077610   0.115610   0.006530   0.005000
-0.544192   0.273635   1.600002   0.098690   0.123720   0.077260   0.005000
-0.445423   0.397454   1.677324   0.158530   0.087330   0.079240   0.005000
-0.502275   0.326183   1.632817   0.000670   0.098280   0.009460   0.005000
-0.574333   0.228736   1.597466   -0.121930   0.329510   0.495850   0.005000
-0.598719   0.294638   1.696636   0.022030   0.190040   0.056780   0.005000
-0.592626   0.278170   1.671855   -0.240260   0.174530   0.095660   0.005000
-0.554941   0.257623   1.599098   0.160320   0.104310   0.260460   0.005000
-0.648353   0.040702   1.555769   -0.024620   -0.102690   0.129660   0.005000
-0.672973   -0.061988   1.685429   -0.171840   -0.199990   0.078100   0.005000
-0.844811   -0.261976   1.763528   -0.052240   -0.133590   0.078590   0.005000
-0.668050   -0.041454   1.659503   0.111210   -0.236220   0.194670   0.005000
-0.664356   -0.026047   1.640049   0.018900   -0.212540   0.058290   0.005000
-0.656903   0.005040   1.600798   -0.000900   0.019020   0.047640   0.005000
-0.657772   0.023413   1.646817   -0.002940   0.039330   0.122700   0.005000
-0.605708   -0.025498   1.399871   -0.101220   -0.016310   0.002230   0.005000
-0.702658   -0.041120   1.402007   -0.240020   0.033460   0.005450   0.005000
-0.661369   -0.034467   1.401097   -0.068800   0.070040   0.123100   0.005000
-0.388436   -0.086647   1.164482   -0.046120   -0.071740   -0.008440   0.005000
-0.434556   -0.158387   1.156042   -0.028760   -0.037090   -0.050880   0.005000
-0.455767   -0.185741   1.118518   -0.172410   0.096860   -0.030750   0.005000
-0.628181   -0.088879   1.087767   -0.167570   0.087800   -0.106930   0.005000
-0.434556   -0.158387   1.156042   -0.001930   -0.039020   0.083710   0.005000
-0.436486   -0.197413   1.239764   0.030210   0.094940   0.193330   0.005000
-0.436486   -0.197413   1.239764   -0.057870   0.069750   0.068300   0.005000
-0.435232   -0.172045   1.185343   0.204090   -0.066080   0.169530   0.005000
-0.498869   -0.161526   1.110830   -0.104690   -0.053400   -0.051720   0.005000
-0.603566   -0.214930   1.059107   -0.131370   -0.041350   -0.020120   0.005000
-0.733769   -0.255913   1.039166   -0.114220   0.015910   -0.122800   0.005000
-0.847989   -0.240003   0.916366   -0.104880   -0.004070   -0.050180   0.005000
-0.773748   -0.250344   0.996184   -0.093050   0.055640   0.033510   0.005000
-0.734938   -0.256281   1.038987   -0.072240   0.058620   -0.042640   0.005000
-0.603566   -0.214930   1.059107   -0.127110   -0.240360   -0.001910   0.005000
-0.629829   -0.223196   1.055085   -0.198950   -0.236490   -0.198720   0.005000
0.019370   -0.051780   0.525241   -0.117840   -0.169020   0.615450   0.005000
-0.033657   -0.127838   0.802190   -0.008020   -0.119780   0.130560   0.005000
-0.010090   -0.094035   0.679102   -0.067380   -0.289580   0.098270   0.005000
-0.004198   -0.085584   0.648331   0.179170   -0.017120   0.272630   0.005000
154
-0.453105   -1.253783   1.725342   -0.020000   -0.015770   -0.038040   0.022890
-0.429639   -1.356979   1.651800   0.013890   -0.016270   0.036730   0.021250
-0.453105   -1.253783   1.725342   0.056040   0.011840   -0.002040   0.028650
-0.441444   -1.054165   1.894433   0.028100   -0.006520   -0.031200   0.021250
-0.450943   -1.080938   1.854966   -0.006100   -0.023470   0.027920   0.018490
-0.462307   -1.112970   1.807745   -0.047130   -0.020860   -0.008490   0.026120
-0.501365   -1.183037   1.662750   -0.037230   0.039160   -0.004820   0.027120
-0.726127   -1.440460   1.479695   -0.001920   -0.013010   -0.038420   0.020300
-0.524093   -0.510608   1.498090   -0.035530   -0.027370   -0.053460   0.034890
-0.897750   -1.050557   1.851941   0.033370   -0.024430   -0.024400   0.024010
-0.836870   -1.041638   1.868470   0.019850   0.024820   -0.048190   0.028860
-0.854182   -1.066269   1.821339   0.033730   -0.016420   -0.029300   0.023800
-0.841969   -1.107587   1.702051   0.033960   0.026700   0.020910   0.024000
-0.678250   -1.531647   1.576767   0.014220   -0.008080   -0.022430   0.013880
-0.565137   -1.069511   1.254103   0.024290   -0.032970   -0.030010   0.025380
-0.036753   -1.271161   1.929628   0.011260   0.021960   -0.028960   0.019020
0.005589   -1.481615   2.083291   -0.007570   -0.007210   0.036660   0.019060
-0.018083   -1.438056   2.043991   -0.003000   -0.020100   -0.039700   0.022300
-0.300360   -1.191723   1.811251   -0.016530   0.028890   -0.062220   0.035280
0.115598   -1.382083   1.646163   -0.011740   0.007460   -0.041810   0.022030
-0.050297   -1.125440   1.686161   0.013380   -0.006700   -0.044050   0.023260
-0.160570   -1.023967   1.461350   0.012220   -0.010910   -0.038010   0.020690
-0.140857   -1.005810   1.439930   -0.012440   0.006750   -0.046920   0.024510
-0.317778   -1.090920   1.404421   -0.046650   -0.010240   0.001300   0.023890
-0.392373   -0.781672   1.471824   -0.013890   -0.043580   0.019780   0.024920
-0.225037   -1.001164   1.015508   -0.003220   -0.049890   -0.014480   0.026020
-0.237326   -0.992254   1.022839   -0.006000   0.023800   -0.058490   0.031710
-0.250786   -1.284314   1.027827   -0.049330   0.018120   -0.002740   0.026310
-0.282657   -1.227001   0.936528   -0.045500   0.006780   -0.027410   0.026770
-0.117211   -0.875253   1.166420   0.002860   0.009320   -0.037110   0.019180
-0.031436   -0.709580   0.862924   -0.001870   -0.002210   -0.060890   0.030480
-0.225221   -0.511949   0.913817   -0.023850   -0.016240   0.049470   0.028630
0.954166   -1.134904   1.854930   0.018970   0.030500   -0.043180   0.028080
0.987992   -1.167603   1.482143   -0.014160   -0.019680   -0.042130   0.024310
0.803431   -1.072267   1.592967   0.024450   0.016030   -0.043460   0.026190
0.987097   -0.986472   1.442548   -0.003690   0.022840   -0.056980   0.030750
0.630657   -1.243311   1.388267   -0.019240   0.002450   -0.042270   0.023250
0.714209   -1.211321   1.265233   -0.016450   -0.006550   -0.037440   0.020710
0.639841   -1.334743   1.060452   -0.002990   0.003650   -0.051390   0.025800
0.365911   -1.236256   1.132221   -0.007310   0.016790   -0.054350   0.028670
0.394934   -1.209730   1.133603   -0.003270   0.007160   -0.057720   0.029130
0.467092   -1.136269   1.124599   0.013320   -0.025980   -0.052840   0.030190
0.511178   -1.080496   1.101058   -0.010860   -0.006030   -0.062510   0.031870
0.607363   -1.092967   1.080302   -0.003310   0.022970   -0.054800   0.029760
0.524001   -1.348671   1.023171   0.026320   0.018280   0.038970   0.025230
0.506359   -1.150433   0.937810   -0.005440   -0.005180   -0.051510   0.026030
0.367801   -1.022372   1.255278   0.030840   -0.018300   -0.009660   0.018570
0.433081   -1.010477   1.039899   -0.026370   0.018750   -0.055420   0.032090
0.375681   -0.721047   0.660629   0.005840   -0.022500   -0.042040   0.024020
0.304661   -1.196952   1.030499   0.001990   0.014920   -0.052770   0.027440
0.365851   -1.133111   1.014996   -0.020660   -0.004280   -0.043890   0.024350
0.337611   -1.068591   1.020807   0.020380   -0.017050   -0.053350   0.029800
0.471159   -1.023239   0.988317   -0.005920   -0.004860   -0.046800   0.023710
1.455478   -1.401688   1.281846   -0.010560   -0.019810   -0.032230   0.019640
1.337864   -1.513446   1.615934   0.001280   -0.021790   -0.046900   0.025870
1.332872   -1.506378   1.605403   -0.021250   0.053980   -0.023500   0.031290
1.282792   -1.450048   1.392839   -0.016850   -0.012180   -0.036680   0.021080
1.142866   -1.379855   1.097632   0.011360   0.016050   -0.054320   0.028880
1.137456   -1.279242   1.091532   0.015750   -0.001280   -0.051660   0.027010
0.943733   -1.171699   0.853590   0.022350   0.031650   -0.051460   0.032210
0.943733   -1.171699   0.853590   -0.036090   -0.021050   -0.033260   0.026700
0.745840   -0.885629   0.851428   0.037120   -0.027400   -0.018620   0.024880
0.603502   -1.012380   0.671241   0.000250   -0.049990   -0.010790   0.025570
0.365113   -0.869710   0.758920   0.036220   -0.000030   -0.046040   0.029290
0.350013   -0.837119   0.719691   0.044800   -0.014250   -0.050110   0.034360
0.555992   -0.732706   0.783206   0.017860   0.016610   0.040640   0.023700
0.329230   -0.657276   0.741192   -0.022600   -0.020240   -0.052320   0.030240
0.254920   -0.647470   0.599432   0.014590   -0.030780   -0.043360   0.027570
-0.113539   -0.248702   0.546682   -0.034080   0.033600   -0.028620   0.027880
-0.039638   -0.214623   0.555538   -0.001390   -0.045660   -0.004420   0.022950
-0.030378   -0.210353   0.556647   -0.043420   -0.015640   0.010440   0.023660
-0.183999   -0.206914   0.370823   -0.027070   -0.010600   -0.045890   0.027160
-0.059889   -0.245502   0.459225   -0.041860   0.005550   -0.015610   0.022510
1.598698   -0.208367   1.958069   0.008630   -0.003740   -0.048000   0.024460
1.513411   -0.184805   1.855305   0.034650   -0.022160   -0.022580   0.023460
1.445957   -0.166169   1.774029   0.002510   0.000460   -0.050930   0.025500
1.405158   -0.159468   1.718871   -0.007450   0.022990   -0.050060   0.027790
1.121419   0.084048   2.141749   0.033250   0.050180   -0.003550   0.030150
1.174011   0.002152   1.876896   0.036250   0.032720   -0.002750   0.024460
1.155227   0.005651   1.894258   -0.015480   -0.030470   0.017780   0.019260
1.414986   -0.067332   1.977998   -0.064910   -0.024530   0.024270   0.036750
1.470876   -0.147528   1.976991   0.011540   0.020350   -0.042820   0.024400
1.470876   -0.147528   1.976991   -0.019830   -0.023400   -0.018080   0.017800
1.391665   -0.052864   1.898798   -0.040970   0.024590   -0.006320   0.024100
1.254277   0.030940   1.950512   -0.022520   0.023770   -0.024790   0.020540
1.315115   -0.234886   1.725269   -0.038980   0.026350   0.035380   0.029430
1.256761   -0.231748   1.670917   0.037640   0.028590   -0.015020   0.024800
1.214258   -0.765961   1.528630   0.017950   0.001070   -0.034440   0.019430
1.163187   -0.213456   1.419564   -0.011810   0.032800   -0.047500   0.029460
0.638021   -0.377234   1.505426   0.025260   0.004440   -0.035750   0.022000
0.632502   -0.326108   1.438414   0.015250   -0.017700   -0.052990   0.028960
0.531370   -0.207895   1.057672   -0.019750   -0.033440   -0.033240   0.025560
0.898520   -0.338939   1.216512   0.015680   0.006800   -0.056900   0.029710
0.794958   -0.257484   0.769328   0.025850   0.043030   -0.055160   0.037290
0.469269   -0.273556   0.911852   -0.008870   0.013750   -0.046700   0.024740
0.323930   -0.293244   0.765918   0.021280   0.019460   -0.037620   0.023700
0.321966   -0.335824   0.750586   -0.043510   -0.002250   -0.032990   0.027320
0.711313   -0.243612   0.925589   -0.019210   -0.045440   -0.027010   0.028120
0.544128   -0.189363   0.822348   -0.002410   -0.001180   -0.048600   0.024340
0.479930   -0.195039   0.847021   -0.007210   0.004840   -0.044970   0.022900
0.205829   -0.216906   0.626530   -0.030370   0.011150   -0.013820   0.017590
1.104633   0.555012   1.711012   -0.014630   0.021500   -0.028160   0.019170
1.606127   0.517521   2.107527   0.025690   0.010690   -0.029020   0.020100
1.552633   0.481086   2.031647   0.046200   -0.002050   -0.035190   0.029060
1.517863   0.467151   1.943624   0.030630   0.017020   -0.034090   0.024450
1.441056   0.463756   1.924488   0.047490   -0.003840   0.019770   0.025790
1.395006   0.522211   1.735789   0.022340   -0.006860   -0.042980   0.024460
1.220159   0.389084   1.922328   -0.019130   0.043760   -0.022680   0.026430
1.279045   0.451562   1.801660   0.034700   -0.033600   -0.047070   0.033720
1.677117   0.743920   1.863513   0.006750   0.072700   -0.017900   0.037590
1.307814   0.599516   1.346249   0.003990   0.047980   0.004370   0.024170
1.935962   0.640916   2.011472   0.027330   0.028720   -0.045060   0.030010
1.907513   0.482821   1.772399   -0.026970   -0.045960   -0.010810   0.027190
1.902129   0.460749   1.747335   0.031830   -0.025590   -0.051070   0.032700
1.844896   0.526896   1.729814   0.020800   -0.007800   -0.043710   0.024510
1.825853   0.380857   1.513230   0.038360   0.025030   -0.018970   0.024790
1.729431   0.466776   1.495136   0.011470   -0.005680   -0.041910   0.021910
1.693245   0.493789   1.298540   0.003800   0.032240   -0.042470   0.026730
1.790635   0.480521   1.271050   0.019360   -0.046640   0.027930   0.028860
1.604962   0.527316   1.370051   0.028150   -0.003490   0.063890   0.034950
1.613062   0.343109   1.455291   0.026070   0.032240   -0.042240   0.029590
1.320489   0.614781   1.335350   0.048900   -0.018290   -0.005580   0.026250
1.114948   -0.031581   1.084802   -0.001850   0.006840   -0.049480   0.024990
1.142538   0.208099   1.113199   -0.014220   0.009750   -0.054490   0.028580
1.134350   0.603407   1.037121   -0.012780   0.035200   -0.030470   0.024140
1.133201   0.600237   1.037443   0.001340   0.013540   -0.070030   0.035670
1.111923   0.541537   1.043406   -0.023630   0.037010   -0.036420   0.028530
1.109556   0.535008   1.044070   0.020120   0.007950   -0.043130   0.024130
0.602021   0.410915   0.986140   0.032700   0.031770   -0.024030   0.025770
0.584722   0.561279   0.903196   0.039010   0.024860   -0.029280   0.027370
0.576277   0.447167   0.857924   -0.000310   -0.038010   -0.033100   0.025200
0.480732   0.292785   0.979608   0.045350   0.002400   -0.011970   0.023480
0.429733   0.152031   0.802372   0.003900   -0.006140   -0.057270   0.028870
0.396412   0.136915   0.736238   -0.016490   -0.021010   -0.051910   0.029190
-0.696477   0.075414   1.935398   0.032240   -0.045080   -0.036860   0.033280
-0.580827   0.226989   2.068476   -0.000820   0.023930   -0.042850   0.024540
-0.661638   0.426388   2.202363   0.033950   0.022340   -0.029440   0.025090
-0.613329   0.294427   1.872051   -0.015680   -0.053520   -0.028020   0.031200
-0.350902   0.312280   2.412035   0.044450   -0.024470   -0.006910   0.025600
-0.391045   0.155913   2.100069   -0.000990   -0.035990   -0.034440   0.024910
-0.322370   0.094416   1.905388   0.011760   -0.065550   -0.002220   0.033320
-0.547464   0.263499   1.775801   -0.010750   0.003090   -0.049680   0.025460
-0.501669   0.326942   1.633291   -0.040480   0.024100   -0.008340   0.023920
-0.750303   -0.151986   1.720575   -0.029360   0.047780   -0.008900   0.028390
-0.690164   -0.081995   1.693242   -0.016440   -0.011420   -0.048620   0.026290
-0.639029   0.077142   1.580650   -0.036960   0.042660   -0.027340   0.031360
-0.737105   -0.031807   1.018260   0.011780   0.039420   -0.009170   0.021070
-0.628181   -0.088879   1.087767   0.017330   -0.013070   -0.065260   0.034390
-0.516112   -0.151839   1.107755   -0.004660   0.030990   -0.037450   0.024420
-0.436486   -0.197413   1.239764   0.025480   -0.037060   0.016740   0.023990
-0.847989   -0.240003   0.916366   0.018650   -0.002070   -0.053840   0.028510
-0.742254   -0.250345   1.034669   -0.003160   -0.021040   -0.051820   0.028010
-0.603566   -0.214930   1.059107   0.008420   -0.035650   -0.008920   0.018850
-0.050519   -0.267787   0.738066   0.015450   0.033050   -0.047600   0.029980
