438
-0.00000   -0.00000   0.00000   0.07257   0.08666   0.41450   0.04771
0.07257   0.08666   0.41450   -0.40745   0.27100   0.20300   0.03718
-0.33488   0.35766   0.61750   -0.19899   0.02611   0.49419   0.03152
-0.53387   0.38377   1.11169   -0.06510   0.12008   0.79350   0.02786
-0.59897   0.50385   1.90519   -0.10208   0.05653   0.55949   0.02657
-0.70100   0.56035   2.46440   0.13828   0.04281   0.25193   0.01383
-0.70105   0.56038   2.46468   -0.09330   0.01220   0.25692   0.00500
-0.69595   0.55755   2.43671   -0.09350   -0.33716   0.14851   0.00500
-0.78867   0.22320   2.58398   -0.01368   -0.07250   0.07895   0.00500
-0.71932   0.47327   2.47384   0.02340   -0.40658   0.13272   0.00500
-0.69594   0.55755   2.43670   -0.27155   0.31605   0.10658   0.00500
-0.68574   0.55190   2.38075   0.05567   -0.11696   0.03985   0.00500
-0.63007   0.43494   2.42060   0.05145   -0.10843   0.23215   0.00500
-0.63007   0.43494   2.42060   0.02742   -0.09615   -0.11002   0.00500
-0.60265   0.33879   2.31058   -0.17520   -0.15501   -0.07728   0.00500
-0.67043   0.54342   2.29683   0.06046   -0.13893   0.20422   0.00500
-0.70105   0.56038   2.46468   -0.18313   -0.07892   -0.05103   0.00500
-0.65001   0.53211   2.18493   0.02353   -0.10702   0.21617   0.00500
-0.63980   0.52646   2.12898   -0.10750   -0.13737   -0.06089   0.00500
-0.69251   0.45910   2.09912   -0.14897   0.06950   0.03870   0.00500
-0.61939   0.51516   2.01709   -0.06362   0.22875   0.07696   0.01086
-0.67346   0.70959   2.08250   -0.16548   0.04668   0.01848   0.00500
-0.68209   0.74062   2.09294   -0.06462   0.10508   0.03541   0.00500
-0.74671   0.84570   2.12835   -0.09168   0.16978   0.27259   0.00500
-0.67346   0.70958   2.08250   -0.36931   0.22118   0.23436   0.00500
-0.60918   0.50950   1.96114   -0.02868   -0.09989   0.03883   0.00500
-0.63769   0.41020   1.99974   -0.06597   -0.10067   0.10000   0.00500
-0.63785   0.40963   1.99996   -0.24515   -0.16850   -0.01246   0.00500
-0.63785   0.40963   1.99996   0.00819   -0.20758   0.07722   0.00500
-0.61428   0.51233   1.98911   -0.06145   0.17733   0.33026   0.00500
-0.65001   0.53212   2.18494   0.09975   -0.22278   0.39850   0.01443
-0.55347   0.31650   2.57062   0.00163   -0.05951   0.23792   0.00500
-0.56814   0.34926   2.51202   -0.04962   0.00087   0.24945   0.00500
-0.57520   0.36503   2.48381   0.02302   -0.25639   0.01271   0.00500
-0.59246   0.49184   1.82584   -0.09188   -0.18233   -0.02079   0.00500
-0.68362   0.31093   1.80521   -0.28736   -0.38906   -0.02042   0.00500
-0.59246   0.49184   1.82584   -0.24784   -0.03776   -0.06288   0.00500
-0.58269   0.47383   1.70681   -0.23128   -0.08206   -0.03262   0.00500
-0.80938   0.39340   1.67484   -0.13324   -0.03251   0.03315   0.00500
-0.79086   0.39997   1.67745   -0.19239   -0.24409   0.05315   0.00500
-0.76772   0.40818   1.68071   -0.13998   0.11451   -0.16145   0.00500
-0.69833   0.43280   1.69050   -0.09595   -0.01215   0.10292   0.00500
-0.57456   0.45882   1.60763   -0.04768   0.23629   -0.01895   0.00500
-0.62224   0.69511   1.58868   0.03560   0.14457   -0.18372   0.00500
-0.58664   0.83968   1.40496   0.03103   0.24584   -0.31284   0.00500
-0.60978   0.74571   1.52437   -0.08732   0.50016   0.11782   0.00500
-0.62224   0.69511   1.58868   0.07773   0.29396   0.04637   0.00500
-0.61509   0.65967   1.59152   -0.41723   0.30531   0.22434   0.00500
-0.62224   0.69511   1.58868   -0.07974   0.10840   -0.15635   0.00500
-0.60555   0.61241   1.59531   -0.18532   0.11993   0.11607   0.00500
-0.60078   0.58877   1.59721   -0.03710   0.06633   0.30128   0.00500
-0.57944   0.46783   1.66714   -0.08561   -0.07310   -0.10302   0.00500
-0.66476   0.39497   1.56446   -0.15268   -0.18386   -0.13947   0.00500
-0.57618   0.46182   1.62746   -0.05125   -0.16838   0.11104   0.00500
-0.56845   0.44756   1.53324   0.12828   0.57641   -0.04461   0.00500
-0.56439   0.44006   1.48364   -0.08817   0.09605   -0.01237   0.00500
-0.65256   0.53612   1.47127   0.13319   0.50655   -0.17525   0.00500
-0.56439   0.44006   1.48365   -0.19475   0.17452   0.15325   0.00500
-0.56235   0.43631   1.45885   0.03771   0.01247   0.10063   0.00500
-0.56967   0.44981   1.54811   0.12489   0.07448   -0.17222   0.00500
-0.44478   0.52429   1.37589   0.08538   0.09937   -0.15447   0.00500
-0.55340   0.41979   1.34974   -0.06789   -0.04244   0.07405   0.00500
-0.55014   0.41379   1.31006   0.02496   -0.14348   0.04830   0.00500
-0.52518   0.27031   1.35836   0.05405   -0.09362   -0.05697   0.00500
-0.47113   0.17669   1.30139   -0.10720   -0.36574   -0.05251   0.00500
-0.48359   0.19826   1.31452   -0.07632   -0.08549   -0.10935   0.00500
-0.53387   0.38377   1.11169   0.24503   -0.20104   0.38226   0.00500
-0.28884   0.18273   1.49394   0.20713   -0.05259   0.18796   0.00500
-0.14385   0.14592   1.62551   0.01237   0.21193   0.10105   0.00500
-0.16456   0.15118   1.60672   0.14408   -0.14614   -0.07083   0.00500
-0.31334   0.20283   1.45572   -0.11471   0.04119   0.17552   0.00500
-0.35009   0.23299   1.39839   0.10817   0.00871   0.03055   0.00500
-0.36235   0.24304   1.37927   -0.12441   -0.24680   0.08999   0.00500
-0.36235   0.24304   1.37927   0.21541   -0.06589   -0.09251   0.00500
-0.38685   0.26315   1.34104   -0.02595   0.08088   0.06720   0.00500
-0.55015   0.41379   1.31007   0.01297   -0.11532   -0.04380   0.00500
-0.53750   0.30133   1.26736   -0.12897   -0.30530   -0.07042   0.00500
-0.54236   0.34460   1.28379   -0.08542   -0.07742   -0.11920   0.00500
-0.53717   0.29846   1.26626   -0.00818   -0.19403   -0.23897   0.00500
-0.53997   0.39503   1.18608   0.04699   0.12964   0.00783   0.00500
-0.49298   0.52469   1.19391   0.08468   0.02824   -0.21755   0.00500
-0.53387   0.38377   1.11169   -0.16809   0.15715   -0.07980   0.00500
-0.70102   0.54004   1.03234   -0.11399   0.18779   0.04504   0.00500
-0.81501   0.72783   1.07738   -0.00728   0.24439   0.38134   0.00500
-0.81501   0.72783   1.07738   -0.20951   0.12614   0.03059   0.00500
-0.53387   0.38377   1.11169   -0.19872   -0.08547   0.03262   0.00500
-0.68292   0.31966   1.13616   -0.07381   0.08156   -0.01784   0.00500
-0.64317   0.33676   1.12963   -0.07969   0.08930   0.14681   0.00500
-0.62330   0.34531   1.12637   -0.03533   -0.19274   -0.03885   0.00500
-0.48412   0.37724   0.98814   0.01358   -0.11354   0.24680   0.00500
-0.48412   0.37724   0.98815   0.09046   -0.36960   0.07215   0.00500
-0.50402   0.37985   1.03756   -0.02425   -0.14286   -0.12236   0.00500
-0.52827   0.23699   0.91520   0.00917   -0.14290   -0.09300   0.00500
-0.46423   0.37463   0.93873   -0.12895   -0.04791   -0.15320   0.00500
-0.43437   0.37071   0.86459   -0.10848   -0.17147   -0.07263   0.00500
-0.54285   0.19925   0.79196   -0.12879   -0.31847   -0.07291   0.00500
-0.51030   0.25069   0.81375   -0.13447   0.06677   -0.09310   0.00500
-0.53515   0.34828   0.85447   -0.01845   0.13753   -0.17978   0.00500
-0.40453   0.36680   0.79047   -0.01438   0.13767   0.08075   0.00500
-0.41886   0.50403   0.87096   -0.07068   0.06929   -0.02775   0.00500
-0.48955   0.57332   0.84321   -0.21093   -0.14116   -0.49474   0.00500
-0.40453   0.36680   0.79047   -0.46284   0.41616   -0.16415   0.00500
-0.33488   0.35766   0.61750   0.03077   0.00228   -0.06740   0.00500
-0.37468   0.36288   0.71634   0.12857   0.17326   0.02642   0.00500
-0.33488   0.35766   0.61750   -0.23606   0.05223   -0.09200   0.00500
-0.37468   0.36288   0.71634   -0.08614   -0.13751   0.06684   0.00500
-0.46082   0.22537   0.78318   -0.12137   -0.17130   -0.15062   0.00500
-0.57971   0.05758   0.63564   -0.10881   -0.40902   0.10241   0.00500
-0.55185   0.09689   0.67021   -0.20314   0.01403   -0.01941   0.00500
-0.52150   0.13972   0.70787   -0.36403   -0.29073   0.09905   0.00500
-0.50937   0.15685   0.72293   0.14619   -0.21499   -0.04600   0.00500
-0.46082   0.22537   0.78318   0.03117   -0.08389   0.10025   0.00500
-0.25445   0.30417   0.57743   0.00541   0.18339   -0.04414   0.00500
-0.24904   0.48756   0.53329   -0.45199   0.39826   -0.27402   0.00500
-0.15153   0.23571   0.52615   0.08478   0.07229   -0.14232   0.00500
-0.06675   0.30800   0.38383   -0.07557   0.04491   -0.19277   0.00500
-0.10065   0.27909   0.44075   -0.20835   0.04314   -0.24480   0.00500
-0.07004   0.18151   0.48555   0.05872   -0.07039   -0.20492   0.00500
0.01145   0.12731   0.44495   -0.06326   0.12308   -0.04864   0.00500
-0.02929   0.15441   0.46525   -0.21811   0.12461   -0.23070   0.00500
-0.11078   0.20861   0.50585   0.02475   -0.00790   0.10440   0.00500
0.07257   0.08666   0.41450   -0.31952   -0.31787   0.62798   0.02842
-0.24509   -0.22936   1.03882   -0.16812   -0.18115   0.55499   0.03001
-0.41321   -0.41051   1.59382   -0.25108   -0.02580   0.59988   0.02888
-0.66429   -0.43631   2.19370   0.08754   0.02357   0.37115   0.01368
-0.57675   -0.41274   2.56486   -0.06372   0.03998   0.11726   0.00500
-0.61318   -0.42255   2.41042   -0.08748   -0.08197   0.16781   0.00500
-0.62777   -0.42648   2.34855   -0.17430   0.10891   0.21386   0.00500
-0.63907   -0.42952   2.30064   -0.13255   -0.14008   0.24192   0.00500
-0.65404   -0.43355   2.23716   -0.19444   0.15446   0.20760   0.00500
-0.66429   -0.43631   2.19370   -0.09013   -0.17083   0.14428   0.00500
-0.74718   -0.59342   2.32639   -0.01366   -0.03827   0.31258   0.00500
-0.74134   -0.58234   2.31704   -0.19575   -0.26365   0.26743   0.00500
-0.65174   -0.43502   2.16371   -0.03521   0.04328   0.02560   0.00500
-0.68695   -0.39175   2.18931   -0.14478   0.18659   -0.00515   0.00500
-0.61408   -0.43115   2.07373   -0.10740   -0.11708   0.03103   0.00500
-0.72148   -0.54824   2.10476   -0.07658   -0.11141   -0.05819   0.00500
-0.79806   -0.65965   2.04657   0.00506   -0.11633   -0.11403   0.00500
-0.79300   -0.77598   1.93254   -0.04019   -0.40555   0.07101   0.00500
-0.79806   -0.65965   2.04657   -0.07083   -0.50365   0.24410   0.00500
-0.55130   -0.42470   1.92375   -0.11827   0.15136   0.00454   0.00500
-0.66500   -0.27919   1.92811   -0.53121   0.48353   0.22451   0.00500
-0.66957   -0.27334   1.92829   -0.11823   0.11329   0.29513   0.00500
-0.53344   -0.42287   1.88107   0.00169   -0.08772   0.02025   0.00500
-0.53183   -0.50629   1.90033   -0.25822   -0.38171   -0.12262   0.00500
-0.56386   -0.42599   1.95375   0.22124   -0.43092   0.20288   0.00500
-0.41321   -0.41051   1.59382   0.10638   -0.12915   0.21870   0.00500
-0.30683   -0.53966   1.81252   0.24460   0.08778   0.24587   0.00500
-0.17231   -0.49138   1.94774   -0.09026   0.02232   0.14694   0.00500
-0.16008   -0.48699   1.96004   0.12017   -0.07340   0.12842   0.00500
-0.22123   -0.50894   1.89857   0.23078   -0.35439   0.39923   0.00500
-0.30683   -0.53966   1.81252   -0.01230   -0.09057   0.04270   0.00500
-0.31771   -0.61979   1.85030   0.04075   -0.44124   -0.06960   0.00500
-0.31667   -0.61211   1.84668   0.05043   -0.35176   0.15897   0.00500
-0.31215   -0.53320   1.80159   0.05287   -0.04181   -0.01484   0.00500
-0.25929   -0.57501   1.78675   0.05689   -0.07760   -0.13642   0.00500
-0.20240   -0.65261   1.65033   0.12411   -0.18360   -0.15339   0.00500
-0.25929   -0.57501   1.78675   0.18844   -0.27099   0.07481   0.00500
-0.33875   -0.50091   1.74691   -0.08075   -0.18748   0.18372   0.00500
-0.41321   -0.41051   1.59382   0.01760   -0.06105   -0.01456   0.00500
-0.41321   -0.41051   1.59381   -0.13587   0.23400   0.24982   0.00500
-0.54908   -0.17651   1.84363   -0.19034   0.15163   0.20789   0.00500
-0.54908   -0.17651   1.84363   -0.15800   0.26849   0.00710   0.00500
-0.53549   -0.19991   1.81865   -0.03083   0.10517   0.22864   0.00500
-0.38864   -0.38404   1.51272   0.02701   0.22675   0.20255   0.00500
-0.36163   -0.15728   1.71527   0.07693   0.24174   0.15493   0.00500
-0.28470   0.08446   1.87020   0.08805   -0.00971   0.28424   0.00500
-0.29240   0.06028   1.85471   0.02507   0.15476   -0.00207   0.00500
-0.29240   0.06028   1.85471   -0.03852   0.01968   0.11875   0.00500
-0.35009   -0.12102   1.73851   -0.11128   0.14431   0.10219   0.00500
-0.36974   -0.22531   1.65451   -0.17650   0.10565   -0.01273   0.00500
-0.38823   -0.38360   1.51136   -0.01082   -0.06593   0.00633   0.00500
-0.39905   -0.44953   1.51769   -0.11896   -0.15527   -0.17940   0.00500
-0.51554   -0.60158   1.34201   0.01342   -0.14170   -0.07693   0.00500
-0.49231   -0.57125   1.37705   -0.28736   -0.03728   -0.17045   0.00500
-0.30394   0.02402   1.83147   -0.01738   0.02052   0.13275   0.00500
-0.36237   -0.35572   1.42597   -0.00408   0.20415   0.22191   0.00500
-0.36643   -0.15233   1.64706   0.03590   0.09354   -0.00027   0.00500
-0.33053   -0.05878   1.64679   0.05388   0.14775   -0.19209   0.00500
-0.27665   0.08896   1.45471   0.01393   0.11859   -0.27701   0.00500
-0.29551   0.03725   1.52193   -0.02907   0.09972   -0.09785   0.00500
-0.36645   -0.15157   1.64788   -0.03734   0.20294   -0.04739   0.00500
-0.33926   -0.33083   1.34969   0.09470   -0.22575   -0.02746   0.00500
-0.24816   -0.54799   1.32328   -0.04194   -0.11776   -0.02674   0.00500
-0.29011   -0.66576   1.29653   -0.17175   -0.14791   -0.17968   0.00500
-0.30478   -0.29367   1.23586   -0.00400   -0.16328   -0.03312   0.00500
-0.30873   -0.45494   1.20315   0.01137   -0.16468   -0.08555   0.00500
-0.29736   -0.61962   1.11760   -0.00106   -0.00411   -0.25455   0.00500
-0.29842   -0.62373   0.86305   -0.11222   0.09590   -0.11189   0.00500
-0.29810   -0.62251   0.93871   -0.17544   -0.39292   -0.08342   0.00500
-0.29752   -0.62024   1.07942   -0.03859   -0.16359   -0.03347   0.00500
-0.30262   -0.54338   1.15720   -0.05191   -0.02633   -0.08723   0.00500
-0.35400   -0.56944   1.07087   -0.20015   -0.26561   -0.10578   0.00500
-0.29963   -0.58668   1.13471   -0.03696   -0.17163   0.19771   0.00500
-0.30361   -0.52904   1.16465   0.03795   -0.00741   -0.00275   0.00500
-0.30618   -0.29519   1.24051   -0.49528   0.00956   0.18669   0.00500
-0.30107   -0.28968   1.22362   -0.20880   -0.20855   0.26909   0.00500
-0.30877   -0.45679   1.20277   0.05382   -0.23794   0.00268   0.00500
-0.25495   -0.69473   1.20545   0.02915   -0.26931   -0.14449   0.00500
-0.27126   -0.25756   1.12522   -0.41621   0.20616   0.10293   0.00500
-0.27941   -0.26634   1.15213   -0.05149   -0.13640   -0.06657   0.00500
-0.33090   -0.40274   1.08556   -0.01579   -0.09652   -0.11088   0.00500
-0.34669   -0.49926   0.97468   -0.09693   -0.24825   -0.15783   0.00500
-0.33485   -0.42687   1.05784   -0.16492   -0.21970   -0.21499   0.00500
-0.32318   -0.38228   1.09555   -0.01317   -0.17046   0.15876   0.00500
0.07228   0.08631   0.41283   0.17133   -0.07283   0.75431   0.02666
0.24287   0.01379   1.16391   -0.14952   -0.08022   1.32316   0.02375
0.10006   -0.06283   2.42776   -0.04686   -0.03134   0.13879   0.00500
0.09335   -0.06643   2.48707   0.06534   0.00726   0.30752   0.00500
0.05319   -0.09417   2.56656   0.15682   -0.09040   0.25369   0.00500
0.09432   -0.06591   2.47854   0.00151   0.09277   0.18534   0.00500
0.09582   0.02649   2.66315   0.08715   0.07581   0.22063   0.00500
0.09538   -0.00097   2.60828   0.18284   0.06228   0.27492   0.00500
0.10084   -0.06241   2.42081   -0.09634   0.16557   0.10607   0.00500
0.10056   -0.05989   2.43401   0.01798   0.22044   0.16930   0.01241
0.11854   0.16054   2.60330   0.19032   -0.06135   0.25905   0.00500
0.11854   0.16054   2.60330   0.00552   -0.01367   0.15001   0.00500
0.10945   -0.05779   2.34467   -0.06216   -0.01602   0.01497   0.00500
0.04755   -0.07374   2.35958   -0.10814   -0.16170   0.34611   0.00500
0.10763   -0.05877   2.36073   -0.16326   0.00977   -0.01502   0.00500
-0.05564   -0.04900   2.34571   -0.06542   -0.14393   -0.00235   0.00500
0.12293   -0.05056   2.22532   -0.25023   -0.04822   0.05247   0.00500
0.12782   -0.04793   2.18204   -0.08106   -0.07951   -0.03700   0.00500
0.04677   -0.12744   2.14505   -0.03415   -0.11761   -0.11451   0.00500
0.13627   -0.04340   2.10728   -0.11637   0.02420   0.15889   0.00500
0.14805   -0.03708   2.00305   -0.11003   -0.08486   -0.11615   0.00500
0.19802   -0.01027   1.56086   -0.10622   -0.15784   -0.02749   0.00500
0.09210   -0.16766   1.53345   -0.24678   -0.24773   0.02857   0.00500
0.21965   0.00134   1.36939   -0.02669   -0.24535   0.30665   0.00500
0.22872   0.01981   1.10158   -0.03385   0.07575   -0.01682   0.00500
0.19543   0.09429   1.08505   -0.07992   0.06448   -0.13934   0.00500
0.11551   0.15877   0.94571   -0.12370   -0.02900   -0.19142   0.00500
0.19486   0.09557   1.08476   -0.01298   0.28809   0.06850   0.00500
0.20520   0.02981   0.99803   0.09748   0.13568   0.06748   0.00500
0.30170   0.16414   1.06484   0.36616   0.45913   -0.13867   0.00500
0.30268   0.16549   1.06551   0.24232   0.08235   0.36494   0.00500
0.19221   0.03533   0.94084   0.25167   0.10440   0.01309   0.00500
0.15339   0.05183   0.76992   0.33849   0.21939   0.03468   0.00500
0.49188   0.27122   0.80460   0.14534   0.61031   -0.27772   0.00500
0.44111   0.23832   0.79940   0.00525   0.38886   -0.21957   0.00500
0.44111   0.23832   0.79940   0.09206   -0.03926   -0.06569   0.00500
0.33956   0.17250   0.78900   0.37715   -0.17231   0.02984   0.00500
0.05636   0.10019   0.39313   -0.00791   -0.17890   0.30636   0.03124
0.04868   -0.07348   0.69052   0.07803   -0.50333   0.21401   0.01721
0.12671   -0.57681   0.90453   0.14266   -0.23360   0.12184   0.01600
0.26545   -0.80399   1.02303   0.14907   -0.33970   0.30284   0.01574
0.41452   -1.14369   1.32587   -0.01282   -0.31346   0.35015   0.01400
0.40170   -1.45715   1.67602   -0.07015   -0.18373   0.55587   0.01300
0.33155   -1.64088   2.23189   -0.01021   0.09816   0.09899   0.00500
0.32134   -1.54271   2.33089   0.03755   0.06166   0.23173   0.00500
0.34063   -1.61710   2.15995   0.20400   -0.03714   0.26540   0.00500
0.34909   -1.59495   2.09292   0.18923   -0.24645   -0.03052   0.00500
0.50992   -1.80441   2.06698   0.22290   -0.07688   -0.06828   0.00500
0.53831   -1.84139   2.06240   0.16681   -0.10723   0.08359   0.00500
0.49100   -1.77978   2.07003   0.24790   -0.07494   0.10973   0.00500
0.47207   -1.75512   2.07308   0.36043   -0.03206   -0.03029   0.00500
0.34681   -1.60092   2.11099   0.01251   0.15849   0.04369   0.00500
0.35961   -1.56739   2.00955   -0.02188   -0.13301   0.20302   0.00500
0.36312   -1.55820   1.98175   -0.06232   0.11345   0.33141   0.00500
0.30080   -1.44475   2.31316   -0.02532   0.17453   0.25700   0.00500
0.36305   -1.55838   1.98228   -0.09609   -0.12102   -0.01816   0.00500
0.26696   -1.67939   1.96412   -0.11602   0.03793   -0.13205   0.00500
0.30715   -1.62878   1.97171   -0.03169   0.02560   -0.00535   0.00500
0.27546   -1.60318   1.96636   -0.20940   0.05007   -0.02363   0.00500
0.36662   -1.54901   1.95395   0.07993   -0.22323   0.02252   0.00500
0.39060   -1.61598   1.96071   0.12684   -0.07974   0.10594   0.00500
0.37364   -1.53064   1.89836   0.03036   0.16211   0.34392   0.00500
0.40390   -1.36907   2.24114   0.09792   0.23570   0.47157   0.00500
0.46265   -1.22766   2.52406   0.05093   0.18430   0.10012   0.00500
0.44306   -1.27480   2.42975   0.17525   0.09681   0.21028   0.00500
0.40879   -1.35730   2.26469   0.17860   -0.03274   0.46076   0.00500
0.47131   -1.36876   2.42598   0.13459   0.08850   0.16412   0.00500
0.39641   -1.40906   2.15630   0.28929   0.21457   0.31293   0.00500
0.39034   -1.44148   2.08752   0.19706   0.03454   0.14119   0.00500
0.38123   -1.49011   1.98435   0.08905   0.14915   -0.01369   0.00500
0.37715   -1.52145   1.87057   0.04165   -0.20810   0.01872   0.00500
0.40422   -1.65673   1.88274   0.10932   -0.07889   0.09725   0.00500
0.38065   -1.51227   1.84278   -0.16972   -0.01365   -0.11883   0.00500
0.21093   -1.52592   1.72395   -0.22939   0.09870   0.05497   0.00500
0.21093   -1.52592   1.72395   0.01662   -0.12087   -0.05733   0.00500
0.22755   -1.64679   1.66662   -0.09896   -0.08470   -0.25460   0.00500
0.39118   -1.48471   1.75940   -0.03214   -0.18867   0.00133   0.00500
0.40170   -1.45715   1.67602   0.07192   -0.22097   -0.09858   0.00500
0.47362   -1.67812   1.57744   0.28983   -0.13733   -0.14654   0.00500
0.43406   -1.55658   1.63166   0.14145   -0.20917   0.05742   0.00500
0.40170   -1.45715   1.67602   -0.16671   0.18721   0.25035   0.00500
0.23627   -1.27138   1.92444   -0.14713   0.08283   0.49321   0.00500
0.16271   -1.22996   2.17105   0.04087   0.06792   0.02330   0.00500
0.27666   -1.31674   1.86378   -0.00064   0.19618   0.21324   0.00500
0.40490   -1.37878   1.58847   0.03455   -0.02320   0.19253   0.00500
0.43945   -1.40198   1.78100   0.07140   0.05764   0.15973   0.00500
0.40490   -1.37878   1.58847   -0.02903   -0.10401   -0.01646   0.00500
0.37587   -1.48279   1.57201   -0.02780   -0.03802   -0.03311   0.00500
0.34807   -1.52081   1.53890   -0.27440   -0.09404   -0.06054   0.00500
0.40875   -1.28475   1.48344   -0.07601   -0.01911   0.21154   0.00500
0.33274   -1.30386   1.69497   -0.04483   0.00852   0.21178   0.00500
0.33274   -1.30386   1.69497   -0.15442   0.17685   0.18724   0.00500
0.34794   -1.30004   1.65267   0.11255   0.10441   0.33113   0.00500
0.41131   -1.22205   1.41340   0.11517   -0.10878   0.18408   0.00500
0.41195   -1.20638   1.39589   0.02384   -0.02268   0.08855   0.00500
0.43579   -1.22906   1.48444   0.08330   0.14434   0.24938   0.00500
0.40939   -1.26907   1.46592   0.00358   -0.12535   -0.02061   0.00500
0.41293   -1.39300   1.44555   -0.02490   -0.03989   -0.03366   0.00500
0.38803   -1.43290   1.41188   -0.16766   0.04924   -0.27813   0.00500
0.22037   -1.38366   1.13376   -0.16862   -0.09723   -0.21628   0.00500
0.39961   -1.10971   1.29557   0.12299   -0.31612   -0.10372   0.00500
0.52054   -1.42054   1.19359   0.09488   -0.43633   0.01317   0.00500
0.50672   -1.38501   1.20525   0.00908   -0.00185   -0.09747   0.00500
0.51578   -1.38685   1.10798   0.17902   -0.41337   -0.17042   0.00500
0.41451   -1.14368   1.32586   -0.10638   -0.15395   -0.04305   0.00500
0.36979   -1.04177   1.23500   -0.01226   -0.02338   -0.01139   0.00500
0.35489   -1.00780   1.20472   0.04618   -0.21708   -0.07555   0.00500
0.39414   -1.19233   1.14050   -0.00570   -0.10627   0.13130   0.00500
0.40107   -1.22489   1.12917   0.48266   -0.22976   -0.35523   0.00500
0.38029   -1.12720   1.16317   0.13655   -0.06380   -0.01158   0.00500
0.33252   -0.95684   1.15929   0.11588   0.22190   0.05232   0.00500
0.32507   -0.93986   1.14415   0.05341   -0.04296   -0.03054   0.00500
0.28781   -0.85494   1.06845   -0.16057   -0.04419   0.09618   0.00500
0.30271   -0.88890   1.09872   0.04628   -0.24187   -0.06779   0.00500
0.34899   -1.13078   1.03093   0.25467   -0.08690   -0.03654   0.00500
0.34668   -1.11868   1.03432   0.21950   -0.11208   -0.27818   0.00500
0.33742   -1.07031   1.04788   0.08046   -0.04304   -0.14206   0.00500
0.32547   -1.00783   1.06539   0.21716   -0.04004   -0.04673   0.00500
0.24803   -0.77547   1.00815   -0.21028   -0.24165   -0.09426   0.00500
0.21944   -0.72865   0.98373   -0.05341   -0.14211   -0.05123   0.00500
0.16603   -0.87076   0.93250   0.10729   -0.49367   -0.07435   0.00500
0.19804   -0.69361   0.96545   0.03521   -0.02032   0.10974   0.00500
0.23328   -0.71395   1.07530   0.20505   0.28356   0.04365   0.00500
0.23325   -0.71393   1.07519   0.53757   -0.02410   0.19175   0.00500
0.12671   -0.57681   0.90453   0.18997   -0.11639   -0.05108   0.00500
0.31666   -0.69319   0.85346   0.04536   -0.02663   -0.11867   0.00500
0.36202   -0.71982   0.73479   0.45031   0.07171   -0.17856   0.00500
0.33708   -0.70517   0.80005   0.09333   -0.17586   -0.11388   0.00500
0.16238   -0.63522   0.93500   0.38141   0.01559   0.11555   0.00500
0.12671   -0.57681   0.90453   0.17087   0.12605   -0.12086   0.00500
0.11110   -0.47614   0.86173   0.07969   -0.06757   0.36212   0.00500
0.10720   -0.45098   0.85103   0.59598   -0.14041   0.23674   0.00500
0.08379   -0.29998   0.78683   0.17738   -0.12716   0.01309   0.00500
0.07599   -0.24964   0.76543   0.04674   -0.21725   0.37330   0.00500
0.11805   -0.44516   1.10139   -0.16169   -0.04499   0.22087   0.00500
0.11338   -0.42344   1.06407   0.07301   -0.23632   0.00726   0.00500
0.10170   -0.36913   0.97074   0.17358   -0.09886   0.01829   0.00500
0.09235   -0.32568   0.89609   0.05502   0.05054   0.14814   0.00500
0.06428   -0.17414   0.73332   0.09253   -0.01557   -0.03696   0.00500
0.15681   -0.18971   0.69637   0.21786   -0.11254   -0.23844   0.00500
0.04876   -0.07176   0.68758   0.12901   -0.06455   -0.08351   0.00500
0.04876   -0.07176   0.68758   0.09949   -0.15738   0.30903   0.00500
0.14327   -0.22127   0.98115   0.02421   0.16117   0.10934   0.00500
0.16748   -0.06010   1.09049   -0.04576   0.05458   0.09907   0.00500
0.12834   -0.19766   0.93479   -0.12059   -0.19319   0.07552   0.00500
0.12338   -0.18980   0.91936   0.12728   0.01754   -0.01011   0.00500
0.10347   -0.15832   0.85754   -0.06135   0.08543   0.07588   0.00500
0.07100   0.08478   0.40552   -0.04083   0.15553   0.22462   0.02360
0.03125   0.23618   0.62418   0.09039   0.19647   0.11813   0.02536
0.12164   0.43265   0.74231   0.16692   0.34205   0.75070   0.02088
0.28809   0.77373   1.49088   -0.09576   0.27141   0.84009   0.01447
0.19248   1.04472   2.32967   -0.08817   0.01642   0.32976   0.00699
0.12634   1.05704   2.57705   -0.02838   -0.08334   0.06552   0.00500
0.11658   1.02840   2.59956   0.00777   -0.01871   0.13939   0.00500
0.14275   1.05398   2.51567   0.10364   -0.01169   0.20598   0.00500
0.15156   1.05234   2.48272   -0.12317   -0.11875   0.03588   0.00500
0.17042   1.04883   2.41217   0.13942   0.11799   0.08260   0.00500
0.30594   1.16352   2.49246   0.17724   0.04564   -0.10696   0.00500
0.19695   1.03206   2.29047   -0.08968   -0.10382   0.05830   0.00500
0.10728   0.92825   2.34876   0.00309   -0.22059   -0.05921   0.00500
0.20164   1.01876   2.24929   0.00991   -0.11645   0.12777   0.00500
0.21126   0.90566   2.37338   0.11000   -0.02260   0.12649   0.00500
0.31907   0.88351   2.49735   0.01140   0.00090   0.23768   0.00500
0.31292   0.88478   2.49028   0.08342   -0.13394   0.20708   0.00500
0.21133   0.90486   2.37426   -0.15108   -0.14119   0.11926   0.00500
0.22103   0.96381   2.07922   0.01395   -0.30733   0.35013   0.00500
0.23498   0.65648   2.42935   0.08236   -0.19198   0.17739   0.00500
0.27996   0.55161   2.52624   0.15584   -0.03023   0.07504   0.00500
0.23295   0.70116   2.37845   0.09466   -0.10343   0.29449   0.00500
0.23008   0.76423   2.30658   0.09894   -0.00920   0.32067   0.00500
0.22958   0.77535   2.29393   0.03234   -0.16456   -0.02937   0.00500
0.23483   0.65976   2.42560   0.15041   -0.18970   0.01916   0.00500
0.21602   0.97801   2.12317   0.05640   0.03388   0.12831   0.00500
0.27196   1.01161   2.25043   -0.03603   -0.12106   0.34437   0.00500
0.22591   0.94996   2.03637   0.12857   -0.02105   0.10630   0.00500
0.22611   0.94939   2.03461   -0.09574   -0.07967   -0.04277   0.00500
0.13287   0.87180   1.99295   -0.18690   -0.18960   0.09316   0.00500
0.23060   0.93668   1.99526   0.03397   0.17904   0.04252   0.00500
0.25040   1.04104   2.02004   -0.01895   0.08377   -0.14053   0.00500
0.24493   0.89607   1.86954   0.01196   0.39775   -0.19398   0.00500
0.25460   0.86866   1.78469   0.15018   0.03230   0.15643   0.00500
0.25952   0.85470   1.74150   0.07099   -0.11243   0.26556   0.00500
0.26413   0.84163   1.70104   0.15906   0.02419   0.09588   0.00500
0.26436   0.84098   1.69904   0.26171   0.30846   -0.01483   0.00500
0.26455   0.84044   1.69737   -0.05620   -0.03200   0.19277   0.00500
0.20901   0.80882   1.88787   -0.08040   -0.07637   -0.08931   0.00500
0.26888   0.82817   1.65940   0.12902   0.02745   0.05619   0.00500
0.27385   0.81410   1.61584   0.02380   -0.14812   0.37736   0.00500
0.27361   0.81477   1.61790   -0.01272   0.11748   -0.03888   0.00500
0.26089   0.93225   1.57902   -0.00569   0.35415   -0.01698   0.00500
0.27868   0.80040   1.57344   0.13750   -0.05079   0.00374   0.00500
0.28367   0.78627   1.52967   -0.03379   0.26923   0.00325   0.00500
0.27184   0.74044   1.41782   0.08254   -0.05285   -0.03828   0.00500
0.28790   0.77335   1.49004   -0.04264   0.03960   -0.02876   0.00500
0.24526   0.81295   1.46128   -0.05334   0.06745   -0.13543   0.00500
0.19192   0.88040   1.32585   -0.20409   0.24208   -0.11585   0.00500
0.21805   0.84736   1.39219   0.07702   0.07506   -0.10039   0.00500
0.25608   0.70813   1.34690   -0.07723   -0.06894   -0.12104   0.00500
0.28354   0.78663   1.53080   0.08450   -0.03087   -0.03199   0.00500
0.27979   0.75672   1.45354   0.17819   0.10514   -0.00099   0.00500
0.25494   0.70580   1.34178   0.06393   0.00598   0.23534   0.00500
0.30321   0.71031   1.51948   -0.02437   -0.16565   0.11445   0.00500
0.26352   0.72339   1.38040   -0.38334   -0.24063   0.21057   0.00500
0.23929   0.70818   1.39370   -0.19132   -0.38053   0.22573   0.00500
0.26368   0.72371   1.38110   -0.09160   -0.04070   -0.10065   0.00500
0.22423   0.64288   1.20369   0.03975   0.25663   0.09366   0.00500
0.21789   0.62987   1.17514   0.18714   -0.08687   0.28049   0.00500
0.19212   0.57708   1.05929   -0.17200   -0.22895   0.38048   0.00500
0.15939   0.53351   1.13169   0.00195   0.08492   0.24011   0.00500
0.16672   0.54327   1.11548   0.21312   0.07831   -0.02780   0.00500
0.20474   0.60292   1.11600   0.04712   0.10364   0.01121   0.00500
0.24980   0.70205   1.12672   0.06189   0.18066   -0.15014   0.00500
0.31081   0.88014   0.97872   0.43911   0.30562   0.01019   0.00500
0.30354   0.85890   0.99637   -0.03564   0.17601   -0.03971   0.00500
0.16277   0.51693   0.92728   0.05219   0.15266   0.02015   0.00500
0.21496   0.66959   0.94743   0.19757   0.18401   -0.12082   0.00500
0.29820   0.88525   0.99043   0.42474   0.31420   -0.00652   0.00500
0.29129   0.82316   1.02607   0.30744   -0.04763   -0.04922   0.00500
0.26558   0.74812   1.08844   0.14533   -0.03292   -0.09177   0.00500
0.13510   0.46024   0.80285   0.11646   0.29863   -0.06157   0.00500
0.24116   0.73218   0.74678   0.16044   -0.03902   -0.00472   0.00500
0.39948   0.69367   0.74212   0.28341   -0.15142   0.05398   0.00500
0.32907   0.71080   0.74419   0.35943   0.30129   -0.27420   0.00500
0.21765   0.67190   0.75921   0.21668   -0.05554   -0.03353   0.00500
0.18379   0.58509   0.77711   0.10210   -0.01463   -0.17757   0.00500
0.17193   0.55466   0.78338   -0.07545   0.09449   -0.03505   0.00500
0.15959   0.52303   0.78990   0.08573   -0.07024   -0.17950   0.00500
0.13630   0.46268   0.80822   -0.13367   0.13251   0.02814   0.00500
0.13680   0.46371   0.81048   0.22714   -0.00546   0.00733   0.00500
0.15621   0.50350   0.89779   -0.11188   0.04979   0.01821   0.00500
0.04538   0.55282   0.91583   -0.06538   0.11539   -0.22203   0.00500
-0.01898   0.66641   0.69727   0.06721   0.41000   -0.10198   0.00500
-0.02000   0.66821   0.69379   -0.26443   0.10226   -0.26030   0.00500
213
-0.76373   0.31312   2.54437   -0.04187   0.03259   -0.04301   0.03415
-0.71833   0.45612   2.47943   -0.00116   -0.02631   -0.05112   0.02875
-0.72310   0.58916   2.44736   0.03054   0.02668   -0.06608   0.03876
-0.58697   0.34959   2.60671   -0.02639   0.05804   0.02974   0.03518
-0.62321   0.41091   2.39310   0.05684   0.02458   -0.04053   0.03701
-0.82923   0.50514   2.42896   -0.00703   -0.04057   0.02808   0.02492
-0.82923   0.50514   2.42896   -0.03943   0.05614   0.03302   0.03807
-0.83839   0.50119   2.42641   0.03751   -0.00067   -0.05168   0.03193
-0.72041   0.42345   2.08332   -0.01795   0.04377   -0.05213   0.03520
-0.68383   0.74345   2.09390   0.03661   0.08965   0.03681   0.05180
-0.72086   0.80367   2.11419   0.03662   0.01545   0.04199   0.02891
-0.66074   0.66384   2.06711   0.04965   0.02627   0.03180   0.03227
-0.63785   0.40963   1.99996   0.05297   -0.02585   0.01382   0.03027
-0.63703   0.38885   2.00769   0.00790   -0.01056   -0.04849   0.02512
-0.55339   0.31364   2.58207   0.00153   -0.07381   -0.04671   0.04368
-0.55298   0.29865   2.64199   0.02923   0.03967   0.06712   0.04163
-0.62963   0.48618   1.81641   0.03783   -0.03614   0.03903   0.03264
-0.62462   0.42802   1.81856   -0.01995   0.06490   0.02440   0.03607
-0.78172   0.41962   1.66458   -0.00739   -0.01612   -0.06743   0.03486
-0.68679   0.43690   1.69213   0.01561   -0.01243   0.05795   0.03064
-0.59554   0.80353   1.45089   -0.04703   0.00608   -0.01088   0.02433
-0.49790   0.76458   1.50870   0.04213   -0.02369   -0.04322   0.03242
-0.61985   0.68329   1.58963   0.05909   0.01408   -0.04055   0.03652
-0.75637   0.28466   1.48079   -0.03852   0.03864   -0.02241   0.02949
-0.69530   0.35820   1.53657   0.03841   -0.02781   -0.03741   0.03020
-0.64365   0.41300   1.58987   -0.02196   0.06980   -0.04192   0.04217
-0.65256   0.53612   1.47127   0.01789   0.02613   0.05881   0.03340
-0.53845   0.46844   1.50505   0.07023   0.02788   0.01711   0.03874
-0.62129   0.37735   1.42379   -0.00236   0.03674   0.05698   0.03392
-0.62129   0.37735   1.42379   0.01314   -0.04225   -0.04470   0.03145
-0.58715   0.39869   1.38656   0.00069   0.06320   -0.00112   0.03160
-0.56698   0.41131   1.36455   0.01535   -0.06118   -0.02330   0.03362
-0.49005   0.20946   1.32133   0.05629   -0.01709   0.01935   0.03096
-0.49005   0.20946   1.32133   -0.05268   0.02349   -0.00057   0.02884
-0.53142   0.30618   1.34628   -0.05172   0.01444   -0.00700   0.02708
-0.15421   0.14855   1.61612   0.00347   0.02392   -0.04476   0.02543
-0.19563   0.15907   1.57853   0.01044   -0.06174   -0.01683   0.03242
-0.23706   0.16959   1.54093   -0.00823   0.06360   -0.03411   0.03632
-0.33054   0.20901   1.48204   0.01375   0.06462   0.02001   0.03451
-0.36235   0.24304   1.37927   -0.00706   0.03690   -0.04351   0.02874
-0.35166   0.23977   1.37468   -0.01516   -0.05110   -0.02753   0.02999
-0.39186   0.27875   1.35400   -0.06586   -0.01848   -0.00971   0.03455
-0.37460   0.25309   1.36016   0.00415   -0.03951   -0.03656   0.02699
-0.54301   0.35036   1.28598   0.05576   -0.01196   0.01973   0.03017
-0.54236   0.34460   1.28379   -0.06316   0.01210   -0.00166   0.03217
-0.54820   0.39649   1.30350   -0.07062   0.00895   -0.00632   0.03573
-0.50943   0.47929   1.19117   0.07693   0.00555   -0.01880   0.03970
-0.68292   0.31966   1.13616   -0.00442   0.03996   0.02920   0.02484
-0.60343   0.35385   1.12311   -0.00956   0.02560   -0.04783   0.02754
-0.52027   0.28415   0.95559   0.04219   -0.04451   -0.03216   0.03462
-0.51129   0.33700   1.00086   0.04597   -0.02397   -0.04745   0.03514
-0.46149   0.32784   0.84643   -0.02754   0.02756   -0.04197   0.02863
-0.46149   0.32784   0.84643   0.03264   -0.03111   -0.01106   0.02322
-0.48955   0.57333   0.84321   0.04309   -0.02170   -0.06835   0.04183
-0.44835   0.53294   0.85938   -0.06464   0.03877   0.04722   0.04447
-0.30411   0.35994   0.55010   0.07678   0.00723   -0.01678   0.03946
-0.52757   0.13116   0.70034   -0.03698   0.03639   -0.03354   0.03089
-0.47902   0.19968   0.76059   -0.02515   0.04624   -0.06777   0.04291
-0.45458   0.20859   0.80323   -0.02505   0.03652   0.02065   0.02443
-0.41345   0.30100   0.74642   -0.00785   -0.00224   -0.05118   0.02591
-0.08564   0.31923   0.33564   0.04210   0.03269   0.00734   0.02690
0.06507   0.10737   0.43814   0.00125   0.03072   0.02128   0.01869
0.06017   0.12603   0.46509   0.02811   -0.04402   -0.00807   0.02642
-0.04232   0.23192   0.40361   0.00044   -0.03225   -0.05830   0.03331
-0.75185   -0.59650   2.33140   0.05606   -0.05562   -0.02239   0.04105
-0.70034   -0.50464   2.25141   0.07450   0.03251   0.01288   0.04115
-0.68682   -0.47901   2.22977   -0.04311   -0.01755   -0.03875   0.03028
-0.75210   -0.30778   2.18699   0.00360   -0.01282   -0.06442   0.03289
-0.79806   -0.65965   2.04657   -0.09239   0.06898   -0.03663   0.06049
-0.76855   -0.61671   2.06900   0.06798   -0.04366   0.05267   0.04822
-0.64092   -0.46041   2.08149   0.04526   -0.04505   -0.02262   0.03387
-0.64046   -0.45991   2.08135   -0.04438   0.04714   -0.01447   0.03317
-0.70504   -0.23935   2.01683   0.00384   0.06577   -0.03208   0.03664
-0.53068   -0.49062   1.98418   -0.05896   -0.03784   -0.01871   0.03626
-0.11116   -0.46944   2.00921   0.01176   -0.01158   -0.05231   0.02743
-0.23346   -0.51333   1.88628   -0.07172   0.00445   -0.00213   0.03594
-0.29650   -0.75282   1.91027   -0.03272   0.03633   -0.02708   0.02794
-0.31585   -0.61786   1.84928   0.02369   0.00629   0.03810   0.02265
-0.21549   -0.63474   1.68174   0.03010   0.06513   0.00237   0.03590
-0.36002   -0.47508   1.70317   -0.02731   0.01050   -0.05142   0.02958
-0.53549   -0.19991   1.81865   0.04801   0.02736   -0.05917   0.04048
-0.54417   -0.18496   1.83461   0.04094   -0.01693   -0.05853   0.03670
-0.31862   -0.02211   1.80191   -0.02255   0.05565   -0.04758   0.03830
-0.36163   -0.15728   1.71527   0.06641   -0.05792   -0.00369   0.04410
-0.49350   -0.57281   1.37525   0.04232   -0.03400   -0.05813   0.03977
-0.41690   -0.47282   1.49078   0.02637   0.00978   -0.07266   0.03895
-0.31163   -0.00015   1.81598   -0.03457   -0.00307   -0.06419   0.03649
-0.36163   -0.15728   1.71527   0.05566   -0.05928   0.00275   0.04068
-0.29779   0.04508   1.51426   -0.01124   -0.03282   -0.03966   0.02635
-0.31167   -0.00707   1.57956   -0.02571   -0.02872   -0.04894   0.03115
-0.36583   -0.18220   1.61459   -0.04076   -0.02559   -0.04924   0.03443
-0.27298   -0.61766   1.30746   0.01217   -0.02764   0.06134   0.03419
-0.31072   -0.63817   1.19402   0.00435   -0.06297   -0.05234   0.04100
-0.29826   -0.62312   0.90123   -0.05260   -0.02094   -0.02862   0.03172
-0.38402   -0.60929   1.05500   -0.02567   0.05073   -0.00378   0.02849
-0.26532   -0.53652   1.16188   -0.00839   -0.06197   0.01829   0.03258
-0.26566   -0.53645   1.16190   0.01266   0.01872   -0.07340   0.03840
-0.44664   -0.51163   1.44593   0.00398   0.00634   -0.06360   0.03202
-0.44664   -0.51163   1.44593   0.04135   -0.02191   0.03537   0.02933
-0.25495   -0.69473   1.20545   -0.01904   0.01212   -0.04032   0.02310
-0.33208   -0.59496   0.82948   -0.01098   -0.06157   0.03463   0.03574
-0.33769   -0.59017   0.82389   0.07665   0.01850   -0.03035   0.04225
0.12929   -0.06243   2.65621   -0.00294   0.04962   -0.03647   0.03083
0.09505   -0.02118   2.56790   0.03241   0.03152   -0.04350   0.03137
0.10642   -0.06497   2.54858   -0.02456   -0.02704   0.02232   0.02141
0.11045   0.06135   2.52712   -0.02654   -0.00276   0.06847   0.03675
0.10416   -0.01580   2.46787   -0.03113   -0.05892   0.02676   0.03590
0.10416   -0.01580   2.46787   -0.07522   0.03837   -0.02352   0.04382
-0.05564   -0.04900   2.34571   -0.00235   -0.01450   0.04730   0.02476
0.08988   -0.05770   2.35910   -0.00143   0.01196   -0.05551   0.02840
-0.03972   -0.08190   2.25943   0.03170   -0.04718   0.02662   0.03138
-0.01747   -0.07761   2.25476   -0.01480   0.01443   -0.04036   0.02267
0.03994   -0.15096   2.12214   0.02310   -0.05070   0.03442   0.03274
0.04165   -0.14508   2.12787   0.02233   0.01061   -0.06551   0.03501
0.32001   0.18709   1.05791   -0.04356   0.05476   0.00025   0.03499
0.31070   0.16822   1.07760   0.04777   -0.03162   0.00185   0.02866
0.47157   0.11219   0.79944   0.04990   0.03779   -0.00543   0.03141
0.47157   0.11219   0.79944   -0.05571   -0.04090   -0.03123   0.03792
0.45803   0.24928   0.80113   -0.02158   0.04369   0.04054   0.03169
0.34950   -1.49646   2.50468   0.02438   -0.01519   -0.05541   0.03121
0.29573   -1.40985   2.36455   -0.04680   0.03903   -0.01958   0.03200
0.32849   -1.61143   2.26159   -0.05641   0.00862   -0.02309   0.03078
0.57679   -1.82748   2.04649   -0.01757   -0.00207   -0.04949   0.02628
0.53831   -1.84139   2.06240   -0.02531   -0.04739   -0.03759   0.03278
0.35244   -1.52960   2.13065   0.01125   0.02942   -0.07557   0.04093
0.34976   -1.62724   2.10090   0.04877   -0.03166   0.01886   0.03056
0.34976   -1.62724   2.10090   -0.06584   0.01544   0.02223   0.03559
0.31638   -1.47311   2.23031   0.09712   -0.02177   0.01985   0.05074
0.27176   -1.67335   1.96502   -0.03885   0.06683   -0.05876   0.04855
0.32942   -1.60073   1.97592   -0.03590   0.03249   0.01625   0.02553
0.39589   -1.61511   1.87900   0.01404   -0.05666   -0.03017   0.03285
0.39172   -1.59429   1.87713   -0.04206   0.04344   -0.06314   0.04371
0.45426   -1.36615   2.21889   -0.05614   0.00515   -0.02128   0.03013
0.37861   -1.58250   1.95733   -0.01867   -0.03761   0.00802   0.02138
0.40005   -1.63591   1.88087   -0.04039   0.03473   -0.06641   0.04257
0.24487   -1.52319   1.74771   -0.09789   0.04417   0.04921   0.05907
0.33822   -1.51568   1.81307   -0.06269   0.09990   0.02634   0.06042
0.35986   -1.51394   1.82821   -0.02094   -0.01241   -0.04412   0.02520
0.38154   -1.54129   1.75980   -0.00309   -0.01961   -0.05642   0.02991
0.37993   -1.55074   1.75986   -0.01405   0.03727   -0.06234   0.03699
0.47002   -1.66707   1.58237   -0.05253   0.00812   -0.03003   0.03052
0.41249   -1.49029   1.66123   0.07612   -0.00545   0.03248   0.04147
0.27665   -1.31112   1.86989   -0.08401   -0.00193   -0.04521   0.04771
0.33501   -1.38226   1.77616   0.01288   -0.07115   0.03210   0.03956
0.36002   -1.41034   1.73861   -0.03800   0.04834   -0.03990   0.03665
0.42564   -1.39270   1.70400   -0.00017   0.07285   -0.00477   0.03651
0.27949   -1.54432   1.52377   0.01981   -0.00006   -0.06325   0.03314
0.36615   -1.49609   1.56043   -0.04007   0.03946   -0.05696   0.04002
0.35920   -1.28959   1.68578   -0.01578   0.07691   -0.00969   0.03955
0.36695   -1.29526   1.59978   0.01275   -0.05487   -0.02883   0.03164
0.40619   -1.34744   1.55347   -0.07728   0.01947   -0.00896   0.04010
0.41136   -1.33801   1.45459   -0.02686   -0.00174   -0.07280   0.03881
0.22037   -1.38366   1.13376   0.04557   0.03252   -0.00449   0.02808
0.32096   -1.41320   1.30063   0.03402   -0.01150   -0.04005   0.02690
0.52172   -1.42597   1.19375   -0.00824   0.01627   0.06591   0.03419
0.51563   -1.38682   1.10959   -0.03313   0.04484   -0.02617   0.03079
0.32410   -1.27453   1.28926   -0.00575   0.04678   -0.05556   0.03643
0.36059   -1.05932   1.22645   -0.01925   0.00943   -0.06400   0.03375
0.39414   -1.19233   1.14050   0.06495   -0.01200   0.01185   0.03355
0.35570   -0.91246   1.16976   -0.04053   0.02051   -0.01377   0.02373
0.35570   -0.91246   1.16976   0.05403   -0.02857   -0.03327   0.03479
0.37661   -0.98131   1.11468   -0.01382   -0.00102   -0.07413   0.03771
0.39992   -1.14816   1.02362   0.03164   0.04420   -0.02332   0.02957
0.23325   -0.71393   1.07519   0.07005   -0.00796   -0.01358   0.03590
0.23618   -0.70994   1.07592   -0.04842   -0.00045   -0.04265   0.03226
0.32347   -0.69718   0.83565   -0.03158   0.03920   -0.00971   0.02563
0.14912   -0.56028   0.88868   0.00216   -0.03363   -0.07058   0.03911
0.15681   -0.18971   0.69637   -0.04729   -0.05969   -0.01778   0.03910
0.14294   -0.18737   0.70191   0.02269   0.07412   -0.00019   0.03875
0.15537   -0.14067   1.03583   -0.00893   0.02564   -0.06114   0.03345
0.16156   -0.18454   0.91633   0.00390   0.00339   -0.07138   0.03579
0.24313   0.91476   2.52592   -0.06349   0.01347   0.00309   0.03249
0.31775   1.16656   2.48533   -0.00178   -0.00904   -0.06302   0.03184
0.12073   0.94382   2.34002   0.00178   0.01414   -0.04090   0.02166
0.15659   0.98534   2.31670   0.02011   0.00219   -0.06181   0.03252
0.24313   0.91476   2.52592   -0.03735   0.06657   0.02729   0.04053
0.25739   0.63131   2.42848   0.03680   0.05875   0.04623   0.04166
0.22521   0.87162   2.18425   -0.06262   0.00235   -0.02675   0.03407
0.22242   0.93308   2.11423   0.05375   -0.01483   0.03112   0.03193
0.22242   0.93308   2.11423   -0.05946   -0.00556   0.01930   0.03138
0.24008   0.99246   2.17791   -0.03653   0.03278   -0.02153   0.02680
0.30306   0.93733   2.10015   0.01100   0.01673   -0.05640   0.02992
0.23312   0.94878   2.04233   0.03027   0.02725   -0.02903   0.02501
0.08615   0.82441   2.01624   0.04039   -0.02558   -0.07275   0.04353
0.19738   0.92549   2.02177   0.00664   0.00874   -0.06408   0.03251
0.24661   1.05780   1.99193   -0.03848   -0.02557   -0.03257   0.02826
0.24612   0.93585   1.85014   0.05421   0.02661   -0.02037   0.03186
0.26210   0.87027   1.79251   0.02806   0.00470   -0.02920   0.02038
0.26210   0.87027   1.79251   0.02384   -0.01639   0.03888   0.02423
0.26307   0.84908   1.75477   0.02375   0.00382   0.04364   0.02492
0.28005   0.84405   1.71063   0.00762   -0.00547   -0.04604   0.02349
0.13666   0.74009   1.80749   0.02330   0.02277   -0.03015   0.02219
0.21397   0.81164   1.87086   -0.01041   0.00317   -0.04679   0.02402
0.20747   0.80735   1.88615   0.06952   -0.00751   -0.04116   0.04057
0.34549   0.77572   1.57525   -0.02127   -0.04440   -0.03786   0.03105
0.27860   0.82665   1.53016   -0.01492   -0.00660   -0.05826   0.03025
0.31191   0.77626   1.52006   0.00502   -0.00266   -0.05256   0.02643
0.19389   0.87791   1.33085   -0.05890   -0.03655   0.03330   0.03845
0.31078   0.77668   1.52048   0.00917   -0.01763   -0.06604   0.03448
0.30074   0.72194   1.40441   0.00045   0.01092   -0.06034   0.03066
0.22016   0.67012   1.41629   0.01659   -0.05637   0.01162   0.02995
0.17188   0.68293   1.28023   0.02640   -0.01316   -0.03849   0.02425
0.22246   0.70540   1.33581   0.03474   0.01920   -0.05296   0.03309
0.17493   0.55419   1.09732   0.01079   0.06689   0.00327   0.03392
0.16105   0.60570   1.33579   0.05034   -0.01554   -0.01837   0.02790
0.15978   0.55049   1.17970   -0.04048   -0.03352   -0.02368   0.02882
0.28075   0.79237   1.05166   0.00586   -0.00647   -0.06606   0.03332
0.22685   0.65157   1.12126   0.02803   -0.00774   -0.04987   0.02886
0.34545   0.70681   0.74371   -0.00628   0.03082   0.05450   0.03146
0.29350   0.65246   0.74747   -0.01355   -0.01596   -0.05577   0.02979
0.28589   0.57046   0.59954   -0.01995   0.02731   -0.03486   0.02429
0.13797   0.59718   0.76761   0.02416   -0.00425   -0.04237   0.02448
-0.01821   0.66505   0.69989   -0.04877   0.00693   0.02038   0.02666
