621
-0.000000   -0.000000   0.000000   -0.048560   0.033810   0.450800   0.059560
-0.045872   0.031939   0.425850   0.208960   -0.000150   0.448500   0.028390
0.163091   0.031789   0.874358   -0.001610   -0.086640   0.693450   0.025000
0.161506   -0.053527   1.557209   -0.080520   -0.008190   0.354690   0.022820
0.080986   -0.061717   1.911899   -0.014290   -0.091960   0.520720   0.019180
0.066696   -0.153677   2.432619   0.004790   -0.077330   0.184810   0.009960
0.071486   -0.231007   2.617429   0.064190   -0.101420   0.088430   0.005000
0.070942   -0.222228   2.596448   0.040120   0.007190   0.120890   0.005000
0.071331   -0.228509   2.611458   0.011690   0.050410   0.129070   0.005000
0.066696   -0.153677   2.432619   0.056620   -0.464550   0.284010   0.005000
0.097837   -0.409175   2.588821   -0.083340   -0.126370   0.085710   0.005000
0.068839   -0.139884   2.354517   0.246250   -0.171100   0.377450   0.007040
0.228901   -0.251099   2.599859   0.255820   -0.018360   0.172950   0.005000
0.204275   -0.233988   2.562113   0.059660   0.173770   0.208250   0.005000
0.167335   -0.208321   2.505491   0.193220   0.009890   0.061430   0.005000
0.105773   -0.165546   2.411129   0.104330   0.104130   0.136270   0.005000
0.067675   -0.147378   2.396949   -0.139940   -0.135820   0.118550   0.005000
-0.071601   -0.282553   2.514936   -0.063280   -0.097880   0.121190   0.005000
0.068778   -0.140282   2.356768   -0.073150   0.067020   0.221830   0.005000
-0.004372   -0.073262   2.578598   -0.016440   0.002510   0.044580   0.005000
0.013912   -0.090014   2.523150   0.015240   0.011500   0.133840   0.005000
0.072412   -0.116894   2.224337   -0.003320   -0.078150   0.048810   0.005000
0.069110   -0.194621   2.272883   0.002670   -0.578950   0.182450   0.005000
0.074555   -0.103100   2.146228   -0.279020   0.045310   0.253140   0.005000
0.075270   -0.098501   2.120188   0.048060   -0.424760   -0.135350   0.005000
0.073126   -0.112296   2.198299   -0.010150   -0.108030   -0.052070   0.005000
0.075985   -0.093902   2.094148   -0.015560   0.358560   0.299520   0.005000
0.078843   -0.075511   1.990008   0.026500   0.204010   0.376070   0.005000
0.079557   -0.070914   1.963977   -0.076090   -0.060990   0.115650   0.005000
0.003471   -0.131901   2.079621   -0.122600   -0.143040   0.271570   0.005000
0.080986   -0.061717   1.911899   -0.312290   -0.045830   0.321050   0.005000
0.097090   -0.060079   1.840959   -0.039060   -0.117330   0.094560   0.005000
0.075607   -0.124610   1.892967   -0.009890   -0.333050   0.077520   0.005000
0.064991   -0.156500   1.918668   0.009070   0.038010   -0.212100   0.005000
0.105142   -0.059260   1.805490   0.140700   0.277650   0.635500   0.005000
0.121247   -0.057622   1.734549   -0.122920   -0.057330   -0.036350   0.005000
-0.001994   -0.115102   1.698104   -0.070410   -0.124480   -0.169320   0.005000
-0.072404   -0.239582   1.528784   -0.029830   -0.188460   -0.121090   0.005000
0.121245   -0.057622   1.734558   -0.042350   0.139090   -0.021250   0.005000
0.078895   0.081468   1.713308   -0.063470   0.142390   -0.102330   0.005000
0.015422   0.223865   1.610973   -0.221140   0.312510   -0.050580   0.005000
0.037639   0.174023   1.646793   0.074960   0.245490   -0.119930   0.005000
0.113192   -0.058441   1.770030   -0.048840   0.232530   0.429060   0.005000
0.149429   -0.054755   1.610409   -0.069490   -0.099950   -0.048760   0.005000
0.079716   -0.155025   1.561493   -0.015390   -0.135990   -0.205800   0.005000
0.159804   -0.053698   1.564694   -0.018050   -0.070480   0.010100   0.005000
0.141754   -0.124178   1.574794   0.018690   -0.049510   -0.020250   0.005000
0.160458   -0.173724   1.554529   -0.067270   -0.216960   -0.037000   0.005000
0.161803   -0.037522   1.429108   0.050860   -0.234650   0.068360   0.005000
0.212663   -0.272172   1.497468   0.398340   -0.376010   0.166520   0.005000
0.212663   -0.272172   1.497468   -0.077570   -0.317730   0.009710   0.005000
0.161642   -0.046187   1.498459   -0.018530   0.127190   0.118980   0.005000
0.143295   0.079753   1.616269   0.056840   0.112420   0.352910   0.005000
0.200137   0.192177   1.969192   -0.103490   0.166190   0.542450   0.005000
0.200137   0.192177   1.969192   0.039390   0.092120   0.189250   0.005000
0.239524   0.284291   2.158429   0.248310   0.143250   0.182800   0.005000
0.185926   0.164071   1.880961   0.008860   -0.111940   0.317570   0.005000
0.161562   -0.050517   1.533119   0.259540   0.421830   0.166660   0.005000
0.159804   -0.053698   1.564694   -0.255570   0.084770   0.090550   0.005000
0.161589   -0.049042   1.521308   0.203370   -0.188300   -0.009880   0.005000
0.161723   -0.041854   1.463778   0.282670   0.309990   0.090630   0.005000
0.161803   -0.037522   1.429108   0.207840   -0.468910   0.316130   0.005000
0.162125   -0.020194   1.290418   -0.098940   -0.079550   0.033650   0.005000
0.062854   -0.100011   1.324181   0.005360   -0.333240   -0.081460   0.005000
0.162286   -0.011531   1.221078   -0.063750   0.022240   0.005110   0.005000
0.098277   0.010800   1.226209   -0.109320   0.056310   -0.095720   0.005000
0.162367   -0.007199   1.186408   -0.017620   -0.157140   0.055320   0.005000
0.144746   -0.164348   1.241731   0.147000   -0.175270   -0.126730   0.005000
0.291697   -0.339559   1.115044   0.145000   -0.174330   -0.192600   0.005000
0.147389   -0.140777   1.233434   -0.181690   -0.124690   0.143840   0.005000
0.156793   -0.056910   1.203909   0.109930   -0.080870   0.067190   0.005000
0.266728   -0.137783   1.271102   0.086780   -0.117170   0.058730   0.005000
0.162608   0.005797   1.082388   -0.084500   0.133260   0.036430   0.005000
0.078900   0.137809   1.118477   -0.124360   0.045140   0.106600   0.005000
0.035372   0.153609   1.155789   -0.052410   -0.065500   0.226590   0.005000
0.162528   0.001466   1.117058   0.158480   0.228020   0.349670   0.005000
0.202142   0.058462   1.204462   0.133270   0.342480   -0.025040   0.005000
0.162689   0.010129   1.047718   0.018180   -0.261550   0.066370   0.005000
0.175415   -0.172961   1.094178   0.097500   -0.043360   -0.176710   0.005000
0.272915   -0.216321   0.917468   0.214370   -0.286080   -0.092990   0.005000
0.253420   -0.207651   0.952801   0.061930   0.030270   -0.047920   0.005000
0.315338   -0.177387   0.904891   0.038300   0.054790   -0.244910   0.005000
0.167234   -0.055260   1.064311   0.219630   -0.079220   0.035620   0.005000
0.162666   0.008911   1.057468   0.212390   -0.025760   0.017140   0.005000
0.162769   0.014462   1.013038   -0.000820   0.169900   0.049430   0.005000
0.162073   0.158871   1.055052   -0.039930   0.298090   0.431880   0.005000
0.162073   0.158871   1.055052   -0.025540   0.046780   -0.152650   0.005000
0.136533   0.205651   0.902402   -0.014430   -0.008910   -0.137820   0.005000
0.100399   0.031834   0.739799   0.266080   -0.341120   -0.094450   0.005000
0.121300   0.031819   0.784659   0.207500   0.112640   0.087530   0.005000
-0.046625   0.032462   0.432878   0.122320   -0.463720   0.325460   0.030970
0.074825   -0.427960   0.756024   -0.002160   -0.369290   0.265250   0.022750
0.072665   -0.797250   1.021274   0.234740   -0.211590   0.372810   0.026250
0.307405   -1.008840   1.394084   0.247300   -0.329400   0.657200   0.015610
0.534103   -1.310799   1.996535   0.022980   -0.155600   0.493680   0.006050
0.557083   -1.466397   2.490206   -0.013110   -0.068800   0.083960   0.005000
0.543973   -1.535197   2.574166   0.076790   -0.083970   0.115120   0.005000
0.553636   -1.443057   2.416156   0.053940   0.109600   0.162880   0.005000
0.607576   -1.333457   2.579036   0.038400   0.118350   0.091170   0.005000
0.615255   -1.309789   2.597269   0.038190   -0.029370   0.114120   0.005000
0.550189   -1.419718   2.342106   0.002660   -0.224590   0.081240   0.005000
0.552849   -1.644308   2.423346   0.014940   -0.031930   0.075210   0.005000
0.552450   -1.610617   2.411159   0.217670   -0.344430   -0.025060   0.005000
0.552450   -1.610617   2.411159   0.074290   -0.010010   0.099530   0.005000
0.574213   -1.645054   2.408654   -0.008270   -0.135570   -0.107740   0.005000
0.549040   -1.411936   2.317417   -0.178900   -0.206320   -0.022890   0.005000
0.547891   -1.404157   2.292736   0.011910   0.158930   0.232230   0.005000
0.554705   -1.338240   2.051284   -0.061580   0.099400   0.303440   0.005000
0.493125   -1.238840   2.354724   -0.030270   0.097940   0.190870   0.005000
0.462855   -1.140900   2.545594   -0.045200   0.244310   0.160930   0.005000
0.502363   -1.253753   2.309201   0.019410   0.198610   0.339340   0.005000
0.514677   -1.273630   2.248522   0.002540   0.338530   0.166580   0.005000
0.542391   -1.318364   2.111961   -0.210790   -0.030970   0.221590   0.005000
0.529975   -1.305300   1.985564   0.030170   -0.300390   0.085230   0.005000
0.560146   -1.605701   2.070797   0.042900   -0.108130   0.145430   0.005000
0.558637   -1.590681   2.066536   0.036890   -0.054770   0.213210   0.005000
0.555620   -1.560639   2.058012   0.001130   -0.136670   -0.079390   0.005000
0.556750   -1.697309   1.978622   0.102970   -0.235300   0.087120   0.005000
0.552603   -1.530599   2.049489   0.199100   -0.208830   0.051100   0.005000
0.557083   -1.466397   2.490206   0.092330   0.105810   0.114090   0.005000
0.649466   -1.360526   2.604362   0.181810   0.162270   0.156170   0.005000
0.517610   -1.288831   1.952706   -0.062040   -0.104980   -0.079860   0.005000
0.455570   -1.393811   1.872846   -0.067710   -0.317070   0.001240   0.005000
0.529975   -1.305300   1.985564   -0.117840   0.128410   0.056160   0.005000
0.413385   -1.178252   2.041129   0.006830   0.136170   0.057700   0.005000
0.480515   -1.239420   1.854124   -0.128900   -0.179590   0.101610   0.005000
0.468150   -1.222951   1.821266   0.100640   0.079690   0.063000   0.005000
0.568778   -1.143271   1.884258   0.108110   0.042710   0.285090   0.005000
0.455785   -1.206480   1.788404   -0.015770   0.262170   0.055200   0.005000
0.431055   -1.173540   1.722684   -0.004250   -0.112700   -0.034700   0.005000
0.426805   -1.286240   1.687984   -0.002840   -0.131560   -0.100660   0.005000
0.424004   -1.415999   1.588702   0.138430   -0.316140   -0.156790   0.005000
0.423965   -1.417800   1.587324   -0.211070   -0.114320   -0.047720   0.005000
0.424391   -1.398068   1.602422   -0.022780   -0.311880   0.080100   0.005000
0.406325   -1.140600   1.656964   0.008240   -0.053150   -0.021750   0.005000
0.406325   -1.140600   1.656964   0.122850   0.257030   0.776880   0.005000
0.393960   -1.124131   1.624106   0.043870   -0.200290   -0.151810   0.005000
0.437270   -1.321861   1.474236   0.487560   -0.272850   0.087250   0.005000
0.437834   -1.324438   1.472283   -0.133450   -0.490580   -0.090820   0.005000
0.423911   -1.260870   1.520464   0.312710   -0.119400   -0.111920   0.005000
0.381595   -1.107660   1.591244   -0.069400   -0.218750   0.416570   0.005000
0.369230   -1.091191   1.558386   0.066110   0.142200   -0.023040   0.005000
0.356865   -1.074720   1.525524   0.015660   0.064830   0.404040   0.005000
0.381595   -1.107660   1.591244   0.050940   -0.080240   -0.021030   0.005000
0.332140   -1.041787   1.459818   0.063160   0.119520   0.300760   0.006510
0.395300   -0.922267   1.760578   0.200520   -0.043520   0.088700   0.005000
0.395300   -0.922267   1.760578   0.036880   -0.125000   0.117940   0.005000
0.392141   -0.928245   1.745536   -0.182680   0.317580   0.483530   0.005000
0.382666   -0.946175   1.700417   0.271190   0.260210   0.231760   0.005000
0.307405   -1.008840   1.394084   0.014200   0.256720   -0.102000   0.005000
0.321605   -0.752120   1.292084   0.117340   -0.043630   0.009520   0.005000
0.438945   -0.795750   1.301604   0.084360   -0.078500   -0.042590   0.005000
0.384135   -0.775371   1.297157   0.135010   -0.258870   0.037230   0.005000
0.321605   -0.752120   1.292084   0.100060   -0.194490   -0.155840   0.005000
0.421665   -0.946610   1.136244   -0.098580   -0.464250   -0.054500   0.005000
0.421665   -0.946610   1.136244   0.257860   0.079720   -0.423270   0.005000
0.406659   -0.917444   1.159615   0.160610   -0.183920   0.052890   0.005000
0.273345   -0.978140   1.339991   0.072030   0.268340   -0.055650   0.005000
0.344417   -0.713370   1.285081   0.262830   0.337740   0.024230   0.005000
0.309359   -0.843972   1.312166   0.311280   0.095000   -0.006990   0.005000
0.312959   -0.830562   1.309385   -0.091470   0.148950   -0.002350   0.005000
0.305757   -0.857391   1.314949   -0.267780   0.084070   0.104010   0.005000
0.320164   -0.803720   1.303819   -0.004010   0.027500   -0.053410   0.005000
0.213513   -0.924208   1.244967   -0.003850   -0.668200   0.168290   0.005000
0.201778   -0.913630   1.226329   0.236780   0.124200   -0.036220   0.005000
0.438558   -0.789430   1.190109   0.389590   0.269370   0.049150   0.005000
0.355688   -0.832899   1.202785   0.117230   -0.104700   -0.021120   0.005000
0.166565   -0.881890   1.170404   0.115860   0.288580   0.004490   0.005000
0.265045   -0.636600   1.174221   0.016230   -0.033840   -0.308910   0.005000
0.247669   -0.679878   1.173548   -0.054740   0.218170   -0.005290   0.005000
0.230289   -0.723168   1.172874   0.149050   0.043360   -0.146760   0.005000
0.190034   -0.903045   1.207678   0.079590   0.085530   0.010780   0.005000
0.269460   -0.817691   1.218436   0.070730   0.055540   -0.143640   0.005000
0.213513   -0.924208   1.244967   0.093940   0.011210   0.011250   0.005000
0.307453   -0.912998   1.256217   0.221250   0.121280   -0.040210   0.005000
0.072665   -0.797250   1.021274   0.003480   -0.160510   -0.040160   0.005000
0.076127   -0.956951   0.981317   0.034080   0.013850   -0.184320   0.005000
0.110207   -0.943101   0.796997   0.297380   -0.223800   -0.183320   0.005000
0.076145   -0.957760   0.981114   0.125730   -0.408150   0.183090   0.005000
0.075275   -0.917631   0.991155   -0.289950   -0.421110   -0.001020   0.005000
0.073883   -0.853431   1.007218   0.054600   -0.111500   -0.254450   0.005000
0.128483   -0.964931   0.752768   0.296470   -0.231340   -0.173790   0.005000
0.073535   -0.837371   1.011236   0.002230   -0.046980   -0.166870   0.005000
0.075765   -0.884351   0.844366   -0.027510   -0.233410   -0.191040   0.005000
0.073205   -0.704926   0.954960   -0.475520   0.160670   0.347570   0.005000
0.075695   -0.431258   0.758338   0.058590   -0.151110   -0.132110   0.005000
0.134285   -0.582368   0.626228   0.273570   -0.116980   -0.041520   0.005000
0.341365   -0.670916   0.594799   0.215720   -0.514500   -0.327880   0.005000
0.230045   -0.623315   0.611695   0.015580   -0.264770   0.027550   0.005000
0.113778   -0.529479   0.672467   0.113510   0.044260   -0.111330   0.005000
0.104988   -0.506809   0.692287   0.329710   0.103330   0.156150   0.005000
0.139398   -0.496025   0.708583   0.109060   -0.185880   0.139330   0.005000
0.075695   -0.431258   0.758338   0.188010   -0.379290   0.099710   0.005000
0.026767   -0.245772   0.628156   0.027940   -0.191930   -0.189870   0.005000
0.047609   -0.388940   0.486524   0.025400   -0.174300   -0.047850   0.005000
0.036547   -0.312952   0.561696   0.199510   0.029150   -0.331180   0.005000
-0.042355   0.031940   0.433385   -0.044260   0.155230   0.204170   0.030300
-0.084846   0.180967   0.629397   0.095280   0.289920   0.286090   0.027700
0.010434   0.470887   0.915487   0.316710   0.331850   0.381000   0.020610
0.327076   0.802666   1.296406   0.117590   0.245490   0.712020   0.017050
0.444666   1.048156   2.008426   0.028910   -0.038020   0.616660   0.011360
0.473576   1.010136   2.625086   -0.005280   -0.041280   0.127270   0.005000
0.468296   0.968856   2.752356   0.068850   -0.232200   0.041900   0.005000
0.536877   0.737565   2.794092   0.051730   -0.165870   0.022220   0.005000
0.554984   0.679504   2.801870   0.089810   -0.122660   -0.097530   0.005000
0.537144   0.736665   2.794254   0.114170   -0.063290   0.093720   0.005000
0.526819   0.771483   2.787971   -0.063370   -0.216140   -0.104990   0.009590
0.478624   0.934025   2.758641   -0.004380   -0.110620   0.051660   0.005000
0.472131   1.012037   2.594256   0.004970   -0.308290   0.116840   0.005000
0.466349   1.019641   2.470926   -0.054500   -0.011160   0.156870   0.005000
0.456230   1.032948   2.255096   0.202860   -0.248260   0.021120   0.005000
0.527231   0.946057   2.262488   0.230130   -0.020420   -0.082910   0.005000
0.457676   1.031047   2.285926   0.038920   -0.335010   0.009600   0.005000
0.481028   0.830037   2.291686   0.062410   -0.160100   0.185400   0.005000
0.484920   0.796536   2.292646   -0.196870   -0.120150   0.033210   0.005000
0.459121   1.029146   2.316756   -0.046700   0.090190   0.185680   0.005000
0.451894   1.038651   2.162596   0.182900   -0.259460   0.115430   0.005000
0.450449   1.040552   2.131765   -0.009570   -0.083460   -0.020760   0.005000
0.441220   0.960072   2.111747   -0.087450   -0.400660   0.332250   0.005000
0.444666   1.048156   2.008426   -0.003190   0.053900   0.027940   0.005000
0.441476   1.102056   2.036366   -0.032640   0.037840   -0.135600   0.005000
0.440879   0.957092   2.111005   0.278440   -0.137060   -0.198930   0.005000
0.421150   0.999062   1.866034   -0.013300   -0.049370   0.290420   0.005000
0.391751   0.937686   1.688017   0.004300   -0.235400   0.195110   0.005000
0.396051   0.702286   1.883127   0.043060   -0.319640   0.311570   0.005000
0.395406   0.737592   1.853863   -0.032020   -0.372840   0.201720   0.005000
0.395191   0.749365   1.844106   0.076150   -0.125270   0.031670   0.005000
0.393189   0.858942   1.753283   0.098170   -0.079690   0.109850   0.005000
0.368233   0.888588   1.545615   0.052810   -0.196200   0.111900   0.005000
0.421043   0.692388   1.657515   0.174460   -0.272570   0.014540   0.005000
0.421043   0.692388   1.657515   -0.052100   -0.244180   0.060240   0.005000
0.374113   0.900863   1.581217   -0.023980   0.193420   -0.007050   0.005000
0.350133   1.094283   1.574167   -0.013540   0.151160   -0.089590   0.005000
0.356476   0.864044   1.474426   0.152640   -0.185740   0.022400   0.005000
0.350594   0.851763   1.438807   -0.035380   0.149380   -0.011470   0.005000
0.315216   1.001133   1.427338   0.057940   0.112900   -0.079400   0.005000
0.344714   0.839488   1.403205   -0.083040   -0.172900   0.154150   0.005000
0.261674   0.666588   1.557355   -0.099780   -0.307730   0.052020   0.005000
0.282436   0.709817   1.518815   0.003260   -0.068700   0.203160   0.005000
0.338836   0.827218   1.367615   0.184990   0.211210   0.047550   0.005000
0.327144   0.802737   1.296487   0.046420   -0.071100   0.250760   0.005000
0.295478   0.769557   1.258393   -0.016950   0.354190   0.420900   0.005000
0.311314   0.786150   1.277444   0.191120   -0.062980   0.065700   0.005000
0.311305   0.786141   1.277433   0.026600   -0.163900   0.254760   0.006390
0.337905   0.622241   1.532193   0.342010   -0.328780   0.192280   0.005000
0.333914   0.646830   1.493972   0.096250   0.061920   0.118050   0.005000
0.329925   0.671412   1.455763   -0.119850   -0.218250   0.026430   0.005000
0.295472   0.769551   1.258386   0.159460   0.024850   -0.047560   0.005000
0.295478   0.769557   1.258393   0.155340   0.187610   -0.182970   0.005000
0.450818   0.957167   1.075423   0.089170   -0.036090   -0.109670   0.005000
0.404215   0.900883   1.130316   0.052590   0.285890   -0.121940   0.005000
0.357614   0.844602   1.185205   0.075770   -0.049290   -0.037460   0.005000
0.247966   0.719774   1.201237   -0.030790   0.248030   -0.046470   0.005000
0.217689   0.963672   1.155541   0.140690   0.261670   -0.125310   0.005000
0.224873   0.905803   1.166383   0.147510   0.142680   0.008670   0.005000
0.200464   0.670002   1.144092   -0.059330   0.529600   0.345330   0.005000
0.137117   0.603626   1.067886   0.056180   -0.013370   0.342980   0.005000
0.121287   0.587039   1.048843   0.062670   -0.017360   0.066760   0.005000
0.183957   0.569679   1.115603   -0.020430   0.252130   0.278640   0.005000
0.105451   0.570446   1.029792   -0.203490   -0.036800   0.398080   0.005000
0.137117   0.603626   1.067886   0.076720   0.578660   -0.229790   0.005000
0.089611   0.553849   1.010737   0.085600   -0.064600   -0.061410   0.005000
0.166899   0.495522   0.955290   0.189800   0.240910   -0.205060   0.005000
0.136689   0.518321   0.976963   0.162930   0.101580   -0.036580   0.005000
0.149529   0.508631   0.967752   0.120510   -0.103400   0.043350   0.005000
0.010434   0.470887   0.915487   -0.104970   -0.062890   0.090440   0.005000
-0.093777   0.408452   1.005273   -0.106130   -0.071610   0.011000   0.005000
-0.173377   0.354742   1.013523   0.008830   -0.151930   0.156550   0.005000
-0.102327   0.402683   1.006159   0.074310   -0.301090   0.099860   0.005000
-0.027678   0.354921   0.801053   0.019240   0.054360   -0.015440   0.005000
-0.008438   0.409281   0.785613   -0.013680   0.612550   -0.093760   0.005000
-0.008438   0.409281   0.785613   0.227540   0.231880   0.123110   0.005000
-0.018151   0.383908   0.829657   -0.005480   -0.031030   0.049140   0.005000
-0.023632   0.352873   0.878805   0.123320   -0.090950   0.064220   0.005000
-0.032440   0.340431   0.786754   0.179310   -0.318680   0.392920   0.005000
-0.077761   0.156118   0.596715   0.118600   0.139750   -0.026990   0.005000
-0.071124   0.132839   0.566096   0.186940   0.070310   0.033990   0.005000
0.115934   0.203193   0.600107   0.287500   -0.103840   -0.215560   0.005000
0.078424   0.189085   0.593287   0.044400   0.135190   0.036420   0.005000
-0.060055   0.094018   0.515036   -0.037800   0.089830   0.212730   0.005000
-0.097855   0.183848   0.727766   0.024140   0.067600   0.090140   0.005000
-0.042355   0.031940   0.433385   -0.079080   0.164930   -0.011030   0.005000
-0.047079   0.028754   0.435277   -0.195600   0.142000   0.269380   0.028110
-0.236550   0.166305   0.696216   -0.448810   -0.444550   1.641350   0.020530
-0.685360   -0.278245   2.337566   -0.005380   0.017400   0.203610   0.005000
-0.690740   -0.260845   2.541176   -0.064280   0.121970   0.182200   0.005000
-0.706810   -0.230353   2.586725   0.015170   -0.005440   0.163720   0.005000
-0.689665   -0.264324   2.500466   -0.050400   -0.164420   0.187690   0.005000
-0.688588   -0.267805   2.459736   -0.074400   0.401360   0.297140   0.005000
-0.685360   -0.278245   2.337566   0.059730   -0.187430   0.229230   0.005000
-0.634589   -0.437564   2.532417   -0.253030   -0.065250   0.030390   0.005000
-0.659909   -0.253035   2.244487   -0.005070   -0.173660   -0.035220   0.005000
-0.664949   -0.425665   2.209476   -0.074490   -0.225590   -0.244400   0.005000
-0.739112   -0.650266   1.966148   -0.211900   -0.285580   -0.098550   0.005000
-0.720816   -0.594857   2.026177   -0.263610   -0.211080   0.030780   0.005000
-0.688886   -0.498158   2.130938   -0.155630   -0.217240   0.043000   0.005000
-0.664978   -0.426685   2.209269   -0.171510   -0.339510   0.306000   0.005000
-0.662950   -0.357225   2.223356   -0.197460   -0.125660   0.105830   0.005000
-0.640478   -0.233789   2.173428   -0.110150   0.214670   0.201110   0.005000
-0.595601   -0.189338   2.009308   0.053130   0.245020   0.022950   0.005000
-0.544748   0.045181   2.031274   -0.089580   0.211850   -0.088610   0.005000
-0.571691   -0.079069   2.019636   -0.068030   0.097850   0.089550   0.005000
-0.577003   -0.103570   2.017341   0.203640   0.081760   0.072990   0.005000
-0.595598   -0.189335   2.009297   0.067460   -0.206590   0.135340   0.005000
-0.528766   -0.394004   2.143378   -0.032120   -0.112890   0.126780   0.005000
-0.558495   -0.302960   2.083734   -0.007530   -0.030350   0.123070   0.005000
-0.558495   -0.302960   2.083734   0.143180   -0.091990   0.212740   0.005000
-0.595601   -0.189338   2.009308   -0.100740   -0.045340   -0.126580   0.005000
-0.696341   -0.234678   1.882728   -0.112260   -0.056760   -0.053660   0.005000
-0.573160   -0.167110   1.927238   -0.099300   -0.247530   -0.197170   0.005000
-0.622810   -0.290874   1.828653   -0.013250   -0.005600   -0.025490   0.005000
-0.622810   -0.290874   1.828653   -0.191460   -0.409350   0.063260   0.005000
-0.550719   -0.144882   1.845168   -0.194760   0.085020   -0.222490   0.005000
-0.573160   -0.167110   1.927238   0.030710   -0.306220   -0.049890   0.005000
-0.573160   -0.167110   1.927238   -0.111110   -0.134080   0.216030   0.005000
-0.573160   -0.167110   1.927238   0.043500   -0.095850   0.076960   0.005000
-0.528280   -0.122656   1.763106   -0.006640   0.052440   0.123130   0.005000
-0.534919   -0.070221   1.886224   -0.010010   0.170240   -0.033310   0.005000
-0.544631   0.094940   1.853908   -0.117110   0.353320   -0.058980   0.005000
-0.542695   0.062011   1.860351   -0.140060   0.161420   0.130310   0.005000
-0.538423   -0.010631   1.874564   -0.118730   0.090640   0.007810   0.005000
-0.536421   -0.044690   1.881229   0.051320   0.197450   0.168560   0.005000
-0.535576   -0.129883   1.789788   -0.228690   0.487580   -0.079880   0.005000
-0.505840   -0.100428   1.681038   -0.130620   0.115290   -0.034220   0.005000
-0.634542   0.013169   1.647321   -0.061400   0.180790   -0.199770   0.005000
-0.610332   -0.008200   1.653663   -0.074090   -0.009360   0.112920   0.005000
-0.538491   -0.071609   1.672484   -0.029050   -0.011800   -0.072730   0.005000
-0.566887   -0.083143   1.601393   -0.102720   0.010330   -0.069050   0.005000
-0.483398   -0.078200   1.598968   -0.123870   -0.201060   -0.009230   0.005000
-0.600962   -0.269024   1.590208   0.005470   -0.286460   -0.122220   0.005000
-0.588680   -0.249089   1.591123   -0.014830   -0.124170   0.132270   0.005000
-0.576294   -0.228983   1.592046   -0.314800   -0.223080   -0.173400   0.005000
-0.557713   -0.198824   1.593431   -0.161390   -0.000130   0.168800   0.005000
-0.491642   -0.086365   1.629116   -0.089600   -0.117470   -0.270780   0.005000
-0.460957   -0.055972   1.516898   0.020480   -0.143170   0.072370   0.005000
-0.440822   -0.196732   1.588050   0.131160   -0.335370   -0.183520   0.005000
-0.460959   -0.055974   1.516907   -0.143060   -0.041210   0.035190   0.005000
-0.603980   -0.097173   1.552087   -0.166710   -0.072790   -0.184330   0.005000
-0.571791   -0.191446   1.386896   -0.015500   -0.191680   0.108810   0.005000
-0.371193   0.032940   1.188620   -0.154890   0.337260   0.151590   0.005000
-0.525045   0.367941   1.339195   -0.015840   0.171260   0.245560   0.005000
-0.540886   0.539209   1.584766   0.108620   0.218890   0.074690   0.005000
-0.502849   0.319611   1.317471   -0.144990   0.034810   0.214020   0.005000
-0.489378   0.290279   1.304287   0.067190   0.405340   0.634060   0.005000
-0.479619   0.269029   1.294736   -0.195080   0.251380   -0.063110   0.005000
-0.471871   0.252159   1.287153   -0.132350   0.061280   0.272720   0.005000
-0.440898   0.184718   1.256840   -0.086400   -0.030010   -0.008540   0.005000
-0.437481   0.177278   1.253496   0.065330   0.212080   0.081590   0.005000
-0.425404   0.150981   1.241676   -0.191430   0.098960   -0.078410   0.005000
-0.416075   -0.011515   1.352758   0.006890   -0.081050   0.132430   0.005000
-0.393634   0.010712   1.270690   0.106440   -0.067220   0.136160   0.005000
-0.393634   0.010712   1.270690   -0.044920   -0.053550   -0.134150   0.005000
-0.438554   -0.042838   1.136540   -0.032600   -0.095370   -0.023690   0.005000
-0.348754   0.055166   1.106558   -0.193580   -0.199910   -0.053520   0.005000
-0.542328   -0.144738   1.053040   -0.094060   -0.357160   0.156840   0.005000
-0.503626   -0.104770   1.063740   -0.323620   -0.075250   -0.053730   0.005000
-0.465515   -0.065413   1.074277   -0.140230   0.054050   -0.118840   0.005000
-0.435860   -0.034788   1.082476   -0.188560   -0.180290   0.116710   0.005000
-0.326313   0.077394   1.024488   0.085000   0.275200   0.156780   0.005000
-0.326312   0.077395   1.024486   -0.082100   0.062530   -0.013860   0.005000
-0.353770   0.098308   1.019850   -0.143460   0.025180   -0.032030   0.005000
-0.323881   0.079803   1.015596   0.034360   0.307120   -0.025620   0.005000
-0.326313   0.077394   1.024488   0.110740   -0.235090   0.070910   0.005000
-0.303872   0.099622   0.942421   0.028200   -0.083720   -0.111080   0.005000
-0.258991   0.144077   0.778287   0.018470   0.084570   0.176750   0.005000
-0.240557   0.228484   0.954697   0.019990   0.199580   0.049530   0.005000
-0.258994   0.144074   0.778298   -0.085310   -0.023090   -0.199770   0.005000
-0.331518   0.124444   0.608469   -0.198970   -0.137780   0.051880   0.005000
-0.314449   0.129064   0.648440   0.030130   0.156090   -0.157020   0.005000
-0.294005   0.070328   0.903553   -0.067860   0.131900   -0.161920   0.005000
-0.361675   0.201860   0.742085   -0.000050   -0.060250   -0.384120   0.005000
-0.296218   0.107204   0.914427   -0.077650   -0.084710   -0.163630   0.005000
-0.373868   0.022494   0.750797   -0.281460   -0.207330   -0.167460   0.005000
-0.028233   0.034523   0.432898   -0.100380   -0.321440   0.130440   0.035240
-0.114776   -0.242607   0.545357   -0.166320   -0.589680   0.087650   0.030530
-0.281096   -0.832287   0.633007   -0.179120   -0.342780   0.343140   0.021100
-0.459774   -1.174222   0.975302   -0.219880   -0.491490   0.778380   0.016880
-0.679654   -1.665712   1.753682   -0.002770   -0.125840   0.291130   0.017010
-0.682424   -1.791552   2.044812   -0.027480   -0.139790   0.294900   0.005000
-0.705783   -1.910375   2.295481   -0.046990   0.056160   0.118680   0.005000
-0.752773   -1.854215   2.414161   -0.051250   0.040910   0.062120   0.005000
-0.752773   -1.854215   2.414161   0.006160   -0.033350   0.172210   0.005000
-0.708531   -1.924354   2.324970   -0.101330   -0.040280   0.172590   0.005000
-0.701660   -1.889404   2.251240   -0.208630   -0.060600   0.096320   0.005000
-0.902449   -1.947727   2.343941   -0.140760   -0.146660   0.055760   0.005000
-0.899870   -1.946978   2.342750   -0.212610   0.013670   0.078590   0.005000
-0.847710   -1.931827   2.318669   -0.090680   0.045660   0.140600   0.005000
-0.764491   -1.907655   2.280248   -0.176220   0.048210   0.110590   0.005000
-0.694791   -1.854458   2.177519   -0.033200   0.051820   0.175760   0.005000
-0.685172   -1.805532   2.074303   0.019670   0.078530   0.256810   0.005000
-0.696165   -1.861452   2.192272   -0.178640   -0.239740   -0.100730   0.005000
-0.854784   -2.074323   2.102832   -0.422520   -0.187960   0.117330   0.005000
-0.689295   -1.826502   2.118542   -0.271290   -0.178190   -0.026580   0.005000
-0.906324   -1.969052   2.097278   -0.107250   0.041890   0.035580   0.005000
-0.838514   -1.924513   2.103922   -0.102130   0.066630   0.017900   0.005000
-0.681732   -1.760088   1.972020   -0.084710   -0.192390   -0.014630   0.005000
-0.766442   -1.952478   1.957390   -0.098740   -0.122780   -0.093100   0.005000
-0.687920   -1.819510   2.103792   0.087990   -0.273840   -0.157350   0.005000
-0.686547   -1.812523   2.089052   0.016410   0.096200   0.380800   0.005000
-0.682424   -1.791552   2.044812   0.160750   -0.251090   -0.147350   0.005000
-0.681178   -1.734923   1.913802   -0.129000   -0.172430   -0.022710   0.005000
-0.810173   -1.907347   1.891092   -0.044590   -0.086910   -0.101040   0.005000
-0.681316   -1.741216   1.928360   -0.019980   0.235660   0.209230   0.005000
-0.701196   -1.506737   2.136542   0.003920   0.003310   0.128330   0.005000
-0.701296   -1.505556   2.137590   0.034920   0.154640   0.084900   0.005000
-0.700298   -1.517337   2.127131   -0.179890   0.113000   -0.039130   0.005000
-0.698299   -1.540904   2.106207   -0.019450   -0.084350   0.187260   0.005000
-0.680762   -1.716047   1.870130   0.024150   -0.124330   -0.033410   0.005000
-0.656706   -1.839895   1.836850   -0.009960   -0.149120   -0.083460   0.005000
-0.666666   -1.989015   1.753390   -0.023890   -0.284930   -0.181980   0.005000
-0.664176   -1.951745   1.774249   -0.163630   -0.302730   -0.003870   0.005000
-0.680347   -1.697175   1.826471   -0.075470   -0.127920   0.109410   0.005000
-0.679977   -1.680356   1.787560   -0.046580   0.090580   0.154670   0.005000
-0.726557   -1.589776   1.942230   -0.199990   0.220090   -0.009030   0.005000
-0.712580   -1.616956   1.895819   -0.034070   0.148350   -0.004430   0.005000
-0.679656   -1.665717   1.753689   -0.035520   -0.175200   -0.061910   0.005000
-0.714246   -1.836327   1.693401   -0.065460   -0.405640   -0.317690   0.005000
-0.679654   -1.665712   1.753682   0.075870   0.011130   0.160340   0.005000
-0.603775   -1.654581   1.914042   0.250000   0.039690   0.041590   0.005000
-0.657666   -1.616562   1.675842   0.143060   -0.434990   0.143090   0.005000
-0.646671   -1.591985   1.636919   -0.274210   0.036330   0.099270   0.010820
-0.920881   -1.555655   1.736189   -0.284790   0.140650   0.394490   0.005000
-1.205678   -1.415001   2.130689   -0.024910   0.032100   -0.072990   0.005000
-0.742648   -1.579269   1.671665   -0.109930   -0.068690   0.218440   0.005000
-0.687818   -1.586533   1.651815   -0.157800   -0.347320   0.207310   0.005000
-0.646674   -1.591993   1.636932   0.049160   -0.156280   -0.193610   0.005000
-0.606321   -1.720278   1.478004   -0.024660   0.010760   -0.064090   0.005000
-0.624554   -1.662314   1.549813   0.084700   -0.185250   0.116320   0.005000
-0.624686   -1.542843   1.559092   -0.150690   -0.121650   -0.028800   0.005000
-0.624683   -1.542836   1.559080   0.186810   -0.317660   -0.042680   0.005000
-0.448479   -1.842460   1.518824   0.251150   -0.346130   0.410870   0.005000
-0.447205   -1.844627   1.518533   -0.222460   -0.175470   -0.121370   0.005000
-0.456548   -1.828739   1.520667   -0.062760   -0.033830   -0.149030   0.005000
-0.602697   -1.493692   1.481251   0.173620   -0.105260   0.150140   0.005000
-0.555678   -1.388591   1.314802   0.134930   -0.101080   0.118050   0.005000
-0.422497   -1.488361   1.431321   0.099870   -0.083680   0.001670   0.005000
-0.323780   -1.571075   1.432972   0.185300   0.009150   -0.030550   0.005000
-0.138490   -1.561925   1.402424   0.281450   -0.054060   0.288120   0.005000
-0.347209   -1.551444   1.432580   0.095300   -0.217200   0.208820   0.005000
-0.558720   -1.395391   1.325571   -0.251670   0.215180   0.481020   0.005000
-0.547725   -1.370816   1.286650   -0.159790   0.030950   -0.055060   0.005000
-0.707515   -1.339866   1.231590   -0.068160   0.105960   -0.193530   0.005000
-0.775675   -1.233906   1.038060   -0.001810   0.291450   -0.108780   0.005000
-0.547725   -1.370816   1.286650   -0.089630   -0.171600   -0.059090   0.005000
-0.525737   -1.321665   1.208810   -0.006660   -0.236080   -0.178940   0.005000
-0.503751   -1.272522   1.130980   0.094210   -0.196250   0.059620   0.005000
-0.409546   -1.468761   1.190597   -0.018140   -0.099320   -0.007230   0.005000
-0.482317   -1.317171   1.144545   0.403150   -0.235730   0.093500   0.005000
-0.503751   -1.272522   1.130980   -0.105130   -0.167820   -0.090350   0.005000
-0.503751   -1.272522   1.130980   -0.134210   0.007880   -0.046760   0.005000
-0.637961   -1.264642   1.084220   -0.144640   -0.002850   -0.157480   0.005000
-0.481763   -1.223373   1.053142   -0.049370   -0.149210   -0.104780   0.005000
-0.530248   -1.369909   0.950240   0.049480   -0.036110   -0.048350   0.005000
-0.480487   -1.406224   0.901615   0.189680   -0.133900   -0.105370   0.005000
-0.423589   -1.446390   0.870007   -0.004130   0.000700   -0.192550   0.005000
-0.427719   -1.445690   0.677457   0.030350   -0.204240   -0.443540   0.005000
-0.500557   -1.391577   0.921227   -0.033760   -0.038540   -0.073100   0.005000
-0.533959   -1.429708   0.848903   -0.094670   -0.007830   -0.284310   0.005000
-0.450645   -1.156751   0.957813   -0.236390   -0.099540   0.194730   0.005000
-0.417699   -1.093703   0.894699   -0.141670   0.099360   0.153510   0.005000
-0.387674   -1.036245   0.837180   -0.082600   0.170270   0.345400   0.005000
-0.470274   -0.865975   1.182580   -0.066230   -0.028190   0.186980   0.005000
-0.516633   -0.885707   1.313460   0.162450   0.190690   0.174080   0.005000
-0.500074   -0.878659   1.266709   -0.345300   0.138640   -0.074890   0.005000
-0.493453   -0.875841   1.248019   0.070710   -0.006550   0.196420   0.005000
-0.470274   -0.865975   1.182580   -0.035690   0.289970   -0.009680   0.005000
-0.453756   -0.900024   1.113509   0.265050   0.064440   0.080540   0.005000
-0.442307   -1.140794   0.941839   -0.066270   -0.165050   -0.241410   0.005000
-0.412457   -0.985158   0.940811   -0.072030   -0.014140   -0.076460   0.005000
-0.483294   -0.999064   0.865617   -0.005720   -0.038130   -0.088590   0.005000
-0.488888   -1.036355   0.778978   -0.118210   -0.027260   -0.174970   0.005000
-0.476075   -0.997647   0.873279   -0.132060   -0.058990   -0.026030   0.005000
-0.424393   -1.106513   0.907522   0.039300   -0.119890   -0.070850   0.005000
-0.385136   -1.226272   0.836749   0.069910   -0.086410   -0.074410   0.005000
-0.385086   -1.226423   0.836660   0.121560   -0.019630   -0.012530   0.005000
-0.406480   -1.072234   0.873207   -0.049480   -0.068230   -0.078570   0.005000
-0.455424   -1.139724   0.795489   0.094690   -0.025720   -0.228390   0.005000
-0.361659   -1.165193   0.569331   -0.112160   -0.201710   -0.390970   0.005000
-0.370747   -1.162724   0.591252   0.039020   -0.374410   -0.325140   0.005000
-0.361704   -0.986546   0.787429   0.369190   -0.516240   0.464970   0.005000
-0.352747   -0.969404   0.770269   -0.456310   -0.062550   0.032290   0.005000
-0.343789   -0.952263   0.753109   -0.276420   -0.044790   -0.060940   0.005000
-0.325878   -0.917986   0.718797   -0.351240   -0.156730   0.338500   0.005000
-0.334833   -0.935123   0.735952   -0.305520   -0.006930   0.143120   0.005000
-0.281096   -0.832287   0.633007   0.098170   -0.201450   0.016090   0.005000
-0.281096   -0.832287   0.633007   -0.114810   -0.077830   -0.140200   0.005000
-0.393902   -0.908758   0.495254   -0.077650   -0.218670   -0.275150   0.005000
-0.327018   -0.863417   0.576929   -0.173830   0.198890   -0.119820   0.005000
-0.256150   -0.743845   0.619861   -0.010450   0.110050   0.613810   0.005000
-0.256150   -0.743845   0.619861   -0.525460   0.175960   0.377540   0.005000
-0.239515   -0.684865   0.611095   -0.395760   0.562950   0.370160   0.005000
-0.239515   -0.684865   0.611095   -0.352730   0.023850   -0.009320   0.005000
-0.093484   -0.174426   0.517690   0.029900   -0.205810   0.028760   0.005000
-0.064103   -0.376666   0.545951   0.029790   -0.037730   -0.051030   0.005000
-0.034313   -0.414396   0.494921   0.039480   -0.019610   -0.074540   0.005000
-0.077040   -0.287616   0.533507   0.080590   -0.169880   -0.126590   0.005000
-0.071060   -0.328777   0.539259   -0.039200   -0.055650   -0.240630   0.005000
-0.108925   -0.223873   0.537755   -0.241540   -0.051840   -0.051180   0.005000
-0.350475   -0.275715   0.486573   -0.124770   -0.032510   -0.124520   0.005000
-0.101203   -0.199146   0.527721   0.041440   -0.017370   -0.010400   0.005000
-0.103151   -0.205383   0.530252   0.068230   -0.223400   -0.300960   0.005000
-0.098502   -0.190494   0.524210   -0.219440   0.101670   -0.015840   0.005000
-0.317962   -0.088814   0.508368   -0.157430   0.053330   0.298420   0.005000
-0.283439   -0.104809   0.510860   -0.224340   0.260800   -0.202500   0.005000
-0.186282   -0.149824   0.517874   -0.037320   0.133990   0.044430   0.005000
-0.036711   0.038160   0.430866   0.003000   0.087880   0.167750   0.036440
-0.023781   0.040572   0.408432   -0.101660   0.411180   -0.138410   0.017950
-0.125441   0.451752   0.270022   -0.083880   0.402960   0.172180   0.015460
-0.209320   0.854704   0.442198   -0.084310   0.408980   0.369790   0.016650
-0.293631   1.263689   0.811993   -0.051670   0.273730   0.377380   0.005050
-0.345299   1.537411   1.189362   0.084780   0.086670   0.350850   0.005000
-0.260519   1.624081   1.540212   -0.312690   -0.046520   0.841970   0.005000
-0.401231   1.603147   1.919101   -0.203030   -0.112870   0.209680   0.005000
-0.268996   1.615415   1.505133   -0.234000   0.169350   0.634430   0.005000
-0.273234   1.611083   1.487593   -0.267490   0.127410   0.043790   0.005000
-0.285950   1.598084   1.434972   -0.377350   0.324190   0.438040   0.005000
-0.294431   1.589413   1.399872   -0.016170   -0.181170   0.202830   0.005000
-0.310601   1.408243   1.602702   -0.361780   -0.175450   0.469620   0.005000
-0.310601   1.408243   1.602702   -0.186180   -0.461890   0.173360   0.005000
-0.306557   1.453549   1.551979   -0.140630   0.009540   0.396820   0.005000
-0.298669   1.585080   1.382332   0.074320   0.383660   0.441820   0.005000
-0.307149   1.576412   1.347242   0.287250   -0.274310   0.191020   0.005000
-0.313985   1.569424   1.318953   -0.019260   0.262370   0.078290   0.005000
-0.319864   1.563413   1.294623   -0.057560   -0.032330   0.162780   0.005000
-0.371670   1.534315   1.441132   -0.221600   0.182480   0.122430   0.005000
-0.363036   1.539165   1.416714   -0.274470   -0.229050   0.256350   0.005000
-0.332581   1.550412   1.241992   0.130680   0.283440   0.121670   0.005000
-0.337549   1.496355   1.132759   0.082000   0.128820   0.005210   0.005000
-0.255658   1.625004   1.137963   0.130210   0.291950   -0.114530   0.005000
-0.151489   1.858566   1.046338   -0.084530   0.461170   -0.062360   0.005000
-0.164509   1.829373   1.057790   0.128360   0.347690   0.207420   0.005000
-0.197062   1.756385   1.086422   -0.026880   0.287280   0.096240   0.005000
-0.210080   1.727195   1.097874   -0.196940   0.249780   -0.037370   0.005000
-0.223755   1.696536   1.109901   0.167340   0.243700   0.190850   0.005000
-0.255542   1.625186   1.137970   -0.294290   0.206510   0.046450   0.005000
-0.263741   1.612305   1.137449   0.314560   0.077310   0.192110   0.005000
-0.292442   1.567216   1.135625   -0.111880   0.229990   -0.050480   0.005000
-0.332382   1.468982   1.095021   0.014900   0.143390   0.016470   0.005000
-0.317482   1.612372   1.111491   -0.091370   0.702790   0.281250   0.005000
-0.213189   1.928745   1.144164   -0.043520   0.170510   0.186140   0.005000
-0.318637   1.601261   1.110215   -0.300820   0.479400   -0.059280   0.005000
-0.329800   1.455302   1.076161   0.089360   -0.022340   0.048920   0.005000
-0.240433   1.432960   1.125085   0.186260   -0.074840   -0.184210   0.005000
-0.054173   1.358120   0.940875   0.041650   -0.221790   -0.115290   0.005000
-0.316881   1.386864   0.981809   0.153610   -0.446140   0.672190   0.005000
-0.316881   1.386864   0.981809   -0.138480   0.333640   -0.167690   0.005000
-0.427674   1.653797   0.847647   -0.201000   0.098260   -0.055830   0.005000
-0.399972   1.587055   0.881192   -0.233740   0.077700   0.029150   0.005000
-0.379203   1.537015   0.906342   -0.039720   0.199430   0.110280   0.005000
-0.372275   1.520324   0.914732   -0.373340   0.092940   -0.128430   0.005000
-0.344579   1.453595   0.948270   -0.362590   0.056680   0.011620   0.005000
-0.309131   1.345803   0.925200   -0.241160   0.117500   0.084220   0.005000
-0.306548   1.332123   0.906341   0.099330   0.146470   0.041890   0.005000
-0.207218   1.478593   0.948231   0.133910   0.153370   -0.182800   0.005000
-0.073311   1.631960   0.765434   0.055530   0.004090   -0.174050   0.005000
-0.100092   1.601288   0.801992   0.049940   0.215490   -0.029880   0.005000
-0.241989   1.427322   0.933567   0.022570   0.276580   -0.214170   0.005000
-0.303965   1.318438   0.887473   0.020630   0.137880   -0.079010   0.005000
-0.283335   1.456318   0.808463   0.031350   0.099550   -0.214660   0.005000
-0.262375   1.522875   0.664947   -0.086590   0.287360   -0.139450   0.005000
-0.258255   1.535959   0.636734   0.214240   0.147430   -0.066950   0.005000
-0.309131   1.345803   0.925200   0.086000   0.148940   0.031470   0.005000
-0.223131   1.494743   0.956670   0.178420   0.127570   -0.203900   0.005000
-0.301381   1.304750   0.868602   0.173840   0.155570   0.007230   0.005000
-0.128006   1.459905   0.875813   0.018250   -0.031410   -0.159760   0.005000
-0.109754   1.428493   0.716044   0.215280   0.014110   -0.150200   0.005000
-0.123368   1.451923   0.835214   0.202970   0.025760   -0.102880   0.005000
-0.293631   1.263689   0.811993   -0.130270   0.049050   0.070750   0.005000
-0.395740   1.302136   0.867449   -0.121650   0.034820   0.009760   0.005000
-0.517390   1.336956   0.877209   -0.363780   -0.152660   0.369300   0.005000
-0.423901   1.312739   0.882743   -0.094510   0.086110   0.175010   0.005000
-0.339232   1.280859   0.836760   -0.078790   -0.239650   0.141340   0.005000
-0.281217   1.203474   0.757548   0.079170   0.003890   -0.033550   0.005000
-0.202047   1.207364   0.723998   0.176500   -0.060170   0.129680   0.005000
-0.026433   1.147496   0.853027   0.263130   -0.029410   0.317960   0.005000
-0.052007   1.156214   0.834238   0.199530   0.212710   0.318860   0.005000
-0.078494   1.165244   0.814777   -0.051700   -0.201940   0.014510   0.005000
-0.276769   1.181895   0.738037   -0.188050   -0.052300   0.124240   0.005000
-0.361385   1.158362   0.793941   -0.288330   0.057400   0.014720   0.005000
-0.285199   1.222790   0.775013   -0.054990   0.111960   -0.109730   0.005000
-0.340189   1.334750   0.665283   -0.004520   0.069930   -0.218000   0.005000
-0.344701   1.404558   0.447662   -0.256540   -0.359840   -0.308490   0.005000
-0.268337   1.140991   0.701052   0.032930   0.094300   -0.084910   0.005000
-0.235671   1.234534   0.616824   0.059810   0.177890   -0.265350   0.005000
-0.221967   0.916053   0.497669   0.128480   0.175010   0.071570   0.005000
-0.230398   0.956953   0.534650   -0.176810   0.120870   0.108780   0.005000
-0.402176   1.074383   0.640334   -0.144940   0.126490   0.019020   0.005000
-0.368053   1.051056   0.619340   -0.116650   -0.108580   -0.094230   0.005000
-0.484703   0.942476   0.525110   -0.049980   -0.506780   0.126380   0.005000
-0.209320   0.854704   0.442198   -0.081700   0.038330   0.172000   0.010630
-0.278764   0.887284   0.588396   -0.258660   0.249060   0.335920   0.005000
-0.230398   0.956953   0.534650   0.212690   -0.091780   0.837720   0.005000
-0.124053   0.911063   0.953511   0.138520   0.109680   0.101990   0.005000
-0.166590   0.929419   0.785970   0.134020   0.189100   0.090790   0.005000
-0.291020   0.893034   0.614198   -0.108580   -0.081720   0.067620   0.005000
-0.399605   0.811310   0.681822   -0.076460   -0.050010   0.275030   0.005000
-0.476073   0.761294   0.956883   0.059360   0.254650   0.215870   0.005000
-0.449301   0.778805   0.860581   -0.006700   0.101650   0.172910   0.005000
-0.434011   0.788806   0.805581   -0.045990   -0.093090   0.100030   0.005000
-0.230398   0.956953   0.534650   -0.013640   0.007350   -0.176540   0.005000
-0.226183   0.936508   0.516164   -0.021060   0.167770   -0.099580   0.005000
-0.242482   1.066350   0.439096   -0.030250   0.008370   -0.108700   0.005000
-0.272632   1.074692   0.330756   -0.079410   -0.253730   -0.244940   0.005000
-0.226509   0.938089   0.517594   0.327050   0.182420   -0.317370   0.005000
-0.209320   0.854704   0.442198   -0.043710   0.279020   -0.167300   0.005000
-0.249447   1.110855   0.288610   -0.131470   0.188320   -0.178150   0.005000
-0.248661   1.105835   0.291621   0.154730   0.007440   -0.038460   0.005000
-0.237732   1.036074   0.333449   0.102790   0.013530   -0.071910   0.005000
-0.233360   1.008166   0.350183   -0.227060   0.078210   -0.058190   0.005000
-0.205127   0.834563   0.433592   -0.177020   -0.425750   0.153230   0.005000
-0.179963   0.713673   0.381938   -0.058300   0.040530   -0.034390   0.005000
-0.175766   0.693512   0.373323   -0.156320   -0.024240   0.332880   0.005000
-0.331483   0.669366   0.704919   -0.101140   -0.099610   0.225740   0.005000
-0.167381   0.653232   0.356112   -0.265450   -0.288400   -0.305130   0.005000
-0.236086   0.684159   0.501773   -0.318100   0.072860   -0.536520   0.005000
-0.125441   0.451752   0.270022   -0.176690   -0.010740   -0.045800   0.005000
-0.302141   0.441011   0.224219   -0.139240   -0.146800   -0.035590   0.005000
-0.441658   0.293919   0.188559   -0.333220   -0.158870   -0.371440   0.005000
-0.110192   0.390073   0.290784   0.180230   0.118650   0.170090   0.005000
0.070027   0.508715   0.460864   0.212120   0.184240   0.187640   0.005000
-0.011074   0.455324   0.384325   0.116610   0.146370   -0.011620   0.005000
252
0.081170   -0.434447   2.605962   -0.016370   0.032450   -0.060120   0.035130
0.089343   -0.339487   2.546217   0.067860   0.049630   -0.007020   0.042180
0.080850   -0.269808   2.503617   0.069270   0.023420   -0.010200   0.036910
0.072358   -0.200128   2.461017   -0.022600   -0.020770   -0.035040   0.023290
0.257308   -0.270837   2.643401   0.043650   -0.052020   -0.025580   0.036280
0.118089   -0.174104   2.430007   0.037700   0.010240   -0.063600   0.037320
-0.030277   -0.242446   2.479929   0.001210   0.019000   0.051270   0.027350
0.065436   -0.149551   2.398846   -0.000270   -0.024810   0.044160   0.025330
0.015445   -0.088857   2.536609   0.066570   0.034310   -0.011920   0.037920
0.066696   -0.153677   2.432619   -0.007510   0.019300   -0.054650   0.029220
0.070269   -0.130687   2.302439   -0.012140   0.050060   0.002780   0.025790
0.070586   -0.159872   2.251180   -0.022580   -0.011680   -0.049940   0.028020
0.068559   -0.160906   2.174869   0.004320   -0.024630   0.051780   0.028750
0.087285   -0.204692   2.086350   -0.026760   0.021230   -0.041940   0.027050
0.066023   -0.187897   2.161859   -0.041650   0.020650   -0.053180   0.035320
0.003471   -0.131901   2.079621   -0.038800   0.030760   -0.027190   0.028240
0.070887   -0.131793   1.780798   -0.039770   -0.010660   -0.041150   0.029110
0.068166   -0.143196   1.844429   -0.061890   -0.017720   -0.044270   0.039060
-0.072404   -0.239582   1.528784   0.036100   0.046680   -0.021470   0.031400
-0.005513   -0.121322   1.689643   0.072500   -0.000140   -0.006150   0.036380
0.028118   0.195382   1.631443   -0.006450   -0.028030   -0.044000   0.026290
0.075420   0.089265   1.707705   -0.072570   -0.004630   -0.037960   0.041010
0.120393   -0.057709   1.738310   0.004280   0.007670   -0.058800   0.029730
0.068174   -0.257017   1.407144   -0.045200   0.022350   -0.038680   0.031770
0.160447   -0.173695   1.554541   -0.024440   0.016030   -0.055950   0.031560
0.192981   -0.107862   1.476530   0.007010   -0.029240   -0.046400   0.027640
0.179605   -0.119650   1.453034   -0.032560   -0.013400   -0.048440   0.029940
0.191610   0.175312   1.916250   -0.053360   -0.031630   0.001480   0.031030
0.159969   0.112733   1.719800   0.043700   -0.050720   -0.010290   0.033870
0.005357   0.058662   1.144849   0.005960   -0.046780   -0.053610   0.035700
0.306199   -0.356994   1.095781   0.004300   0.031720   -0.039490   0.025420
0.262339   -0.304556   1.140353   0.038720   0.037570   -0.028370   0.030480
0.196186   -0.225680   1.197385   0.040980   0.036480   -0.030450   0.031380
0.268037   -0.214152   0.926310   0.060960   -0.011890   0.025200   0.033510
0.219289   -0.192473   1.014661   -0.030760   0.007900   -0.061580   0.034640
0.158079   0.188681   1.098242   -0.029960   0.050050   -0.023880   0.031520
0.158079   0.188681   1.098242   -0.016220   -0.050900   0.005940   0.026880
0.141640   0.196295   0.932931   -0.028660   0.046160   -0.026600   0.030250
0.607576   -1.333457   2.579036   0.041660   -0.002030   -0.022280   0.023640
0.552849   -1.644308   2.423346   0.000090   0.051840   0.010300   0.026420
0.551652   -1.543238   2.386786   0.016970   0.009480   -0.037100   0.020940
0.493125   -1.238840   2.354724   -0.038300   0.018640   -0.032000   0.026640
0.514931   -1.239790   2.265174   -0.033530   -0.018790   -0.044530   0.029410
0.530075   -1.298483   2.172652   0.032900   0.031770   0.009310   0.023340
0.468611   -1.329204   2.189521   -0.056880   -0.018520   -0.039930   0.035960
0.549586   -1.500561   2.040966   -0.012730   0.057110   0.031690   0.033270
0.540536   -1.410450   2.015398   -0.033300   -0.023840   -0.040790   0.028900
0.589404   -1.429356   2.530145   0.001470   -0.005580   -0.065800   0.033030
0.461770   -1.383321   1.880826   -0.041370   0.018630   -0.045620   0.032170
0.492790   -1.330831   1.920756   0.014670   0.019020   -0.046800   0.026300
0.441609   -1.209008   2.027678   -0.074410   0.002310   -0.031430   0.040410
0.528524   -1.175146   1.859059   0.012200   -0.032940   -0.014510   0.019000
0.523498   -1.179125   1.855913   -0.035860   0.008530   -0.015810   0.020050
0.453420   -1.167172   1.796681   -0.003570   0.015410   -0.052540   0.027430
0.425474   -1.347890   1.640814   -0.048860   -0.059420   0.034900   0.042240
0.426533   -1.298829   1.678352   0.026570   -0.052890   0.024410   0.032010
0.429613   -1.211782   1.710910   -0.025860   0.007370   -0.057030   0.031530
0.413329   -1.185782   1.638475   -0.021260   -0.021910   -0.052700   0.030450
0.486031   -1.349150   1.482962   -0.004350   -0.058550   0.022910   0.031510
0.429995   -1.183900   1.571263   0.005100   0.017440   -0.053060   0.028040
0.382448   -1.062760   1.553779   -0.017480   0.055230   -0.021940   0.030970
0.332135   -1.041780   1.459804   0.006700   0.050510   -0.044650   0.033870
0.433615   -0.793769   1.301172   -0.039940   -0.032640   -0.042800   0.033510
0.317959   -0.788598   1.274449   -0.005550   -0.047370   -0.039460   0.030950
0.299624   -0.880240   1.319688   -0.002900   0.002830   -0.058140   0.029140
0.310502   -0.911327   1.255663   -0.030230   0.025610   0.037340   0.027220
0.311901   -0.784364   1.132245   -0.038920   -0.025620   -0.055680   0.036300
0.251083   -0.919725   1.249466   -0.021130   0.031900   0.042310   0.028520
0.325794   -0.664258   0.597163   -0.017240   -0.069730   0.014400   0.036630
0.216366   -0.617466   0.613771   0.006910   0.012680   -0.058600   0.030180
0.161645   -0.594067   0.622076   -0.002140   0.024970   -0.056920   0.031100
0.130802   -0.522841   0.655770   -0.023610   -0.049170   -0.058910   0.040140
0.568456   0.661105   2.787240   -0.054220   -0.028500   0.007190   0.030840
0.475120   0.845537   2.799965   -0.048760   0.032840   -0.013900   0.030200
0.470672   0.987432   2.695084   -0.042890   -0.023810   -0.012040   0.025260
0.611550   0.842867   2.271267   -0.014310   -0.012340   0.090580   0.046260
0.479082   0.846786   2.291206   0.058060   0.003900   -0.066410   0.044150
0.449003   1.042453   2.100926   -0.055010   -0.009110   -0.020340   0.029680
0.417092   1.110316   2.483866   -0.050980   -0.046920   0.004200   0.034710
0.442792   0.973782   2.115157   -0.072280   0.015180   0.000550   0.036930
0.409055   1.139642   1.901675   0.013160   -0.053430   -0.015050   0.028530
0.394761   0.772904   1.824595   0.049640   0.038490   -0.002100   0.031420
0.395390   0.857156   1.755745   0.045480   0.042630   0.036480   0.036110
0.421043   0.692388   1.657515   -0.001990   0.014510   -0.077570   0.039470
0.394638   0.790489   1.601565   0.018050   0.001870   -0.047400   0.025380
0.353729   1.065273   1.575225   -0.015510   -0.016930   -0.052490   0.028650
0.364521   0.978233   1.578397   0.034710   0.008180   -0.039410   0.026580
0.359564   1.087548   1.366564   -0.029500   -0.035480   -0.053720   0.035410
0.338395   1.046298   1.395574   -0.028040   -0.024090   -0.039090   0.026900
0.261674   0.666588   1.557355   0.020870   0.050120   0.032660   0.031680
0.282499   0.708488   1.522745   -0.014410   0.048040   0.036910   0.031140
0.315652   0.778978   1.457154   -0.044960   0.011800   -0.040640   0.030870
0.332585   0.655020   1.481242   -0.044270   0.045970   0.015260   0.032810
0.325934   0.696001   1.417543   -0.051280   -0.014480   -0.005980   0.026810
0.339983   0.776703   1.287299   0.026560   0.002270   -0.051560   0.029020
0.446961   0.793158   1.213203   -0.006370   -0.012070   -0.052910   0.027320
0.383182   0.783219   1.232225   0.005970   0.013540   -0.056800   0.029350
0.406865   0.812563   1.160855   0.049120   0.014930   0.009510   0.026110
0.342078   0.825838   1.203504   -0.006000   0.007110   -0.064360   0.032520
0.225036   0.904493   1.166629   0.001920   -0.011690   -0.051710   0.026520
0.168634   0.758778   1.324584   0.011440   0.040540   -0.037660   0.028250
0.175784   0.670537   1.227065   -0.013290   0.034720   -0.047280   0.030070
0.159590   0.598277   1.205087   -0.039890   -0.035640   0.007540   0.027010
0.166660   0.495703   0.955462   -0.033240   -0.038560   -0.036200   0.031240
-0.073547   0.420572   0.987843   -0.003890   0.058540   -0.027180   0.032330
-0.094536   0.407997   1.005927   -0.010110   0.003160   -0.049850   0.025480
0.099188   0.262292   0.942765   0.030530   0.014050   -0.057550   0.033320
0.041034   0.175023   0.586489   -0.022550   -0.000370   0.043730   0.024600
0.173444   0.182422   0.556988   0.035320   0.047460   0.043440   0.036700
-0.097855   0.183848   0.727766   0.002530   0.030620   -0.041200   0.025700
-0.094387   0.175606   0.708247   -0.004720   0.010740   -0.062190   0.031640
-0.678310   -0.448839   2.537668   0.014900   0.024100   -0.053090   0.030090
-0.649522   -0.390705   2.475107   -0.040210   -0.036080   -0.050190   0.036870
-0.735137   -0.606324   2.027849   -0.012670   0.015550   -0.038850   0.021860
-0.713370   -0.572306   2.050607   0.045530   0.027350   -0.053660   0.037750
-0.676122   -0.459503   2.172816   0.031910   -0.023170   -0.049210   0.031530
-0.683573   -0.482068   2.148370   0.081570   0.024900   -0.015060   0.043300
-0.734108   -0.051316   2.344375   0.076770   0.034500   0.039230   0.046430
-0.706569   -0.104986   2.294095   -0.056630   -0.046250   0.033080   0.040130
-0.679030   -0.158657   2.243815   0.004930   -0.010050   -0.059180   0.030120
-0.582320   -0.128089   2.015045   0.081800   0.005760   0.005110   0.041080
-0.544829   -0.450460   2.206781   0.029260   0.055760   0.006570   0.031650
-0.529152   -0.395359   2.144900   -0.023010   0.029970   0.051560   0.031960
-0.444644   -0.050429   2.064783   0.034610   0.030540   -0.019180   0.024990
-0.558495   -0.302960   2.083734   -0.058570   -0.004710   0.036450   0.034570
-0.486906   -0.348954   2.190103   0.035030   -0.032310   -0.039880   0.031070
-0.522696   -0.325960   2.136925   0.036350   0.045690   -0.026990   0.032160
-0.582106   -0.230655   2.036366   0.016180   -0.027850   0.012330   0.017250
-0.444644   -0.050429   2.064783   -0.059240   0.075560   0.056800   0.055780
-0.693978   -0.233615   1.885698   -0.054520   0.001480   0.022590   0.029520
-0.635759   -0.296347   1.803743   -0.021090   0.008420   -0.060680   0.032390
-0.637709   -0.328013   1.799071   0.017890   0.058840   -0.041520   0.037100
-0.567018   -0.228360   1.917259   0.071630   0.016190   -0.013940   0.037370
-0.541041   0.033889   1.865854   -0.058770   -0.029480   -0.052010   0.041920
-0.540926   0.031930   1.866237   0.045950   0.011780   -0.037890   0.030360
-0.689802   0.175878   1.467530   0.005990   -0.013860   -0.053920   0.028000
-0.668314   0.112611   1.537440   -0.016810   0.031620   0.031440   0.023830
-0.643145   0.038501   1.619330   0.001680   -0.036090   -0.045540   0.029060
-0.639260   0.027061   1.631971   -0.000670   0.052570   0.018800   0.027920
-0.568065   -0.083024   1.600601   -0.000320   0.009280   -0.056880   0.028820
-0.527484   -0.133356   1.520797   0.009490   -0.053760   -0.026530   0.030350
-0.401471   -0.297351   1.532989   -0.004500   0.037810   -0.028390   0.023750
-0.427704   -0.230272   1.569696   0.008130   0.006900   -0.052790   0.026930
-0.514362   -0.128458   1.596661   0.010700   -0.000110   -0.061120   0.031020
-0.496731   -0.066279   1.525706   -0.009510   -0.053670   -0.015110   0.028280
-0.496731   -0.066279   1.525706   0.027680   0.054740   -0.012130   0.031260
-0.510592   0.336471   1.325049   0.030460   -0.008780   -0.061860   0.034760
-0.471871   0.252159   1.287153   -0.057610   -0.031150   -0.036060   0.037380
-0.435587   0.183428   1.255862   -0.017070   -0.022590   0.049000   0.028300
-0.409917   0.117259   1.226519   -0.043900   -0.031110   -0.045710   0.035300
-0.437482   -0.041560   1.139740   -0.000570   0.002250   -0.034030   0.017060
-0.407108   -0.005350   1.230452   0.089840   0.034950   -0.033840   0.051080
-0.530492   -0.132514   1.056313   -0.019770   0.013340   -0.058310   0.031500
-0.455222   -0.054784   1.077123   -0.063960   0.014380   -0.002810   0.032810
-0.318728   0.125863   1.011753   0.057560   0.041280   -0.022240   0.037130
-0.317010   0.141223   1.010472   -0.019190   -0.025700   -0.026940   0.020940
-0.276688   0.018918   0.835342   -0.023200   -0.006660   -0.055870   0.030430
-0.282722   0.036832   0.859111   -0.025750   0.052050   -0.043200   0.036190
-0.255298   0.160990   0.813635   0.003390   -0.060620   0.040870   0.036600
-0.293358   0.238329   0.538524   -0.027650   -0.021560   -0.054620   0.032450
-0.764251   -1.907585   2.280137   -0.013970   -0.037990   -0.037650   0.027640
-0.840384   -1.923293   2.104250   -0.008490   -0.006430   -0.060610   0.030770
-0.865644   -1.942333   2.101264   0.032040   -0.084860   -0.031030   0.047930
-0.807431   -1.903682   1.891575   -0.002600   -0.004300   -0.071090   0.035630
-0.648325   -1.942740   2.032984   0.020610   -0.023560   -0.056010   0.032080
-0.670324   -1.874273   2.072325   0.005190   0.009460   -0.062130   0.031530
-0.642237   -1.854325   2.007974   0.008750   0.008660   -0.049580   0.025540
-0.795131   -1.887241   1.893740   -0.029950   -0.022070   -0.059290   0.035000
-0.765028   -1.847003   1.899040   0.033350   -0.050460   -0.060250   0.042680
-0.699298   -1.529123   2.116667   -0.023030   0.074790   -0.003230   0.039160
-0.697301   -1.552684   2.095748   -0.062590   -0.029900   -0.013500   0.035340
-0.657702   -1.854815   1.828499   -0.024960   0.007910   -0.054280   0.030130
-0.667480   -1.784427   1.851755   -0.025280   -0.045400   0.031640   0.030420
-0.710532   -1.748338   1.870231   -0.052750   0.008210   -0.047300   0.035660
-0.755817   -1.825095   1.935881   -0.022050   0.071430   0.030750   0.040410
-0.687892   -1.709964   1.837409   -0.020090   -0.034750   -0.068210   0.039570
-0.756559   -1.556758   1.940876   0.006570   -0.004620   -0.064310   0.032410
-0.726557   -1.589776   1.942230   0.051750   0.050210   -0.024050   0.038000
-0.719570   -1.603362   1.919032   -0.058040   -0.011230   -0.055170   0.040430
-0.715180   -1.840937   1.691772   0.024280   -0.007960   -0.057820   0.031610
-0.697418   -1.753327   1.722730   0.011560   -0.018420   -0.066840   0.035140
-0.686764   -1.700777   1.741300   -0.069590   -0.011530   -0.002920   0.035300
-0.688538   -1.709526   1.738208   0.020310   0.000380   -0.050620   0.027270
-0.866041   -1.562920   1.716336   0.022880   0.012540   0.057420   0.031540
-0.715221   -1.582902   1.661736   0.057670   0.055660   0.087040   0.059160
-0.630981   -1.709518   1.413914   0.039320   -0.022820   -0.043360   0.031410
-0.617702   -1.715312   1.448425   -0.002210   0.059300   0.016930   0.030850
-0.531269   -1.701679   1.537739   -0.009460   -0.037210   -0.062410   0.036640
-0.678297   -1.586122   1.548845   0.009950   -0.008770   -0.068100   0.034690
-0.614923   -1.521021   1.524533   0.038260   0.044040   0.026960   0.032130
-0.459788   -1.823229   1.521408   -0.012860   0.021440   -0.060540   0.032750
-0.484570   -1.781090   1.527069   0.032020   0.043320   -0.025370   0.029770
-0.763824   -1.252328   1.071708   0.048720   -0.046660   -0.071420   0.049120
-0.526069   -1.333463   1.199867   0.021840   0.009170   -0.051790   0.028480
-0.417710   -1.513460   1.187343   -0.006660   0.013110   -0.060490   0.031120
-0.428389   -1.429510   1.178673   0.017540   -0.015180   -0.069300   0.036540
-0.421840   -1.352534   1.158571   0.016990   -0.025850   -0.035050   0.023380
-0.551920   -1.349414   1.089584   0.039170   -0.015700   -0.067970   0.040000
-0.542191   -1.333884   1.097945   -0.034860   0.020340   -0.047800   0.031280
-0.731987   -1.266494   0.981847   0.012360   0.038770   -0.032190   0.025940
-0.433057   -1.439706   0.875267   -0.048590   0.003010   -0.026970   0.027830
-0.486450   -1.401873   0.907441   0.023970   0.041760   -0.048660   0.034230
-0.427719   -1.445690   0.677457   0.013130   0.069480   0.022280   0.037070
-0.534327   -1.430128   0.848107   -0.017930   -0.051940   -0.040510   0.034130
-0.492257   -0.857094   1.339580   0.056440   -0.002700   0.031120   0.032250
-0.492614   -0.875918   1.250350   0.050010   0.028990   -0.025970   0.031690
-0.483517   -0.871612   1.219968   -0.004810   -0.057850   -0.024550   0.031510
-0.413996   -0.890358   1.125591   -0.004490   0.033280   -0.047300   0.029010
-0.489014   -1.037194   0.777027   0.026100   0.053580   -0.009700   0.030190
-0.455678   -0.993643   0.894931   0.022110   0.012810   -0.048240   0.027290
-0.315283   -1.312611   0.762400   -0.024460   -0.031870   -0.052280   0.032970
-0.360734   -1.165444   0.567099   -0.029100   0.021020   -0.043810   0.028320
-0.422285   -1.148726   0.715559   -0.040590   -0.011210   -0.049210   0.032380
-0.445956   -1.142296   0.772653   -0.025240   -0.071580   -0.035520   0.041900
-0.372940   -0.894548   0.520852   -0.009610   -0.039740   0.049440   0.032080
-0.001220   -0.447441   0.414410   -0.043080   0.026320   -0.110280   0.060640
-0.032336   -0.415377   0.491189   -0.006120   0.026960   -0.040360   0.024460
-0.098500   -0.367732   0.370820   0.014320   -0.066570   -0.020900   0.035610
-0.102133   -0.208717   0.525760   0.040840   0.049870   -0.011590   0.032740
-0.074013   -0.210543   0.520897   0.004920   -0.004980   -0.074280   0.037300
-0.190015   -0.136422   0.522317   0.010750   0.016670   -0.060600   0.031880
-0.310601   1.408243   1.602702   0.032610   -0.040000   -0.032710   0.030550
-0.306557   1.453549   1.551979   0.086430   0.025750   0.041480   0.049630
-0.100728   1.376826   0.986918   -0.033470   0.017870   -0.027710   0.023490
-0.253842   1.436312   1.117745   0.025550   0.056060   -0.056980   0.041960
-0.301520   1.342248   1.049032   -0.046590   0.027680   0.035430   0.032370
-0.382568   1.149047   0.914500   -0.028370   0.015260   -0.004970   0.030000
-0.413820   1.620417   0.864424   -0.064080   -0.007330   0.027370   0.035040
-0.365353   1.503646   0.923114   -0.070420   -0.004600   0.005810   0.035400
-0.145890   1.549970   0.868399   0.043640   -0.012130   -0.056410   0.036170
-0.222119   1.456622   0.941947   -0.011580   -0.007060   -0.056960   0.029280
-0.275366   1.565985   0.644026   -0.031090   0.010690   -0.044330   0.027600
-0.268306   1.504042   0.705555   0.059580   -0.023940   -0.016310   0.033120
-0.283335   1.456318   0.808463   0.013740   -0.027320   -0.060240   0.033780
-0.294681   1.380489   0.851916   -0.022480   0.062040   -0.002290   0.033020
-0.142842   1.552149   0.864916   0.005030   -0.017350   -0.029670   0.017370
-0.370359   1.368569   0.416809   -0.051520   0.027050   0.000140   0.029090
-0.343128   1.380208   0.523572   0.058040   0.036630   -0.014330   0.035060
-0.128387   0.992819   0.422376   -0.030040   0.031720   -0.019440   0.023910
-0.125607   1.047311   0.551347   -0.024450   0.023030   -0.054360   0.031950
-0.221967   0.916053   0.497669   -0.072430   0.036810   0.038050   0.044860
-0.244038   0.964303   0.358110   -0.018610   0.019690   -0.043480   0.025620
-0.272732   1.074720   0.330396   -0.006320   0.058820   -0.036270   0.034700
-0.209979   1.107695   0.282006   -0.008390   0.008730   -0.080510   0.040710
-0.186320   1.042841   0.297482   -0.041850   0.025540   -0.045640   0.033490
-0.237732   1.036074   0.333449   0.025450   -0.064330   -0.047200   0.041880
-0.356771   0.644460   0.761362   0.085440   -0.117690   -0.036840   0.075020
-0.277377   0.677756   0.589702   0.009940   0.068750   -0.026190   0.037120
-0.261743   0.680180   0.556410   0.034570   -0.051440   -0.044240   0.038070
-0.436060   0.299821   0.189989   0.034890   0.027680   -0.072250   0.042440
-0.020082   0.449394   0.375824   -0.047700   -0.034500   -0.016090   0.030510
-0.020082   0.449394   0.375824   0.002640   0.016470   -0.094780   0.048120
