369
-0.00000   -0.00000   0.00000   -0.10318   0.04499   0.37942   0.04095
-0.10318   0.04499   0.37942   -0.43934   -0.16801   0.41084   0.04000
-0.52772   -0.11736   0.77642   -0.19663   -0.12105   0.66714   0.03781
-0.72435   -0.23841   1.44355   -0.16518   -0.20954   0.78978   0.01649
-0.85060   -0.39857   2.04722   -0.01360   0.03002   0.10386   0.01000
-0.87301   -0.42699   2.15435   0.07577   0.19783   0.22107   0.01000
-0.85649   -0.40604   2.07538   -0.17544   -0.02140   0.05686   0.00500
-0.83997   -0.38509   1.99639   0.01062   -0.07230   -0.01153   0.00500
-0.82346   -0.36413   1.91742   -0.04581   0.08022   0.02031   0.00500
-0.86927   -0.28391   1.93773   -0.17870   0.17142   -0.15138   0.00500
-0.97649   -0.18106   1.84690   -0.06419   0.08940   0.05060   0.00500
-0.81519   -0.35365   1.87792   -0.02700   -0.14536   0.05906   0.00500
-0.83004   -0.43360   1.91040   -0.15358   -0.06545   0.05339   0.00500
-0.79042   -0.32222   1.75946   0.14674   0.36154   0.35752   0.00500
-0.77390   -0.30127   1.68049   -0.06307   -0.05142   0.08834   0.00500
-0.83208   -0.34870   1.76198   -0.15971   -0.04484   0.01435   0.00500
-0.98472   -0.39156   1.77569   -0.36844   -0.42387   0.00346   0.00500
-0.95186   -0.38233   1.77274   -0.30023   -0.07164   -0.18908   0.00500
-0.76564   -0.29079   1.64098   -0.05174   -0.25513   -0.09417   0.00500
-0.74087   -0.25936   1.52253   -0.01359   0.05881   0.13624   0.00500
-0.75446   -0.20055   1.65877   -0.18960   0.10522   0.29364   0.00500
-0.94406   -0.09533   1.95241   -0.13182   0.23755   0.27625   0.00500
-0.82081   -0.16373   1.76154   -0.10719   -0.12374   0.05995   0.00500
-0.75738   -0.28032   1.60150   -0.01342   0.17260   0.27076   0.00500
-0.72435   -0.23841   1.44355   0.00193   -0.17180   -0.02439   0.00500
-0.70468   -0.22630   1.37684   0.02049   -0.15323   0.12715   0.00500
-0.68422   -0.37935   1.50384   0.00928   -0.16936   0.00461   0.00500
-0.67494   -0.54871   1.50845   0.00569   -0.14924   -0.05406   0.00500
-0.67181   -0.63080   1.47871   0.12702   -0.19478   -0.35433   0.00500
-0.66925   -0.69795   1.45439   -0.12405   -0.23661   -0.08736   0.00500
-0.72435   -0.23841   1.44355   -0.04659   0.37349   0.31323   0.00500
-0.77094   0.13508   1.75678   -0.21286   0.11831   0.39087   0.00500
-0.85608   0.18241   1.91313   -0.34824   0.08751   0.09898   0.00500
-0.76861   0.11641   1.74112   -0.12279   0.09937   0.32768   0.00500
-0.72434   -0.23841   1.44354   0.01054   -0.01882   0.09402   0.00500
-0.72435   -0.23841   1.44356   -0.10463   0.03293   0.38209   0.00500
-0.72435   -0.23841   1.44356   -0.22492   0.26411   0.38647   0.00500
-0.94927   0.02570   1.83003   -0.19598   0.13484   0.11330   0.00500
-0.94927   0.02570   1.83003   0.26227   0.14648   0.05345   0.00500
-0.91553   -0.01392   1.77205   -0.21628   0.38297   -0.06697   0.00500
-0.85930   -0.07994   1.67544   -0.20094   0.07951   0.11236   0.00500
-0.81432   -0.13276   1.59815   -0.28166   0.34227   -0.09865   0.00500
-0.74087   -0.25936   1.52253   -0.07945   0.02282   0.25914   0.00500
-0.72435   -0.23841   1.44355   -0.03933   0.24484   0.14561   0.00500
-0.69485   -0.22025   1.34348   -0.02936   -0.20289   0.09006   0.00500
-0.72421   -0.42314   1.43354   -0.11671   -0.25467   -0.10523   0.00500
-0.84092   -0.67781   1.32831   -0.05807   -0.63102   0.07662   0.00500
-0.82925   -0.65234   1.33883   -0.59635   -0.38095   0.16721   0.00500
-0.76506   -0.51227   1.39671   -0.46142   -0.22371   0.10783   0.00500
-0.78840   -0.56321   1.37566   -0.30645   -0.05150   -0.08523   0.00500
-0.71100   -0.33184   1.39301   0.02496   -0.14366   0.30117   0.00500
-0.70468   -0.22630   1.37684   -0.01877   -0.07078   -0.01967   0.00500
-0.72345   -0.29708   1.35717   0.02616   -0.10272   -0.40230   0.00500
-0.71451   -0.23235   1.41019   -0.02368   -0.04637   0.16150   0.00500
-0.70468   -0.22630   1.37682   -0.08840   0.11491   0.05929   0.00500
-0.79310   -0.11137   1.43612   -0.20897   -0.01805   -0.03028   0.00500
-0.74004   -0.18033   1.40054   -0.25524   -0.03710   -0.04576   0.00500
-0.58670   -0.15367   0.97655   -0.06271   -0.23098   -0.01327   0.00500
-0.63374   -0.32691   0.96660   -0.37325   -0.06027   0.08837   0.00500
-0.64941   -0.38465   0.96328   -0.42524   -0.43017   -0.28927   0.00500
-0.64941   -0.38465   0.96328   -0.23150   -0.26492   0.20759   0.00500
-0.66226   -0.33152   0.97335   -0.33316   -0.02984   0.18430   0.00500
-0.99001   -0.36087   1.15466   -0.08849   -0.24721   -0.04674   0.00500
-0.91211   -0.35390   1.11156   -0.00227   -0.19534   0.13740   0.00500
-0.84548   -0.34793   1.07470   -0.38182   -0.35960   0.13251   0.00500
-0.60865   -0.23451   0.97190   -0.12391   -0.24835   0.60597   0.00500
-0.53230   -0.11911   0.78070   -0.09334   -0.14634   0.06786   0.00500
-0.62563   -0.26544   0.84856   -0.09924   -0.22329   -0.17372   0.00500
-0.72427   -0.48738   0.67589   -0.09739   -0.02916   -0.00931   0.00500
-0.62564   -0.26545   0.84856   -0.09993   -0.11164   0.16439   0.00500
-0.59653   -0.15972   1.00990   -0.04519   0.04486   0.07713   0.00500
-0.61694   -0.17229   1.07914   -0.28811   -0.08532   0.18669   0.00500
-0.60637   -0.16578   1.04327   0.02678   0.24087   0.12371   0.00500
-0.49858   -0.10622   0.74917   -0.08545   0.30349   -0.10302   0.00500
-0.52054   -0.11461   0.76971   0.16008   0.13423   0.17533   0.00500
-0.10318   0.04499   0.37942   0.01651   0.05675   0.18268   0.04886
-0.08667   0.10174   0.56210   -0.39065   0.28406   0.26961   0.02858
-0.44718   0.36388   0.81091   -0.07838   0.12223   0.17595   0.02000
-0.52556   0.48611   0.98685   -0.13922   0.48344   1.26403   0.01658
-0.65797   0.94591   2.18907   -0.02822   -0.07673   0.06727   0.00500
-0.68618   0.86919   2.25633   0.09881   -0.81222   0.16346   0.00500
-0.64389   0.89703   2.06128   -0.19510   -0.14051   0.15556   0.00500
-0.62997   0.84869   1.93487   -0.26428   0.03219   -0.03527   0.00500
-0.62997   0.84869   1.93488   -0.16041   -0.22928   0.22640   0.00500
-0.61605   0.80035   1.80848   -0.06266   0.31523   0.04212   0.00500
-0.67846   1.11432   1.85043   0.02103   0.31841   0.09221   0.00500
-0.64199   0.93083   1.82592   -0.22489   0.24481   -0.17872   0.00500
-0.60909   0.77617   1.74527   0.11809   0.16352   0.19310   0.00500
-0.60909   0.77617   1.74527   -0.21963   -0.05907   0.18787   0.00500
-0.60213   0.75200   1.68207   -0.06348   0.24422   -0.02191   0.00500
-0.66561   0.99622   1.66016   -0.01629   0.05707   -0.11397   0.00500
-0.68190   1.05329   1.54619   0.02746   0.36818   -0.13667   0.00500
-0.67486   1.02863   1.59544   0.03035   0.28122   -0.00051   0.00500
-0.66561   0.99622   1.66016   -0.23825   0.05815   0.10679   0.00500
-0.64073   0.90051   1.66875   -0.06309   0.15669   -0.16461   0.00500
-0.58821   0.70366   1.55567   0.13724   0.15209   0.10386   0.00500
-0.59517   0.72783   1.61887   -0.13260   -0.01917   0.11459   0.00500
-0.72777   0.70866   1.73346   -0.10972   0.01178   -0.06078   0.00500
-0.83749   0.72044   1.67268   -0.09240   -0.04853   -0.16946   0.00500
-0.59517   0.72783   1.61887   -0.13129   0.12705   -0.21134   0.00500
-0.58821   0.70366   1.55567   -0.05096   0.17795   -0.07395   0.00500
-0.63776   0.87670   1.48376   0.07754   0.13497   -0.18704   0.00500
-0.61368   0.79263   1.51870   0.06888   0.15884   0.05308   0.00500
-0.58124   0.67948   1.49246   -0.10602   -0.09573   -0.01944   0.00500
-0.56732   0.63114   1.36606   -0.06284   -0.03762   0.20539   0.00500
-0.63016   0.59352   1.57145   -0.21940   -0.23039   0.02953   0.00500
-0.56732   0.63114   1.36607   0.05343   0.30799   0.05022   0.00500
-0.51384   0.93944   1.41634   0.07327   0.15507   0.14519   0.00500
-0.51389   0.93913   1.41629   0.24664   0.34130   -0.13312   0.00500
-0.53794   0.80053   1.39369   0.13695   0.13252   -0.20649   0.00500
-0.56036   0.60697   1.30286   -0.06123   0.09389   -0.02759   0.00500
-0.61841   0.69598   1.27670   -0.15441   0.37415   -0.15554   0.00500
-0.61330   0.68815   1.27901   -0.06661   0.03411   -0.08500   0.00500
-0.67940   0.72200   1.19466   0.00081   0.02603   -0.25945   0.00500
-0.56039   0.60707   1.30313   -0.38223   0.09014   0.11729   0.00500
-0.55758   0.59730   1.27758   -0.19550   -0.01704   0.02616   0.00500
-0.75308   0.58026   1.30374   -0.11736   0.02649   -0.00366   0.00500
-0.71398   0.58367   1.29851   -0.24326   -0.17728   0.12542   0.00500
-0.55340   0.58280   1.23966   -0.03317   0.09481   -0.02087   0.00500
-0.58657   0.67761   1.21879   -0.07281   0.37958   -0.16603   0.00500
-0.58657   0.67761   1.21879   -0.04408   0.03937   -0.06841   0.00500
-0.63065   0.71698   1.15038   0.00124   0.01927   -0.24503   0.00500
-0.54644   0.55863   1.17646   -0.12048   -0.01189   0.02584   0.00500
-0.66692   0.54674   1.20230   -0.25885   -0.10273   0.11797   0.00500
-0.53252   0.51028   1.05005   -0.12121   0.02195   0.00286   0.00500
-0.65373   0.53223   1.05291   -0.13431   0.04318   -0.06325   0.00500
-0.78804   0.57541   0.98966   -0.06376   0.07459   -0.02382   0.00500
-0.73431   0.55814   1.01496   -0.18220   -0.08909   0.05203   0.00500
-0.53252   0.51028   1.05006   -0.07996   0.01336   0.43724   0.00500
-0.60048   0.52164   1.42171   -0.45194   -0.21722   0.34035   0.00500
-0.59649   0.52097   1.39985   0.14406   -0.04204   0.11903   0.00500
-0.59649   0.52097   1.39985   0.03279   -0.04700   0.00953   0.00500
-0.56762   0.47960   1.40824   0.12183   -0.09279   -0.18975   0.00500
-0.54326   0.46104   1.37029   0.03772   -0.00717   0.02053   0.00500
-0.52556   0.48611   0.98685   -0.08282   -0.01890   0.07780   0.00500
-0.60812   0.46727   1.06441   -0.09231   -0.01272   0.15989   0.00500
-0.52556   0.48611   0.98685   -0.15942   -0.47131   0.11453   0.00500
-0.52556   0.48611   0.98685   0.06648   -0.07475   0.07956   0.00500
-0.52556   0.48611   0.98685   -0.07685   0.20891   0.06032   0.01137
-0.60241   0.69502   1.04717   -0.09183   0.34063   0.09219   0.00500
-0.69424   1.03565   1.13936   -0.25561   0.05038   0.21433   0.00500
-0.68964   1.01862   1.13475   0.07174   0.04443   -0.15399   0.00500
-0.61790   1.06305   0.98076   -0.09670   0.31911   -0.28684   0.00500
-0.67128   0.95049   1.11631   0.18363   0.44934   0.23338   0.00500
-0.64373   0.84830   1.08866   -0.04710   0.06252   -0.20862   0.00500
-0.63455   0.81424   1.07944   0.03857   0.07006   0.11004   0.00500
-0.59634   0.88363   1.18843   -0.07827   0.21157   0.22098   0.00500
-0.62536   0.78018   1.07022   -0.11712   0.00559   -0.04007   0.00500
-0.74251   0.78577   1.03014   -0.16389   0.07429   -0.00973   0.00500
-0.74251   0.78577   1.03014   -0.08367   -0.17175   -0.13348   0.00500
-0.61618   0.74612   1.06100   -0.01172   0.02140   0.38416   0.00500
-0.59088   0.66368   1.03812   0.17884   0.30026   0.09366   0.00500
-0.58551   0.64910   1.03391   -0.17700   0.01648   -0.07290   0.00500
-0.56783   0.60102   1.02003   -0.08354   -0.05261   0.34198   0.00500
-0.54477   0.53834   1.00193   -0.09562   0.12883   0.24540   0.00500
-0.54477   0.53834   1.00193   -0.07610   0.32246   -0.20094   0.00500
-0.46254   0.37505   0.82151   0.07456   -0.00750   -0.01696   0.00500
-0.42551   0.34813   0.79596   0.17766   0.30105   -0.01518   0.00500
-0.24785   0.64918   0.78078   0.06446   0.15891   0.15255   0.00500
-0.24785   0.64918   0.78078   0.03452   0.13592   -0.12724   0.00500
-0.27450   0.60402   0.78305   0.19685   0.04050   0.12736   0.00500
-0.08667   0.10174   0.56210   0.10445   -0.33762   0.22871   0.03016
0.01778   -0.23588   0.79081   0.10817   -0.20008   0.33197   0.02571
0.11652   -0.41851   1.09383   0.15072   -0.47758   0.65945   0.02247
0.26508   -0.88925   1.74383   0.04144   -0.21429   0.53955   0.01683
0.29823   -1.06068   2.17546   0.06131   -0.19060   -0.01938   0.00846
0.35954   -1.25128   2.15608   0.05919   -0.27395   0.37029   0.00500
0.34421   -1.20363   2.16093   0.02548   -0.23403   0.30202   0.00500
0.31049   -1.09879   2.17159   0.07966   -0.07518   0.33125   0.00500
0.29201   -1.02853   2.09453   -0.04733   -0.17048   -0.04962   0.00500
0.24469   -1.19900   2.04491   0.08971   -0.53603   -0.08594   0.00500
0.28580   -0.99639   2.01360   0.46306   0.14368   0.42525   0.00500
0.28165   -0.97496   1.95964   -0.02024   -0.11787   -0.10147   0.00500
0.26141   -1.09282   1.85818   -0.16587   -0.40641   -0.18202   0.00500
0.27129   -0.92139   1.82476   -0.02712   -0.42221   0.19742   0.00500
0.27958   -0.96425   1.93267   0.41330   -0.06976   -0.06517   0.00500
0.26984   -0.91388   1.80586   0.22581   -0.09418   0.03024   0.00500
0.34888   -0.94685   1.81644   0.07538   -0.03101   0.17324   0.00500
0.42294   -0.97732   1.98665   0.14804   -0.02535   0.06698   0.00500
0.26922   -0.91068   1.79779   -0.08780   -0.21995   0.11587   0.00500
0.32629   -0.93743   1.81342   0.29187   0.31003   0.30142   0.00500
0.24592   -0.82855   1.66002   0.02116   0.02909   0.12857   0.00500
0.35549   -0.90642   1.84357   -0.14916   0.25781   0.05414   0.00500
0.25970   -0.87221   1.72031   0.24985   0.23262   -0.01343   0.00500
0.26692   -0.89515   1.75198   -0.06670   -0.25198   0.02932   0.00500
0.26692   -0.89515   1.75198   -0.09617   -0.05747   -0.23497   0.00500
0.25217   -0.84834   1.68734   0.11032   -0.23034   -0.00636   0.00500
0.36249   -1.07868   1.68098   -0.09324   -0.49329   -0.07078   0.00500
0.31284   -0.97503   1.68384   0.02138   -0.13201   -0.05527   0.00500
0.27974   -0.90592   1.68575   0.15099   -0.03320   -0.14845   0.00500
0.24463   -0.82446   1.65437   0.20499   -0.09892   -0.08791   0.00500
0.23710   -0.80058   1.62140   0.43638   -0.20124   -0.15535   0.00500
0.22956   -0.77669   1.58841   -0.08990   0.10423   0.16957   0.00500
0.14145   -0.67455   1.75459   0.00681   0.10400   0.22905   0.00500
0.14030   -0.67322   1.75675   -0.19807   0.11184   0.03625   0.00500
0.22202   -0.75281   1.55544   0.05692   -0.58641   -0.20922   0.00500
0.19941   -0.68117   1.45652   0.00567   -0.39001   0.04894   0.00500
0.19941   -0.68118   1.45653   0.23329   0.10637   0.11653   0.00500
0.43075   -0.57570   1.57208   0.08113   0.02817   0.20500   0.00500
0.51188   -0.54753   1.77709   0.24824   0.20457   0.29507   0.00500
0.43270   -0.57481   1.57306   0.07056   0.09510   -0.00159   0.00500
0.50326   -0.47971   1.57147   0.29039   0.22901   0.31959   0.00500
0.19941   -0.68118   1.45653   0.00093   -0.42363   0.04210   0.00500
0.18434   -0.63342   1.39058   0.25251   -0.16231   0.00004   0.00500
0.17680   -0.60954   1.35761   0.27847   -0.59830   -0.02259   0.00500
0.18434   -0.63342   1.39058   0.06978   -0.01866   0.09022   0.00500
0.16927   -0.58566   1.32463   0.31342   0.27284   0.25577   0.00500
0.16173   -0.56179   1.29167   0.25406   -0.05136   0.02584   0.00500
0.16173   -0.56178   1.29166   -0.03683   -0.24063   0.07751   0.00500
0.12490   -0.80241   1.36917   -0.05029   -0.43206   -0.27426   0.00500
0.14666   -0.51403   1.22572   0.45268   0.10702   -0.03874   0.00500
0.13912   -0.49014   1.19274   0.24935   0.02719   0.03855   0.00500
0.38847   -0.46295   1.23129   0.50239   0.38711   0.02745   0.00500
0.08561   -0.36135   0.99899   -0.11415   -0.22594   -0.08535   0.00857
-0.00830   -0.54724   0.92877   0.12382   -0.24081   0.21065   0.00500
0.11505   -0.78714   1.13862   0.18489   -0.10154   0.01121   0.00500
0.29994   -0.88868   1.14983   0.20223   -0.19743   -0.16473   0.00500
0.10581   -0.76917   1.12290   0.08845   -0.50654   -0.15757   0.00500
0.10314   -0.76397   1.11836   0.14309   -0.02557   0.15244   0.00500
0.09075   -0.73989   1.09729   -0.03601   -0.35768   -0.22661   0.00500
0.04067   -0.64249   1.01209   0.17640   -0.13875   0.01450   0.00500
0.01767   -0.59776   0.97296   0.05543   0.03834   0.15865   0.00500
0.26577   -0.89289   1.75297   -0.04339   -0.18604   0.16636   0.00500
0.22238   -1.07893   1.91933   -0.05992   -0.09455   0.15574   0.00500
0.23323   -1.03242   1.87774   -0.00821   -0.19206   0.03438   0.00500
0.10021   -0.38835   1.04379   -0.13597   -0.02594   0.02391   0.00500
-0.03576   -0.41429   1.06770   -0.08705   -0.16658   -0.15325   0.00500
-0.02216   -0.41170   1.06531   -0.05168   0.06395   -0.04428   0.00500
0.09446   -0.37771   1.02614   -0.06132   0.11248   0.08208   0.00500
0.03314   -0.26523   1.10822   0.18342   0.14501   0.33030   0.00500
0.07899   -0.22899   1.19078   -0.05731   0.16674   -0.05499   0.00500
0.10973   -0.40595   1.07299   0.17948   0.21269   0.17043   0.00500
0.09346   -0.37587   1.02308   0.26009   0.16441   0.38910   0.00500
0.06023   -0.31440   0.92109   -0.12116   -0.10351   0.06240   0.00500
0.05438   -0.30358   0.90314   0.08679   -0.04068   0.08283   0.00500
0.13714   -0.34237   0.98212   0.16806   0.00714   -0.07343   0.00500
0.30520   -0.33523   0.90869   0.13917   -0.15409   0.03850   0.00500
0.26318   -0.33702   0.92705   0.39300   0.15276   0.05571   0.00500
0.10432   -0.39595   1.05639   0.13797   -0.22557   -0.08096   0.00500
0.24229   -0.62152   0.97543   0.02498   -0.16306   0.08123   0.00500
0.26709   -0.78340   1.05607   -0.02365   -0.67687   -0.16027   0.00500
0.26727   -0.78460   1.05667   0.13596   -0.05072   0.09634   0.00500
0.26676   -0.79270   1.05387   0.30737   -0.39950   -0.32423   0.00500
0.26727   -0.78460   1.05667   0.01984   -0.08182   0.14171   0.00500
0.24229   -0.62152   0.97543   0.22338   -0.21544   -0.45025   0.00500
0.19399   -0.54256   1.00377   -0.02155   -0.02321   0.00731   0.00500
0.19399   -0.54256   1.00377   0.17058   -0.00996   -0.19351   0.00500
0.32193   -0.55003   0.85864   0.06403   -0.08266   -0.03282   0.00500
0.33899   -0.55102   0.83929   0.15048   0.14004   0.01095   0.00500
0.25370   -0.54604   0.93604   0.24750   -0.21204   0.10997   0.00500
0.25370   -0.54604   0.93604   0.17785   0.05995   -0.00913   0.00500
0.01778   -0.23588   0.79081   0.05546   0.04948   -0.02505   0.00500
0.07325   -0.18639   0.76576   0.22119   0.03367   -0.00967   0.00500
0.25019   -0.15946   0.75802   0.40369   0.46739   0.40788   0.00500
0.43186   0.05088   0.94158   0.22892   0.13197   0.08631   0.00500
0.27230   -0.15609   0.75705   0.10774   -0.04203   0.02839   0.00500
0.18383   -0.16956   0.76092   0.24660   -0.22559   -0.03908   0.00500
0.10642   -0.18134   0.76431   0.26818   0.44022   0.05643   0.00500
0.05661   -0.20124   0.77327   -0.08817   0.32323   -0.14465   0.00500
-0.08667   0.10174   0.56210   0.07678   0.28267   -0.01456   0.01663
-0.01309   0.37263   0.54815   0.15474   0.20234   0.08511   0.01806
0.14165   0.57497   0.63326   0.20780   0.20238   0.33388   0.01459
0.34283   0.77091   0.95651   0.08368   0.13798   0.43146   0.01200
0.42651   0.90889   1.38797   -0.08955   0.04528   0.79697   0.01000
0.33697   0.95417   2.18493   0.07283   0.13978   0.26279   0.00500
0.36609   1.01007   2.29002   0.34239   -0.02333   0.08318   0.00500
0.33697   0.95417   2.18493   0.04647   -0.09963   0.20048   0.00500
0.34592   0.94964   2.10524   -0.00807   -0.17073   0.25697   0.00500
0.34592   0.94964   2.10524   0.22632   0.25449   0.05015   0.00500
0.36383   0.94058   1.94584   -0.06276   0.03066   -0.00295   0.00500
0.30235   0.97062   1.94295   -0.01806   0.04535   -0.20682   0.00500
0.28457   1.01526   1.73936   0.07251   -0.01355   -0.07439   0.00500
0.36383   0.94058   1.94584   -0.04761   -0.14259   0.10422   0.00500
0.31811   0.80366   2.04591   -0.02341   -0.29387   0.39354   0.00500
0.31622   0.79799   2.05005   -0.07670   -0.32655   0.07058   0.00500
0.37278   0.93605   1.86615   0.28672   -0.42651   0.20498   0.00500
0.37726   0.93379   1.82630   0.17396   0.02954   0.09616   0.00500
0.37677   0.93404   1.83071   -0.03658   0.35493   0.15530   0.00500
0.37904   0.93289   1.81045   -0.13160   -0.15995   0.09707   0.00500
0.24744   0.77294   1.90752   -0.36333   -0.16438   0.01634   0.00500
0.24744   0.77294   1.90752   -0.04532   -0.13009   0.13855   0.00500
0.26924   0.79944   1.89144   0.04426   -0.14107   -0.01975   0.00500
0.38622   0.92926   1.74660   0.19553   0.02881   0.13951   0.00500
0.38622   0.92926   1.74660   0.02025   0.31617   0.15629   0.00500
0.39070   0.92700   1.70675   -0.06222   0.05251   0.00368   0.00500
0.33246   0.97615   1.71019   -0.01675   0.09230   -0.04016   0.00500
0.31571   1.06845   1.67003   0.12933   0.21772   -0.09499   0.00500
0.39517   0.92473   1.66691   0.20101   -0.22379   0.02048   0.00500
0.59059   0.70717   1.68682   0.02607   0.00753   0.04888   0.00500
0.59618   0.70094   1.68739   0.21686   -0.07133   -0.01259   0.00500
0.59618   0.70094   1.68739   0.02945   -0.46932   0.13730   0.00500
0.52582   0.77928   1.68022   -0.01677   -0.15357   0.14075   0.00500
0.39965   0.92247   1.62705   -0.22279   -0.75216   0.55134   0.00500
0.26792   0.47774   1.95304   -0.03084   -0.20756   -0.07082   0.00500
0.41308   0.91568   1.50751   0.20907   -0.05015   -0.02079   0.00500
0.50716   0.89311   1.49815   0.09252   -0.04162   0.08314   0.00500
0.40860   0.91794   1.54736   0.05170   0.04366   -0.01113   0.00500
0.45783   0.95951   1.53676   0.15269   0.06458   0.11093   0.00500
0.41308   0.91568   1.50751   -0.07191   -0.10009   -0.03925   0.00500
0.34117   0.81559   1.46826   -0.02952   -0.05381   -0.07547   0.00500
0.31214   0.76266   1.39403   -0.09425   -0.14824   -0.10908   0.00500
0.36323   0.84629   1.48030   0.06404   -0.23950   -0.14530   0.00500
0.40860   0.91794   1.54736   -0.11127   -0.12823   0.14870   0.00500
0.41756   0.91341   1.46767   0.06538   -0.04908   -0.00267   0.00500
0.48294   0.86433   1.46500   0.14870   -0.05620   0.21125   0.00500
0.42204   0.91115   1.42781   0.09410   0.07335   0.00975   0.00500
0.49261   0.96616   1.43512   0.19366   0.10065   -0.08689   0.00500
0.42204   0.91115   1.42782   -0.07786   -0.03354   0.01666   0.00500
0.42651   0.90889   1.38797   -0.01165   0.05332   -0.02796   0.00500
0.41500   0.96157   1.36034   0.03274   0.11148   -0.04834   0.00500
0.41815   0.89509   1.34482   0.03498   -0.08918   -0.04604   0.00500
0.45262   0.80721   1.29945   0.01219   -0.05251   -0.14269   0.00500
0.46481   0.75470   1.15676   -0.13629   -0.22259   -0.11728   0.00500
0.40141   0.86749   1.25852   -0.03921   0.13774   0.13238   0.00500
0.38467   0.83990   1.17224   -0.01051   0.17218   0.13746   0.00500
0.38467   0.83990   1.17224   0.02279   -0.06604   0.05998   0.00500
0.39981   0.79603   1.21208   -0.12236   -0.30265   0.17590   0.00500
0.38886   0.84679   1.19381   -0.01015   0.15756   0.21836   0.00500
0.36794   0.81230   1.08595   0.08971   0.23525   -0.01451   0.00500
0.45765   1.04755   1.07144   0.04477   -0.02326   -0.23459   0.00500
0.50242   1.02429   0.83684   0.15106   0.39659   -0.16105   0.00500
0.47780   1.03708   0.96587   0.11458   0.04200   0.02789   0.00500
0.47108   1.04057   1.00105   0.05309   0.18946   -0.01874   0.00500
0.43073   0.97697   1.07579   0.23679   0.01240   0.18130   0.00500
0.40382   0.90639   1.08014   0.23016   -0.03192   0.05466   0.00500
0.40382   0.90639   1.08014   -0.07793   0.10444   0.04499   0.00500
0.35538   0.79160   1.02122   0.04356   -0.44574   0.00543   0.00500
0.35120   0.78470   0.99965   -0.33050   -0.38318   0.33128   0.00500
0.33506   0.76333   0.94401   0.10532   0.21971   -0.12695   0.00500
0.44037   0.98304   0.81706   0.06964   -0.11061   -0.08643   0.00500
0.44037   0.98304   0.81706   0.02608   -0.05648   -0.17046   0.00500
0.39298   0.88416   0.87419   0.25968   -0.02833   -0.13380   0.00500
0.36665   0.82924   0.90593   0.32083   -0.01908   -0.07014   0.00500
0.21762   0.64896   0.75532   0.06116   -0.22642   0.11534   0.00500
0.28711   0.71663   0.86697   0.07010   0.01063   0.00483   0.00500
0.35455   0.72686   0.87161   0.10427   -0.04476   -0.09437   0.00500
0.45859   0.68220   0.77745   0.25187   0.13056   -0.45516   0.00500
0.26633   0.69640   0.83358   0.02511   -0.25400   0.11089   0.00500
0.23516   0.66604   0.78350   0.04030   0.05893   0.13671   0.00500
0.27506   0.72438   0.91885   0.01419   0.18654   0.07490   0.00500
0.28860   0.90240   0.99033   0.17719   0.20790   -0.14017   0.00500
0.34176   0.96478   0.94827   -0.19021   0.12150   -0.05832   0.00500
0.28570   0.86429   0.97502   -0.24644   0.05631   0.17263   0.00500
0.22477   0.65592   0.76681   0.05608   0.04414   -0.09838   0.00500
0.14165   0.57497   0.63326   0.02897   0.24515   0.06402   0.00500
0.17062   0.82012   0.69728   0.05125   0.33387   0.08521   0.00500
0.22187   1.15399   0.78249   0.04849   0.13575   -0.06010   0.00500
0.27024   1.28939   0.72254   -0.24197   0.38173   0.17048   0.00500
0.27036   1.28974   0.72239   0.17908   -0.01705   0.34927   0.00500
0.44944   1.27269   1.07165   0.02385   -0.01071   0.03729   0.00500
0.22187   1.15399   0.78249   -0.10733   0.13864   0.13272   0.00500
0.11547   1.29143   0.91406   -0.25498   0.10384   0.12266   0.00500
0.18431   1.20251   0.82893   0.11328   0.30832   0.08646   0.00500
0.20393   1.03713   0.75266   0.11382   0.04004   -0.04840   0.00500
0.19881   1.00374   0.74414   -0.05970   0.03068   0.00785   0.00500
0.14105   1.03342   0.75173   -0.19496   -0.00120   0.05905   0.00500
0.13910   1.03442   0.75199   -0.08891   0.05870   -0.01446   0.00500
0.17318   0.83681   0.70154   -0.13317   0.11880   -0.13647   0.00500
0.04001   0.95561   0.56507   0.08315   0.10659   -0.12129   0.00500
0.04001   0.95561   0.56507   -0.04829   -0.07690   -0.14234   0.00500
0.18856   0.93697   0.72710   0.10841   0.03309   0.11373   0.00500
0.29697   0.97006   0.84083   0.11271   0.16124   0.04322   0.00500
0.16193   0.74657   0.67807   0.06710   0.01368   0.05991   0.00500
0.15324   0.67303   0.65886   -0.18752   0.12696   0.04173   0.00500
0.14600   0.61174   0.64286   0.03293   0.00421   0.01231   0.00500
0.17863   0.61591   0.65506   -0.00019   -0.00011   -0.00164   0.00500
0.05562   0.46248   0.58594   0.07231   0.11655   0.19797   0.00500
0.11709   0.56155   0.75422   0.09501   0.05325   -0.00858   0.00500
0.18321   0.61544   0.70003   0.26483   -0.22221   0.35879   0.00500
183
-0.87301   -0.42699   2.15435   -0.02567   0.03939   -0.02048   0.02564
-0.83609   -0.41149   1.99218   -0.05933   -0.01081   -0.00093   0.03016
-0.83603   -0.41194   1.99211   0.04377   -0.02914   -0.02505   0.02912
-0.97969   -0.17659   1.84943   -0.03366   -0.00979   0.02088   0.02040
-1.03999   -0.45514   1.77621   0.01945   0.01030   -0.05520   0.02971
-1.00315   -0.41276   1.77587   0.00950   -0.03435   -0.02713   0.02240
-0.91561   -0.11112   1.90836   0.00042   -0.04430   -0.00249   0.02219
-0.91561   -0.11112   1.90836   -0.02713   -0.00477   -0.05115   0.02905
-0.83977   -0.15321   1.79090   0.05192   0.02461   -0.00729   0.02896
-0.84761   -0.19467   1.77653   -0.01091   -0.02493   -0.04320   0.02553
-0.72358   -0.30713   1.43379   -0.01383   0.00314   -0.05403   0.02793
-0.72367   -0.29854   1.43501   0.04695   -0.03596   0.00870   0.02989
-0.66942   -0.69358   1.45597   -0.00222   0.00871   -0.04303   0.02198
-0.67238   -0.61587   1.48412   0.05442   0.02212   0.01480   0.03029
-0.67494   -0.54871   1.50845   0.02960   0.01641   0.04201   0.02697
-0.71611   -0.44989   1.49742   -0.00396   0.00852   -0.06201   0.03136
-0.91553   -0.01392   1.77205   -0.04154   -0.00649   -0.05041   0.03282
-0.89304   -0.04033   1.73341   -0.01860   -0.05828   -0.01575   0.03159
-0.92634   0.00523   1.76870   -0.03485   -0.02365   -0.01884   0.02307
-0.84248   -0.09854   1.58829   0.08417   0.01934   -0.01018   0.04348
-0.73811   -0.15271   1.49452   0.04060   0.01838   -0.05730   0.03629
-0.73005   -0.43587   1.42828   0.00043   0.02994   -0.05466   0.03116
-0.72517   -0.25322   1.48287   -0.04841   -0.03985   0.00788   0.03160
-0.72991   -0.26249   1.51516   -0.00464   -0.02206   0.03287   0.01993
-0.72754   -0.25785   1.49900   0.05110   -0.00761   0.01839   0.02742
-0.79309   -0.11138   1.43612   -0.04707   -0.05295   0.00262   0.03545
-0.70447   -0.22617   1.37612   0.01730   0.04879   -0.04691   0.03493
-0.70645   -0.36385   1.09567   0.04861   0.02227   0.01771   0.02816
-0.70006   -0.43291   0.71827   -0.00877   0.02710   -0.03593   0.02292
-0.40849   -0.02066   0.89243   0.06267   -0.02796   -0.00977   0.03466
-0.57430   -0.18496   0.81124   -0.04991   0.02252   -0.01307   0.02815
-0.65654   0.62552   2.30537   0.02717   -0.00283   -0.03098   0.02065
-0.66148   0.66613   2.29720   0.05544   0.01697   -0.00972   0.02940
-0.66962   0.85352   1.92958   0.02001   -0.02649   -0.03028   0.02246
-0.63693   0.87286   1.99808   -0.01179   -0.05866   0.02970   0.03340
-0.63693   0.87286   1.99808   0.01629   0.04978   -0.00750   0.02646
-0.67636   1.14616   1.85965   0.01895   0.01436   0.05145   0.02834
-0.65603   0.94612   1.81475   0.00432   -0.06079   -0.03494   0.03512
-0.66305   1.03678   1.84007   -0.00659   0.02048   -0.00179   0.01079
-0.79234   0.72689   1.90202   0.00548   0.01708   -0.06067   0.03163
-0.68190   1.05329   1.54619   -0.06216   -0.02437   0.01909   0.03472
-0.63704   0.88632   1.67002   0.06730   0.02972   -0.01950   0.03805
-0.84672   0.71559   1.65575   0.00087   0.05702   -0.00973   0.02893
-0.81005   0.71749   1.68788   0.05390   -0.00271   -0.04196   0.03418
-0.61486   0.74689   1.58717   0.01403   0.05991   -0.00243   0.03079
-0.60287   0.93743   1.39960   -0.04504   0.01222   -0.04712   0.03316
-0.62133   0.81932   1.50761   0.03805   -0.01573   -0.04504   0.03051
-0.65007   0.61733   1.47984   -0.01480   0.00579   -0.04720   0.02490
-0.66307   0.55896   1.57588   0.00594   0.03998   -0.03813   0.02778
-0.65210   0.57048   1.57440   -0.00832   -0.05068   -0.03916   0.03229
-0.49918   0.97046   1.44538   -0.04778   -0.03092   0.01104   0.02899
-0.49918   0.97046   1.44538   -0.02474   -0.02208   -0.04099   0.02636
-0.51924   0.90833   1.41127   0.05744   -0.01857   -0.04842   0.03869
-0.49000   0.84692   1.32141   -0.04799   0.05719   -0.01481   0.03806
-0.65327   0.70862   1.22800   0.00483   -0.04382   -0.03978   0.02969
-0.62767   0.71841   1.26738   0.07991   -0.01350   -0.03593   0.04432
-0.70895   0.58411   1.29784   -0.00411   0.06120   0.00066   0.03067
-0.66510   0.58793   1.29197   0.02480   -0.03880   -0.02749   0.02682
-0.70420   0.58452   1.29720   -0.00152   0.01197   -0.04745   0.02448
-0.58657   0.67761   1.21879   0.05106   -0.01398   -0.03357   0.03134
-0.61302   0.70123   1.17774   0.01901   -0.05119   -0.04363   0.03495
-0.48235   0.41465   1.27542   0.00154   0.05398   -0.00868   0.02735
-0.45797   0.39608   1.23746   -0.01347   0.01194   -0.05364   0.02829
-0.45797   0.39608   1.23746   0.00498   -0.04231   -0.01608   0.02277
-0.80398   0.59406   0.98371   -0.03783   0.00281   0.05087   0.03173
-0.52446   0.49995   1.45936   -0.00677   -0.01959   -0.05249   0.02822
-0.46407   0.40073   1.24696   -0.03344   0.03340   -0.02510   0.02676
-0.51889   0.44248   1.33234   -0.03046   0.02546   -0.02635   0.02382
-0.51396   0.45547   1.38624   -0.02935   0.02236   -0.05142   0.03165
-0.45907   0.41135   1.06642   0.03481   0.02654   -0.07146   0.04190
-0.65736   1.03861   1.06546   0.03117   0.03913   0.00639   0.02522
-0.66210   0.91643   1.10710   0.00411   0.03631   -0.05569   0.03330
-0.65291   0.88237   1.09788   0.00331   -0.02439   -0.05729   0.03118
-0.65550   0.86393   1.03651   -0.00623   -0.05064   -0.01148   0.02615
-0.62536   0.78018   1.07022   0.06793   0.05094   -0.00240   0.04247
-0.79687   0.81041   1.02691   0.02565   0.04215   0.00544   0.02482
-0.69597   0.78355   1.04606   -0.02698   -0.04235   -0.01225   0.02584
-0.56405   0.70872   1.05217   0.05506   -0.04846   -0.03634   0.04093
-0.58281   0.64175   1.03179   0.00284   0.00576   -0.06657   0.03344
-0.26562   0.61907   0.78229   0.02834   -0.00050   -0.04765   0.02772
-0.36333   0.45350   0.79064   -0.05605   0.02028   -0.00234   0.02983
-0.36333   0.45350   0.79064   0.03703   -0.02612   -0.02770   0.02656
0.00697   -0.20095   0.76715   0.03646   -0.01040   -0.01964   0.02135
0.33771   -1.18341   2.16298   -0.04384   -0.00455   -0.02536   0.02543
0.30215   -1.07287   2.17422   0.02950   -0.03762   -0.03331   0.02914
0.35525   -0.97484   2.07738   0.02892   -0.00380   -0.05175   0.02970
0.25312   -1.11315   1.84908   0.03953   0.00047   -0.05133   0.03239
0.41296   -0.97321   1.96371   -0.01424   -0.07161   -0.00655   0.03665
0.39034   -0.96391   1.91173   -0.03123   -0.00344   -0.04494   0.02741
0.34089   -0.92192   1.82850   0.02044   0.00750   -0.04755   0.02615
0.34420   -0.88691   1.84767   -0.02409   -0.01647   -0.05077   0.02928
0.24288   -0.90952   1.69324   0.00366   0.03131   -0.04851   0.02892
0.21403   -0.92676   1.62274   -0.02365   -0.04927   -0.02034   0.02916
0.20922   -0.92963   1.61100   -0.04260   0.02454   -0.02229   0.02699
0.33422   -1.10702   1.62858   0.00591   0.00304   -0.05152   0.02597
0.31284   -0.97503   1.68384   -0.01753   -0.03262   -0.04536   0.02928
0.27974   -0.90592   1.68575   0.01508   -0.03093   -0.05393   0.03199
0.28074   -0.82071   1.60586   -0.00387   -0.01637   -0.05512   0.02881
0.14156   -0.67293   1.75814   0.03713   0.05223   -0.02398   0.03421
0.18011   -0.71937   1.68167   -0.05231   -0.02113   -0.03181   0.03238
0.19360   -0.73501   1.65623   -0.03433   0.05845   -0.05263   0.04291
0.31607   -0.62799   1.51480   -0.00128   0.02569   -0.04744   0.02698
0.24114   -0.64861   1.46402   -0.01884   -0.03386   -0.01606   0.02097
0.24365   -0.64928   1.46727   0.00939   0.06735   -0.02919   0.03700
0.17650   -0.56478   1.29317   -0.01623   -0.00877   -0.05457   0.02880
0.22639   -0.48063   1.20623   -0.01624   -0.03517   -0.02759   0.02378
0.01646   -0.59540   0.97090   -0.02484   -0.05459   0.00245   0.03002
0.01027   -0.58336   0.96037   0.00966   0.03803   -0.04129   0.02848
0.22888   -1.05103   1.89438   -0.03676   0.03061   -0.00336   0.02398
-0.07492   -0.48924   0.99875   0.01592   0.01987   -0.03550   0.02184
-0.04682   -0.38118   1.04418   -0.00418   -0.02529   -0.04851   0.02743
0.05320   -0.15397   1.16604   -0.06310   0.00881   0.00471   0.03195
0.05893   -0.17064   1.17154   0.04695   -0.00409   -0.03295   0.02875
0.06065   -0.24349   1.15776   -0.02356   0.04365   -0.01110   0.02541
0.04540   -0.28772   1.09181   0.01162   -0.01130   -0.05661   0.02944
0.38174   -0.41998   0.92987   -0.01737   -0.02495   -0.03367   0.02268
0.37435   -0.93252   0.94038   -0.06541   -0.00593   0.02960   0.03602
0.26591   -0.81724   1.04805   -0.06694   -0.02365   -0.03705   0.04004
0.24229   -0.62152   0.97543   0.06422   0.00788   0.00077   0.03236
0.24229   -0.62152   0.97543   0.00286   -0.04086   -0.05216   0.03316
0.17358   -0.56454   1.01070   -0.02638   -0.03144   -0.05615   0.03477
0.33899   -0.55102   0.83929   -0.05995   -0.00025   -0.04280   0.03683
0.13881   -0.45234   1.03615   -0.00067   0.03287   -0.05381   0.03153
0.45170   -0.71567   1.02402   0.04549   0.03585   -0.00917   0.02932
0.21701   -0.16451   0.75947   0.04072   -0.01329   0.05691   0.03562
0.30463   -0.16870   0.76557   0.00717   -0.02906   -0.05266   0.03028
0.39887   1.07298   2.40829   -0.01420   0.01800   -0.04810   0.02664
0.36974   1.01706   2.30318   -0.03471   0.03311   -0.03238   0.02894
0.36245   1.00308   2.27689   0.01508   -0.06757   -0.02485   0.03678
0.34592   0.94964   2.10523   -0.00224   -0.01482   -0.04174   0.02218
0.28596   1.01500   1.73793   -0.02605   0.02974   -0.03613   0.02678
0.28970   1.00237   1.79815   0.06827   0.00045   -0.02657   0.03663
0.33765   0.86217   2.00315   -0.03736   0.02697   -0.05303   0.03513
0.37494   0.95179   1.83847   -0.00089   0.04362   -0.04727   0.03216
0.34003   0.86930   1.99794   -0.00080   0.05877   0.02913   0.03280
0.40146   0.89340   1.88665   0.01408   0.03253   0.05901   0.03442
0.40146   0.89340   1.88665   -0.01144   -0.00700   -0.05225   0.02697
0.43730   0.93679   1.78304   -0.02429   0.02511   -0.05071   0.03079
0.31571   1.06845   1.67003   -0.08490   0.00825   -0.00874   0.04288
0.31721   1.00916   1.70587   0.03969   0.02067   -0.03149   0.02736
0.54593   0.75689   1.68227   0.00852   0.02151   -0.07702   0.04021
0.45490   0.90565   1.50335   0.02119   -0.05210   0.01019   0.02858
0.43999   0.94445   1.54060   -0.02370   -0.01552   -0.06894   0.03727
0.31756   0.77254   1.40788   -0.04267   0.04573   -0.04568   0.03873
0.39971   0.89707   1.50021   -0.04008   0.02540   -0.04453   0.03254
0.47313   0.87170   1.46540   -0.04802   -0.04464   0.00527   0.03289
0.51613   0.98449   1.43755   -0.00209   0.00939   -0.05518   0.02801
0.48321   0.95883   1.43414   0.04406   -0.04710   0.00816   0.03250
0.38258   0.89415   1.43626   0.00152   0.02363   -0.05234   0.02872
0.41545   0.95955   1.36140   0.00214   0.01695   0.04882   0.02586
0.41545   0.95955   1.36140   -0.00356   -0.02847   -0.04576   0.02700
0.45118   0.73244   1.14503   0.03213   0.02565   -0.02515   0.02410
0.44613   0.82375   1.30799   0.00238   0.03730   -0.04749   0.03022
0.38733   0.87043   1.22656   0.01325   0.07122   -0.02213   0.03787
0.38733   0.87043   1.22656   -0.04679   -0.01075   -0.04505   0.03292
0.38733   0.87043   1.22656   -0.04248   -0.01394   0.02427   0.02544
0.50701   1.03634   0.83194   0.05973   0.01826   0.00238   0.03125
0.47601   1.03801   0.97521   -0.05567   -0.02094   -0.03337   0.03410
0.35756   0.76932   1.02149   0.01708   -0.01552   -0.06503   0.03450
0.44689   0.96892   0.77445   0.01772   0.04763   -0.03544   0.03098
0.41237   0.88205   0.86420   0.01301   -0.04452   -0.01611   0.02455
0.54311   0.81874   0.86735   -0.01454   -0.01554   -0.05334   0.02871
0.44686   0.82447   0.88839   0.05165   0.01737   0.03758   0.03310
0.40146   0.70672   0.82916   -0.00322   0.00374   -0.06652   0.03335
0.28854   0.90160   0.99000   -0.05456   -0.03302   -0.03126   0.03551
0.26170   0.86977   0.99183   0.03080   0.00935   -0.05612   0.03235
0.28428   0.84564   0.96754   0.02730   0.02161   -0.02590   0.02170
0.23879   0.66696   0.74221   -0.03436   -0.04120   -0.06721   0.04300
0.26309   1.26938   0.73140   0.04217   -0.03057   -0.01779   0.02752
0.13602   1.26489   0.88865   -0.00181   -0.00407   -0.03182   0.01607
0.13910   1.03442   0.75199   0.00713   0.05607   0.02052   0.03007
0.07686   1.07552   0.74187   0.02715   -0.01628   -0.08056   0.04328
0.01104   0.90947   0.47966   0.01083   0.05976   -0.06097   0.04303
0.63489   0.77359   0.45885   0.04466   -0.01560   -0.00650   0.02387
0.07996   0.91997   0.60601   0.03110   -0.02862   0.00534   0.02130
0.25360   0.95682   0.79533   0.00589   -0.06158   -0.03625   0.03585
0.18299   0.75086   0.69688   0.04337   -0.01039   -0.06590   0.03978
0.16627   0.78334   0.68767   -0.04424   0.04132   0.01557   0.03125
0.12511   0.69207   0.66512   0.01353   0.02662   -0.08275   0.04399
0.17844   0.61580   0.65342   0.00890   0.07369   -0.02100   0.03857
0.17861   0.61590   0.65492   -0.01676   -0.08852   0.01238   0.04547
0.14085   0.57487   0.75207   -0.00696   0.00716   -0.05333   0.02713
0.05444   0.46094   0.58529   0.00526   -0.05333   -0.05819   0.03955
