770
-0.00000   -0.00000   0.00000   0.01420   0.00298   0.39847   0.05657
0.01420   0.00298   0.39847   0.06368   -0.12202   0.20525   0.02049
0.07788   -0.11904   0.60372   0.02853   -0.11997   0.00180   0.03424
0.10641   -0.23901   0.60552   -0.01779   -0.16925   0.09510   0.01979
0.08862   -0.40826   0.70062   0.01229   -0.28324   0.34735   0.01345
0.10091   -0.69150   1.04797   0.01176   -0.11887   0.02942   0.02144
0.11267   -0.81037   1.07739   0.03971   -0.25509   0.20948   0.01502
0.15238   -1.06546   1.28687   0.17385   0.01064   0.25536   0.01233
0.32623   -1.05482   1.54222   0.05891   0.07741   0.07433   0.02115
0.38514   -0.97741   1.61655   -0.04403   0.06224   0.11706   0.01279
0.34111   -0.91517   1.73361   -0.06431   -0.10752   0.15707   0.00558
0.28966   -1.00119   1.85927   -0.07958   -0.04207   0.05504   0.00500
0.21008   -1.04326   1.91431   -0.04394   -0.19117   0.19286   0.00500
0.24189   -1.02644   1.89231   0.02798   -0.05464   0.22283   0.00500
0.30895   -0.96893   1.81215   -0.31589   -0.02058   0.26469   0.00500
-0.00694   -0.98951   2.07684   -0.10461   -0.01712   0.12469   0.00500
0.00885   -0.98848   2.06361   0.01319   -0.03938   0.14673   0.00500
0.04044   -0.98643   2.03714   -0.03744   0.08101   0.15556   0.00500
0.07203   -0.98437   2.01067   -0.21498   -0.03399   0.02997   0.00500
0.18259   -0.97717   1.91803   -0.13195   -0.16377   0.08611   0.00500
0.24577   -0.97305   1.86509   -0.05791   -0.15114   0.04855   0.00500
0.26157   -0.97202   1.85185   -0.01361   0.12109   0.40256   0.00500
0.25612   -0.92358   2.01288   0.04360   -0.01363   0.18070   0.00500
0.25749   -0.93569   1.97262   -0.09879   0.07730   0.17317   0.00500
0.25817   -0.94174   1.95250   0.04758   0.07732   0.20121   0.00500
0.34111   -0.91517   1.73361   0.09067   -0.00810   0.21800   0.00500
0.39551   -0.92003   1.86441   -0.04422   -0.06548   0.24145   0.00500
0.35129   -0.98551   2.10586   0.03115   -0.11432   0.19374   0.00500
0.35129   -0.98551   2.10586   -0.00170   0.04788   0.15543   0.00500
0.35571   -0.97896   2.08172   -0.09372   -0.03266   0.07926   0.00500
0.36234   -0.96914   2.04550   -0.03437   -0.14888   0.07569   0.00500
0.36676   -0.96259   2.02135   -0.11647   -0.08373   0.07576   0.00500
0.37119   -0.95604   1.99721   0.10119   -0.09894   0.02979   0.00500
0.40911   -0.92125   1.89711   0.01811   0.05770   0.12479   0.00500
0.42722   -0.86355   2.02189   -0.00910   0.00515   0.10485   0.00500
0.42450   -0.87220   2.00318   0.07905   0.04065   0.13307   0.00500
0.40457   -0.92084   1.88621   -0.01091   0.22530   0.05771   0.00500
0.39366   -0.69555   1.94392   0.01329   0.08083   0.13288   0.00500
0.39694   -0.76314   1.92660   -0.01514   0.01114   0.09187   0.00500
0.36377   -0.91720   1.78811   0.23922   0.22184   0.22356   0.00500
0.60299   -0.69536   2.01167   0.09602   0.03966   0.04986   0.00500
0.54321   -0.75079   1.95580   0.10293   0.01471   0.03900   0.00500
0.41161   -0.87283   1.83282   -0.01458   -0.01657   0.11345   0.00500
0.38433   -0.89813   1.80732   -0.05817   0.18882   0.20818   0.00500
0.38514   -0.97741   1.61655   0.16792   -0.08700   0.08087   0.00600
0.55306   -1.06441   1.69742   0.03117   -0.10642   -0.11733   0.00500
0.58423   -1.17083   1.58009   0.01199   -0.22143   -0.00169   0.00500
0.59622   -1.39226   1.57840   0.08092   -0.17813   0.05725   0.00500
0.59442   -1.35904   1.57866   0.08739   -0.07195   0.09936   0.00500
0.59322   -1.33690   1.57883   0.04262   -0.11380   -0.05571   0.00500
0.58962   -1.27047   1.57933   0.02008   -0.11102   0.14871   0.00500
0.50268   -1.03831   1.67316   0.04376   -0.19122   0.18503   0.00500
0.54644   -1.22953   1.85820   0.01042   -0.05640   0.20304   0.00500
0.53987   -1.20085   1.83044   0.13445   -0.06109   0.05908   0.00500
0.53550   -1.18173   1.81194   -0.06800   -0.10097   0.08432   0.00500
0.52893   -1.15304   1.78418   0.07186   -0.08402   0.01370   0.00500
0.30884   -1.05588   1.51669   -0.03292   -0.05198   0.12051   0.01202
0.27592   -1.10786   1.63720   0.02259   -0.10473   0.02216   0.00500
0.29851   -1.21260   1.65936   -0.08019   -0.11044   0.10142   0.00500
0.29513   -1.19691   1.65604   0.03924   -0.07638   0.18431   0.00500
0.27592   -1.10786   1.63720   -0.05461   -0.08036   0.24823   0.00500
0.25681   -1.13599   1.72408   -0.03311   -0.05309   0.05780   0.00500
0.28580   -1.09227   1.60105   0.13720   -0.16325   0.07337   0.00571
0.42299   -1.25552   1.67442   0.00857   -0.22824   0.15967   0.00500
0.43156   -1.48376   1.83409   -0.05139   -0.08797   0.16563   0.00500
0.43071   -1.46093   1.81812   0.10143   -0.07916   0.15579   0.00500
0.42985   -1.43810   1.80215   -0.03282   -0.21202   0.08727   0.00500
0.42942   -1.42670   1.79417   -0.00230   -0.02821   0.15500   0.00500
0.42856   -1.40388   1.77821   0.09236   -0.05960   0.02312   0.00500
0.42814   -1.39246   1.77022   -0.10132   -0.12974   0.10653   0.00500
0.42556   -1.32399   1.72232   0.01863   -0.09397   -0.02844   0.00500
0.42428   -1.28976   1.69837   0.21301   -0.12648   0.20827   0.00500
0.30638   -1.11676   1.61205   -0.01506   -0.02471   0.21822   0.00500
0.32696   -1.14125   1.62306   0.06751   0.00908   0.22093   0.00500
0.32010   -1.13308   1.61939   0.20530   -0.16352   0.14805   0.00500
0.23930   -1.06014   1.41454   -0.03883   0.04132   0.10024   0.00500
0.20047   -1.01882   1.51479   -0.12704   0.04871   0.19754   0.00500
0.19412   -1.01638   1.52466   -0.02255   0.05811   0.06762   0.00500
0.22765   -1.04774   1.44462   -0.09092   0.08433   0.09181   0.00500
0.25669   -1.05908   1.44008   0.04376   -0.02446   0.16924   0.00500
0.15238   -1.06546   1.28687   -0.17936   -0.13673   0.08067   0.01853
-0.02698   -1.20219   1.36754   -0.04097   -0.22014   0.20445   0.00500
-0.06795   -1.42233   1.57199   -0.05202   -0.08288   0.03642   0.01040
-0.11997   -1.50521   1.60841   0.03741   -0.12333   0.20205   0.00894
-0.08256   -1.62854   1.81046   -0.05451   -0.06630   0.14446   0.00500
-0.08817   -1.61004   1.78016   0.03729   0.01222   0.09325   0.00500
-0.09378   -1.59154   1.74985   0.05213   -0.22340   0.03028   0.00500
-0.04165   -1.81494   1.78013   0.00650   -0.13690   0.03564   0.00500
-0.04687   -1.79260   1.77710   0.01047   -0.05248   0.10291   0.00500
-0.04426   -1.80377   1.77861   -0.04246   -0.16842   -0.06022   0.00500
-0.09752   -1.57921   1.72964   -0.00621   0.02404   0.10870   0.00500
-0.10313   -1.56071   1.69934   -0.03070   -0.10700   0.08880   0.00500
-0.10688   -1.54838   1.67913   -0.30506   0.06447   0.08628   0.00500
-0.27466   -1.51292   1.72658   -0.07899   0.01693   0.05778   0.00500
-0.18314   -1.53226   1.70070   -0.16321   -0.02218   0.03685   0.00500
-0.12215   -1.54515   1.68345   -0.14283   -0.02028   -0.08975   0.00500
-0.10176   -1.47620   1.59566   -0.00245   -0.02064   0.12854   0.00500
-0.10421   -1.49684   1.72421   -0.04517   0.00698   0.08237   0.00500
-0.10384   -1.49374   1.70493   0.03352   -0.00966   0.07697   0.00500
-0.06180   -1.38931   1.54132   -0.02582   -0.09166   0.38114   0.00500
-0.08504   -1.47180   1.88434   0.01201   -0.21134   0.22014   0.00500
-0.07303   -1.68315   2.10449   0.00623   -0.08027   0.03779   0.00500
-0.07483   -1.65144   2.07146   -0.04224   -0.05631   0.04698   0.00500
-0.08024   -1.55634   1.97240   0.02642   -0.02764   0.08675   0.00500
-0.08264   -1.51407   1.92837   0.09933   -0.02977   0.20518   0.00500
-0.08375   -1.46722   1.86529   -0.01551   0.02380   0.21560   0.00500
-0.10335   -1.48962   1.67922   -0.04431   0.06322   0.12165   0.00500
-0.06568   -1.40306   1.59849   0.13219   -0.06859   0.06201   0.00500
-0.05976   -1.37830   1.53110   0.00574   -0.02477   0.11582   0.00500
-0.05566   -1.35628   1.51065   0.02688   -0.10295   0.01613   0.00500
-0.02878   -1.45923   1.52678   -0.03710   -0.23854   0.04601   0.00500
-0.06588   -1.69777   1.57279   0.06118   -0.08353   0.07500   0.00500
-0.06402   -1.68585   1.57049   -0.04470   -0.05443   0.05590   0.00500
-0.05475   -1.62621   1.55899   -0.05288   -0.09486   -0.00547   0.00500
-0.04733   -1.57850   1.54978   -0.01717   -0.08034   0.09050   0.00500
-0.04362   -1.55465   1.54518   -0.09543   -0.11900   -0.01618   0.00500
-0.03991   -1.53079   1.54058   0.05974   -0.03909   0.00924   0.00500
-0.00904   -1.18851   1.35947   -0.01876   -0.00751   0.07875   0.00794
-0.02780   -1.19602   1.43822   -0.07772   -0.04212   0.04687   0.00500
-0.03169   -1.19813   1.44057   -0.08505   0.05063   0.21188   0.00500
-0.09547   -1.16016   1.59947   -0.06784   -0.17071   0.13222   0.00500
-0.16331   -1.33087   1.73169   0.00341   -0.11865   0.08826   0.00500
-0.10226   -1.17723   1.61269   -0.06026   0.02155   0.24308   0.00500
-0.12261   -1.22845   1.65235   -0.03025   0.01805   0.07470   0.00500
-0.05295   -1.18548   1.49353   -0.23016   0.02923   0.04820   0.00500
-0.04445   -1.19054   1.47235   -0.00174   0.12330   0.08295   0.00500
-0.03594   -1.19560   1.45115   0.01079   -0.12944   0.10112   0.00500
-0.07832   -1.22340   1.46869   -0.07374   -0.27636   -0.06578   0.00500
-0.12625   -1.40303   1.42593   -0.06698   -0.03143   -0.00267   0.00500
-0.11887   -1.37539   1.43251   0.03634   -0.10191   -0.00419   0.00500
-0.02698   -1.20219   1.36754   -0.14422   0.02370   0.07819   0.00500
-0.01748   -1.19189   1.39491   0.03143   -0.10907   0.06884   0.00500
0.15238   -1.06546   1.28687   -0.18675   -0.01426   0.25899   0.00500
-0.03437   -1.07972   1.54586   -0.17583   0.05566   0.15535   0.00500
-0.21019   -1.02406   1.70120   0.01805   -0.07990   0.25216   0.00500
-0.19228   -1.10336   1.95147   0.04959   -0.06380   0.09287   0.00500
-0.20748   -1.03605   1.73902   -0.02611   0.05698   0.11969   0.00500
-0.17503   -1.03519   1.67013   -0.18739   0.08901   0.03612   0.00500
-0.14866   -1.04354   1.64683   -0.02968   -0.08555   0.08864   0.00500
-0.08712   -1.06302   1.59246   -0.04597   -0.02561   0.23775   0.00500
-0.13309   -1.08863   1.83021   0.07349   0.00010   0.12433   0.00500
-0.13079   -1.08735   1.81832   -0.05701   -0.00580   0.09050   0.00500
-0.12619   -1.08479   1.79455   0.05533   -0.08097   0.07986   0.00500
-0.11700   -1.07967   1.74700   -0.05947   -0.04894   0.08342   0.00500
-0.10321   -1.07199   1.67567   0.11573   -0.10085   0.07308   0.00500
0.01786   -1.16801   1.34737   -0.02745   -0.05371   0.09739   0.00500
-0.00959   -1.22172   1.44476   -0.02519   0.00268   0.10621   0.00500
-0.01463   -1.22118   1.46600   -0.02076   -0.08124   0.05437   0.00500
0.07167   -1.12699   1.32317   0.23103   -0.10569   0.02680   0.00500
0.09108   -0.46491   0.77009   0.04879   -0.13075   -0.01100   0.00500
0.13955   -0.59482   0.75916   0.00903   -0.04596   0.06300   0.00500
0.14858   -0.64078   0.82216   0.07970   -0.24789   -0.05600   0.00500
0.21664   -0.85245   0.77434   -0.01956   -0.05149   0.01400   0.00500
0.20866   -0.82762   0.77995   -0.05453   -0.07252   -0.01800   0.00500
0.14324   -0.61356   0.78485   0.07687   -0.02781   0.09800   0.00500
0.12751   -0.56253   0.76188   0.21378   -0.03476   -0.09000   0.00500
0.34129   -0.59729   0.67188   0.09288   -0.05129   -0.14900   0.00500
0.26712   -0.58523   0.70310   0.06167   -0.10979   0.02100   0.00500
0.21385   -0.57657   0.72553   0.10317   -0.17466   0.00800   0.00500
0.10577   -0.50428   0.76678   0.05360   -0.13318   0.16400   0.00500
0.08985   -0.43658   0.73535   0.01220   0.05916   0.10600   0.00500
0.10205   -0.37742   0.84135   0.12528   -0.04810   0.20200   0.00500
0.22122   -0.42317   1.03350   0.02621   0.01276   0.09400   0.00500
0.20191   -0.41576   1.00237   0.03205   -0.08110   0.07700   0.00500
0.19589   -0.41345   0.99265   0.08455   0.00264   0.03900   0.00500
0.17090   -0.40385   0.95236   -0.01492   0.04748   0.14900   0.00500
0.15876   -0.39919   0.93279   0.02386   -0.09444   0.09700   0.00500
0.08862   -0.40826   0.70062   0.30598   -0.15124   0.31700   0.00500
0.39460   -0.55950   1.01762   -0.00097   -0.03404   0.10700   0.00500
0.39363   -0.59354   1.12462   -0.24892   -0.30948   0.22100   0.00500
0.23211   -0.79436   1.26803   -0.01077   -0.05427   0.09200   0.00500
0.31911   -0.68619   1.19078   -0.01564   -0.08697   0.02800   0.00500
0.34395   -0.65531   1.16873   -0.00198   -0.05704   0.06800   0.00500
0.36430   -0.54452   0.98622   0.03889   -0.01444   -0.00300   0.00500
0.40024   -0.55787   0.98345   0.02444   -0.05333   -0.03200   0.00500
0.42468   -0.61120   0.95145   -0.05694   -0.29516   -0.08600   0.00500
0.36774   -0.90636   0.86545   -0.07028   -0.12636   -0.05300   0.00500
0.37342   -0.87692   0.87403   -0.08379   -0.03985   0.01200   0.00500
0.38200   -0.83244   0.88699   0.04327   -0.07907   0.04500   0.00500
0.39913   -0.74361   0.91287   0.08665   -0.13406   0.07900   0.00500
0.41061   -0.68411   0.93021   -0.13165   -0.02462   0.09500   0.00500
0.40174   -0.56115   0.98148   0.13441   0.01032   0.07300   0.00500
0.53615   -0.55083   1.05448   0.06513   0.04449   0.12500   0.00500
0.50290   -0.55338   1.03642   0.20426   -0.02891   0.02500   0.00500
0.46836   -0.55603   1.01767   0.20264   -0.21950   0.04600   0.00500
0.53615   -0.55083   1.05448   0.08895   0.12171   0.05300   0.00500
0.09928   -0.20902   0.60507   -0.12243   0.02578   0.18622   0.00500
0.01970   -0.19226   0.72611   -0.01636   0.02775   0.11400   0.00500
0.06255   -0.20129   0.66094   0.02325   -0.00138   0.23892   0.00500
0.08704   -0.20644   0.62369   -0.00435   -0.19942   0.32463   0.00500
0.01402   0.00294   0.39334   -0.08767   -0.04181   0.10773   0.01527
-0.07364   -0.03886   0.50106   -0.01746   -0.01402   -0.02237   0.00500
-0.09111   -0.05289   0.47868   -0.12643   -0.06709   0.07387   0.00500
-0.11639   -0.06631   0.49345   -0.09460   -0.05057   -0.01564   0.00500
-0.15432   -0.08643   0.51561   -0.16913   -0.10329   -0.01659   0.00500
0.01402   0.00294   0.39334   -0.12121   0.01759   0.15733   0.03008
-0.10719   0.02053   0.55067   -0.51605   -0.52991   0.70091   0.01885
-0.62323   -0.50937   1.25157   -0.08451   -0.00885   0.00786   0.02010
-0.70774   -0.51822   1.25943   -0.14599   0.05326   0.07014   0.00911
-0.85375   -0.46495   1.32958   -0.19854   0.03638   0.24201   0.01012
-1.05229   -0.42857   1.57159   -0.15986   0.14950   0.18539   0.00500
-1.21215   -0.27907   1.75698   -0.05350   -0.00381   0.07191   0.00500
-1.17218   -0.31645   1.71062   -0.09232   -0.03404   0.04066   0.00500
-1.10824   -0.37625   1.63647   0.02652   0.02312   0.19338   0.00500
-1.12423   -0.36130   1.65501   -0.10656   0.04306   0.01552   0.00500
-1.06828   -0.41362   1.59013   0.06716   0.01263   0.19592   0.00500
-1.05229   -0.42857   1.57159   0.07328   -0.13981   0.41363   0.00500
-0.97901   -0.56838   1.98522   0.02538   -0.09723   0.05321   0.00500
-0.97901   -0.56838   1.98522   -0.06456   -0.03781   0.07400   0.00500
-0.98268   -0.56139   1.96454   0.09269   -0.03882   0.19807   0.00500
-0.98634   -0.55440   1.94386   0.05835   -0.05857   0.09835   0.00500
-0.99001   -0.54741   1.92318   -0.05908   -0.04967   0.09203   0.00500
-1.04908   -0.59708   2.01520   -0.03902   -0.08979   0.12828   0.00500
-0.99887   -0.55486   1.93698   -0.08595   0.00457   0.01437   0.00500
-0.99734   -0.53343   1.88181   -0.10326   -0.09716   0.04194   0.00500
-1.00833   -0.51246   1.81977   0.07041   -0.06003   0.06736   0.00500
-1.01565   -0.49848   1.77841   -0.01066   -0.09654   0.04667   0.00500
-1.02298   -0.48450   1.73704   -0.06608   -0.05430   0.08051   0.00500
-1.04236   -0.43039   1.55948   0.15906   0.02228   0.24565   0.00500
-0.89126   -0.40923   1.79285   -0.00690   -0.04927   0.08779   0.00500
-0.92307   -0.41368   1.74372   -0.00266   0.02760   0.07917   0.00500
-0.92307   -0.41368   1.74372   0.12300   -0.05834   0.07776   0.00500
-0.97079   -0.42037   1.67002   0.10397   0.06167   0.11187   0.00500
-0.96294   -0.44494   1.46267   -0.07154   -0.03188   0.01920   0.00500
-1.03448   -0.47682   1.48187   -0.07667   -0.12490   0.16966   0.00500
-1.11115   -0.60172   1.65153   -0.03260   -0.06079   0.08229   0.00500
-1.10732   -0.59548   1.64305   0.01208   -0.11755   0.08709   0.00500
-1.07282   -0.53928   1.56671   -0.14396   -0.26442   0.14515   0.00500
-1.06515   -0.52679   1.54974   -0.07856   0.02787   0.30093   0.00500
-1.05749   -0.51430   1.53278   -0.02578   -0.21048   0.19736   0.00500
-0.90338   -0.45586   1.39007   -0.06154   -0.19243   0.10504   0.00500
-0.96492   -0.64828   1.49511   -0.12101   -0.19521   0.02076   0.00500
-1.08593   -0.84349   1.51587   -0.11470   -0.12268   0.03279   0.00500
-0.93723   -0.56169   1.44784   0.10140   -0.12437   0.10622   0.00500
-0.83583   -0.68606   1.55406   -0.00799   -0.12717   0.04863   0.00500
-0.88146   -0.63009   1.50626   0.05409   -0.03513   0.15688   0.00500
-0.91876   -0.50396   1.41633   0.00609   0.00433   0.19534   0.00500
-0.78805   -0.48892   1.29801   0.07110   0.00563   0.21358   0.00500
-0.72762   -0.48414   1.47955   -0.06909   0.11770   0.14259   0.00500
-0.79675   -0.36636   1.62223   0.00501   0.14617   0.00497   0.00500
-0.79174   -0.22019   1.62720   0.05236   0.09042   0.00367   0.00500
-0.79400   -0.28597   1.62497   0.06851   0.08238   0.04118   0.00500
-0.76562   -0.41940   1.55798   -0.11316   -0.06798   0.17996   0.00500
-0.74144   -0.46059   1.50807   0.00526   -0.07443   0.12967   0.00500
-0.73473   -0.48470   1.45819   0.11694   -0.03970   0.25626   0.00500
-0.78095   -0.48836   1.31935   -0.03421   -0.17331   0.25377   0.00500
-0.79121   -0.54036   1.39549   0.02144   -0.02390   0.12686   0.00500
-0.77383   -0.48780   1.34072   0.12483   0.02028   0.08497   0.00500
-0.62323   -0.50937   1.25157   0.22610   0.21133   0.11758   0.00500
-0.79300   -0.25673   1.62596   0.05317   0.06179   0.03669   0.00500
-0.51019   -0.40371   1.31035   0.03286   -0.00801   0.08914   0.00500
-0.56671   -0.45654   1.28096   0.02881   0.01575   0.14845   0.00500
-0.59744   -0.48288   1.21653   0.01238   -0.06281   0.01153   0.00500
-0.58506   -0.54569   1.22806   0.01773   -0.11635   0.26780   0.00500
-0.56733   -0.66204   1.49585   0.10936   -0.11285   0.04697   0.00500
-0.45797   -0.77489   1.54282   0.09550   -0.11974   0.02207   0.00500
-0.52905   -0.70154   1.51229   -0.00819   -0.16369   0.20618   0.00500
-0.57176   -0.63295   1.42891   0.17573   -0.03300   0.02182   0.00500
-0.39603   -0.66595   1.45073   0.10483   -0.00537   0.04415   0.00500
-0.57531   -0.60968   1.37535   0.05382   -0.05595   0.09623   0.00500
-0.58417   -0.55151   1.24145   0.16562   -0.05515   0.09901   0.00500
-0.54583   -0.42989   1.14644   -0.05335   -0.09822   0.00094   0.01280
-0.59918   -0.52811   1.14738   -0.00952   -0.06868   -0.03754   0.01417
-0.60870   -0.59679   1.10984   -0.17056   -0.19377   0.18221   0.01056
-0.77926   -0.79056   1.29205   -0.21182   -0.14359   0.02588   0.00500
-0.99108   -0.93415   1.31793   -0.02797   -0.09457   0.02893   0.00500
-1.01905   -1.02872   1.34686   0.08680   -0.10278   0.21986   0.00500
-0.93225   -1.13150   1.56672   -0.00861   -0.10783   0.05214   0.00500
-0.94962   -1.11094   1.52274   -0.02530   -0.07312   0.04358   0.00500
-1.00169   -1.04927   1.39083   -0.07083   -0.01076   0.11067   0.00500
-1.01038   -1.03899   1.36884   0.02598   -0.23193   0.10674   0.00500
-1.00786   -0.99088   1.33528   -0.16150   -0.04867   0.11976   0.00500
-0.96990   -0.91979   1.31534   -0.06679   -0.04590   -0.02495   0.00500
-1.03669   -0.96569   1.29039   -0.06463   -0.10671   0.04153   0.00500
-1.03669   -0.96569   1.29039   -0.09001   0.03361   -0.00914   0.00500
-0.99327   -0.93585   1.30661   -0.08946   0.09699   0.11622   0.00500
-0.90635   -0.87671   1.30758   -0.17868   -0.12435   0.21360   0.00500
-1.08503   -1.00106   1.52118   -0.25704   0.04479   0.34808   0.00500
-1.34208   -0.95627   1.86927   -0.07645   -0.00413   0.08047   0.00500
-1.09789   -0.99882   1.53859   -0.02779   -0.12083   0.16807   0.00500
-0.97782   -0.92645   1.39302   0.04610   -0.07344   0.07084   0.00500
-0.62324   -0.50938   1.25158   -0.04507   -0.08251   -0.00221   0.01085
-0.66831   -0.59188   1.24937   -0.00476   -0.08197   -0.03770   0.01172
-0.67307   -0.67385   1.21167   -0.15079   -0.27043   0.11001   0.00533
-0.78617   -0.87669   1.29418   -0.18351   -0.09537   -0.01199   0.01045
-0.96968   -0.97206   1.28219   -0.07700   -0.20701   0.18173   0.00802
-1.04668   -1.17907   1.46392   -0.07387   -0.04564   0.03112   0.00500
-1.03898   -1.15836   1.44575   -0.05055   -0.06788   0.17085   0.00500
-1.08953   -1.22624   1.61660   -0.02025   -0.17412   0.05459   0.00500
-1.08700   -1.22285   1.60806   0.03357   0.04389   0.13976   0.00500
-1.07689   -1.20927   1.57388   -0.10564   -0.00956   0.13657   0.00500
-1.07184   -1.20249   1.55681   0.01466   -0.10774   0.07059   0.00500
-1.05414   -1.17873   1.49701   -0.12658   0.07677   0.22988   0.00500
-1.03128   -1.13766   1.42757   -0.02856   -0.07567   -0.02919   0.00500
-1.05985   -1.21337   1.39837   -0.07587   -0.20882   -0.01745   0.00500
-1.05270   -1.19441   1.40568   -0.02983   -0.20148   -0.03258   0.00500
-1.04413   -1.17171   1.41444   -0.08504   -0.17524   0.12030   0.00500
-1.12055   -1.22471   1.49504   -0.04792   -0.03952   0.17153   0.00500
-0.74093   -0.79556   1.26118   0.04133   -0.14725   0.28857   0.00500
-0.69960   -0.94280   1.54974   0.03282   -0.00654   0.05911   0.00500
-0.66678   -0.94934   1.60885   0.02342   -0.00793   0.15370   0.00500
-0.66678   -0.94934   1.60885   0.09701   -0.00402   0.02254   0.00500
-0.70374   -0.92808   1.52089   -0.02754   -0.24833   0.18532   0.00500
-0.73128   -1.17641   1.70621   0.04069   -0.07499   0.03434   0.00500
-0.71407   -0.89126   1.44874   0.00576   -0.16662   0.05494   0.00500
-0.71613   -0.88391   1.43432   0.08535   0.01022   0.35313   0.00500
-0.73473   -0.81764   1.30446   0.01683   0.02172   0.16129   0.00500
-0.57164   -0.45639   1.18149   0.06553   -0.09966   0.06186   0.00500
-0.50611   -0.55605   1.24335   0.05198   -0.01032   0.05536   0.00500
-0.52249   -0.53113   1.22788   0.05599   -0.06974   0.05404   0.00500
-0.52003   -0.40340   1.11140   -0.08741   0.03297   0.05146   0.00500
-0.60745   -0.37043   1.16286   -0.09999   0.15047   0.14666   0.00500
-0.67746   -0.26508   1.26555   -0.04471   -0.00544   0.07630   0.00500
-0.49423   -0.37690   1.07635   -0.00165   -0.05552   -0.03326   0.00500
-0.49588   -0.43242   1.04309   0.06872   -0.12595   -0.03812   0.00500
-0.42716   -0.55837   1.00497   0.04719   -0.09375   0.14544   0.00500
-0.47870   -0.46390   1.03356   0.09675   -0.00059   0.03650   0.00500
-0.28781   -0.16494   0.79599   0.06453   -0.00557   0.09353   0.00500
-0.33942   -0.21793   0.86608   0.01838   -0.07934   0.11033   0.00500
-0.32104   -0.29727   0.97641   0.07353   -0.05955   0.08602   0.00500
-0.26200   -0.16717   0.83340   0.06960   0.04493   0.05525   0.00500
-0.19240   -0.12224   0.88865   0.04160   -0.00124   0.16160   0.00500
-0.26201   -0.13844   0.76094   -0.12037   -0.04732   -0.07888   0.00500
-0.38238   -0.18576   0.68206   -0.04438   -0.08524   0.02766   0.00500
-0.42676   -0.27100   0.70972   0.03175   -0.26964   0.01678   0.00500
-0.42676   -0.27100   0.70972   -0.07434   -0.15703   0.04739   0.00500
-0.42676   -0.27100   0.70972   -0.15661   0.05190   0.08168   0.00500
-0.42010   -0.25821   0.70557   -0.06059   0.03864   0.19098   0.00500
-0.43791   -0.29456   0.71683   0.02812   -0.06221   0.08706   0.00500
-0.40979   -0.35676   0.80388   0.12350   -0.07325   0.13212   0.00500
-0.39791   -0.21559   0.69174   -0.05924   -0.07533   -0.06593   0.00500
-0.45715   -0.29092   0.62581   -0.10468   -0.07484   -0.05726   0.00500
-0.35830   -0.17629   0.69784   -0.07175   -0.05286   -0.13994   0.00500
-0.42646   -0.22651   0.56490   -0.24829   0.12046   0.08329   0.00500
-0.67476   -0.10605   0.64819   -0.13177   0.01445   0.01452   0.00500
-0.53819   -0.17230   0.60238   -0.16939   -0.05775   0.02502   0.00500
-0.34025   -0.16920   0.70967   -0.00032   0.03691   -0.05553   0.00500
-0.34057   -0.13229   0.65414   0.12872   0.02886   -0.01615   0.00500
-0.10719   0.02053   0.55067   -0.05460   0.02722   0.12994   0.00500
-0.16179   0.04775   0.68061   -0.00240   -0.09894   0.12620   0.00500
-0.16419   -0.05119   0.80681   0.02156   -0.18372   0.02654   0.00500
-0.14263   -0.23491   0.83335   -0.01599   -0.07464   0.00987   0.00500
-0.16383   -0.03634   0.78788   0.08224   -0.11986   0.01188   0.00500
-0.16359   -0.02645   0.77526   -0.01044   -0.01344   0.07319   0.00500
-0.16275   0.00818   0.73109   0.05507   0.04650   0.13852   0.00500
-0.10719   0.02053   0.55067   0.02062   -0.05633   -0.01091   0.00500
-0.08657   -0.03580   0.53976   0.03699   -0.00835   0.03716   0.00500
-0.04958   -0.04415   0.57692   0.03893   0.07043   0.16172   0.00500
-0.08657   -0.03580   0.53976   0.00623   -0.06051   0.12221   0.00500
-0.10719   0.02053   0.55067   -0.20628   0.08443   0.07550   0.00500
-0.31151   0.10416   0.62545   -0.13169   -0.03133   -0.11184   0.00500
-0.44319   0.07283   0.51362   -0.10811   -0.04498   -0.08031   0.00500
-0.28254   0.09230   0.61485   -0.14099   0.10415   0.09150   0.00500
-0.26190   0.08385   0.60730   -0.04405   -0.01766   -0.01649   0.00500
-0.21033   0.06275   0.58842   -0.09897   0.06135   0.01543   0.00500
0.01417   0.00297   0.39767   -0.10682   -0.03563   0.21517   0.03154
-0.09265   -0.03266   0.61284   -0.12056   -0.00988   0.04918   0.03059
-0.21321   -0.04254   0.66202   -0.18949   0.07885   0.06248   0.02105
-0.40270   0.03631   0.72450   -0.50695   0.27862   0.67393   0.02739
-0.90965   0.31493   1.39843   0.00358   0.12686   0.04446   0.01007
-0.90607   0.44177   1.44289   -0.11118   0.12586   0.13687   0.00981
-1.01726   0.56764   1.57976   -0.18174   0.01937   0.16445   0.00500
-1.19900   0.58701   1.74421   -0.10661   0.14655   0.16830   0.00500
-1.30561   0.73356   1.91251   0.04342   0.08829   0.16240   0.00500
-1.30027   0.72623   1.90409   -0.09005   0.08441   0.09592   0.00500
-1.29494   0.71890   1.89568   -0.03557   -0.00921   0.11374   0.00500
-1.28961   0.71157   1.88727   0.05485   -0.02510   0.11731   0.00500
-1.27362   0.68959   1.86202   0.00511   -0.05600   0.12626   0.00500
-1.25763   0.66761   1.83677   -0.09082   0.16847   0.04769   0.00500
-1.21498   0.60899   1.76946   -0.23717   0.08746   0.02257   0.00500
-1.09903   0.57636   1.65376   0.00082   -0.02988   0.23868   0.00500
-1.09821   0.54648   1.89244   0.05990   0.00660   0.10187   0.00500
-1.09891   0.57187   1.68956   0.05907   -0.00739   0.07390   0.00500
-0.97834   0.52359   1.53186   0.02885   0.06131   0.04063   0.01069
-0.94949   0.58490   1.57249   -0.01750   0.13832   0.04530   0.00500
-0.96699   0.72322   1.61779   -0.01600   0.12486   0.13695   0.00500
-0.98299   0.84808   1.75474   0.04760   0.01517   0.15207   0.00500
-0.98059   0.82935   1.73420   -0.03722   0.07064   0.01786   0.00500
-0.97739   0.80438   1.70681   0.07751   0.08639   0.08799   0.00500
-0.97659   0.79814   1.69997   -0.01221   -0.02580   0.12636   0.00500
-0.97179   0.76067   1.65887   -0.11036   0.10453   0.12771   0.00500
-0.97019   0.74819   1.64518   0.05207   0.05482   0.05432   0.00500
-0.96174   0.68172   1.60420   0.12760   0.02106   0.26837   0.00500
-0.95124   0.59873   1.57702   0.05538   0.20244   -0.04713   0.00500
-0.96969   0.54198   1.54405   0.15536   0.06069   0.01095   0.00500
-0.81433   0.60267   1.55500   0.23894   0.18598   0.27719   0.00500
-0.75459   0.64917   1.62430   0.02796   0.07533   0.08617   0.00500
-0.79043   0.62127   1.58273   0.05411   0.06225   0.10477   0.00500
-0.85317   0.58750   1.55226   0.17072   0.14365   0.01350   0.00500
-0.89978   0.56929   1.54898   0.21092   0.02957   -0.06857   0.00500
-0.92308   0.56019   1.54733   0.15474   0.02243   0.20058   0.00500
-0.95415   0.54805   1.54514   0.15293   0.18266   -0.13995   0.00500
-0.90607   0.44177   1.44289   0.02809   0.05275   0.06377   0.00500
-0.87798   0.49453   1.50666   -0.02201   0.06286   0.13172   0.00500
-0.89999   0.55740   1.63840   -0.01539   -0.04290   0.13932   0.00500
-0.91538   0.51450   1.77772   0.05686   -0.02429   0.13971   0.00500
-0.91153   0.52522   1.74288   -0.01395   0.01485   0.09890   0.00500
-0.90614   0.54023   1.69413   0.09819   -0.00361   0.11405   0.00500
-0.90857   0.35298   1.41177   -0.18677   0.10044   0.02186   0.00500
-1.09534   0.45342   1.43363   -0.05248   0.14477   0.04113   0.00500
-1.14782   0.59819   1.47476   -0.04924   0.12732   0.12615   0.00500
-1.19214   0.71278   1.58830   0.02913   0.06947   0.14956   0.00500
-1.18722   0.70006   1.57569   -0.08302   0.04522   0.04806   0.00500
-1.17490   0.66821   1.54414   -0.00359   0.10099   0.03748   0.00500
-1.16506   0.64275   1.51891   -0.08804   0.06974   0.02942   0.00500
-1.15767   0.62366   1.49999   0.05515   0.04630   0.05349   0.00500
-1.15275   0.61092   1.48737   -0.05579   0.11052   -0.01534   0.00500
-1.14258   0.58371   1.47065   0.04277   0.04485   0.10826   0.00500
-1.12683   0.54028   1.45831   0.00243   -0.01981   0.12148   0.00500
-1.09534   0.45342   1.43363   -0.10667   -0.06910   0.11941   0.00500
-1.20201   0.38432   1.55304   -0.06236   -0.19294   0.13065   0.00500
-1.20201   0.38432   1.55304   -0.11681   0.02548   0.09379   0.00500
-1.19135   0.39123   1.54110   -0.07827   -0.04721   0.00631   0.00500
-1.02063   0.41325   1.42488   0.01479   -0.05191   0.25761   0.00500
-1.00584   0.36134   1.68249   0.00232   -0.04368   0.08971   0.00500
-1.01324   0.38729   1.55369   0.06253   -0.00076   0.09848   0.00500
-0.80826   0.25921   1.26365   -0.05243   -0.07071   0.17495   0.01657
-0.86069   0.18850   1.43860   0.09115   0.05299   0.49644   0.01062
-0.76954   0.24149   1.93504   -0.01381   0.04195   0.04546   0.00500
-0.78266   0.28134   1.97822   0.07726   0.10531   0.15575   0.00500
-0.70540   0.38665   2.13397   0.08550   -0.01143   0.14345   0.00500
-0.74017   0.33925   2.06388   0.05254   0.04013   0.05231   0.00500
-0.77920   0.27084   1.96685   0.03883   -0.07491   0.35998   0.00500
-0.77866   0.23619   1.88539   -0.02464   0.14832   0.21406   0.00500
-0.76950   0.25212   2.05685   -0.07262   -0.04863   0.09638   0.00500
-0.76367   0.24088   2.11085   -0.00092   -0.00064   0.18848   0.00500
-0.77437   0.25616   1.95094   -0.01520   -0.09717   0.25182   0.00500
-0.78322   0.23354   1.86056   0.10373   0.10993   0.06059   0.00500
-0.67949   0.34347   1.92115   -0.04639   0.22151   0.29277   0.00500
-0.71892   0.53176   2.17002   -0.06005   0.07006   0.10955   0.00500
-0.71660   0.52068   2.15537   0.05164   0.04487   0.12383   0.00500
-0.71196   0.49853   2.12610   -0.07323   0.02746   0.08018   0.00500
-0.70268   0.45423   2.06754   0.05193   -0.00966   0.08448   0.00500
-0.69804   0.43208   2.03827   -0.05190   0.10618   0.03522   0.00500
-0.69341   0.40993   2.00899   0.16794   0.13205   0.23551   0.00500
-0.68645   0.37670   1.96507   0.06633   0.26671   0.05254   0.00500
-0.70022   0.32150   1.90904   0.16617   -0.08720   0.22630   0.00500
-0.65868   0.29970   1.96561   0.07824   0.02590   0.13000   0.00500
-0.67530   0.30842   1.94299   0.28798   -0.01550   0.17140   0.00500
-0.79233   0.22824   1.81092   -0.12508   -0.10002   0.15835   0.00500
-0.91741   0.12822   1.96927   -0.12042   -0.00951   0.19674   0.00500
-1.02579   0.11966   2.14634   0.04377   0.01038   0.16609   0.00500
-1.00170   0.12157   2.10698   -0.01364   0.05449   0.05556   0.00500
-0.99568   0.12204   2.09714   0.04273   -0.00263   0.06681   0.00500
-0.97762   0.12347   2.06764   -0.10399   0.02070   0.06165   0.00500
-0.96558   0.12442   2.04797   0.07613   -0.01477   0.10222   0.00500
-0.89865   0.14322   1.94552   0.14722   -0.21227   0.20218   0.00500
-0.87363   0.16323   1.91384   -0.16028   0.13927   0.18471   0.00500
-1.03390   0.30250   2.09855   -0.02603   0.04921   0.08892   0.00500
-0.88614   0.15323   1.92969   -0.02294   0.07379   0.05215   0.00500
-0.79689   0.22559   1.78610   0.14116   -0.10953   0.13200   0.00500
-0.65573   0.11606   1.91810   0.07313   -0.09008   0.11145   0.00500
-0.67690   0.13249   1.89830   0.00916   -0.03938   0.21127   0.00500
-0.69808   0.14892   1.87850   0.25164   -0.05010   0.11293   0.00500
-0.72630   0.17082   1.85211   0.09241   0.04777   0.24473   0.00500
-0.78982   0.22011   1.79271   0.12912   -0.02567   -0.02787   0.00500
-0.66070   0.19444   1.76484   0.09450   -0.12535   -0.13088   0.00500
-0.58511   0.09416   1.66014   0.00426   -0.10485   0.03117   0.00500
-0.60873   0.12550   1.69285   0.07993   0.03392   -0.01330   0.00500
-0.66070   0.19444   1.76484   0.04716   0.02554   -0.01828   0.00500
-0.61353   0.21999   1.74655   0.14453   -0.00766   0.04133   0.00500
-0.64891   0.20083   1.76026   0.04686   0.06314   0.09789   0.00500
-0.85613   0.19115   1.46342   0.08074   0.16280   0.14889   0.00500
-0.78751   0.32952   1.58997   0.01237   -0.02220   0.11200   0.00500
-0.81173   0.28068   1.54530   0.06835   -0.04482   0.08210   0.00500
-0.82788   0.24813   1.51553   -0.04158   0.02182   0.10584   0.00500
-0.84807   0.20742   1.47830   0.16981   0.11409   0.07102   0.00500
-0.86069   0.18850   1.43860   0.02327   -0.11527   0.37847   0.00500
-0.83742   0.07323   1.81707   0.08923   -0.09240   0.05125   0.00500
-0.74819   -0.01917   1.86832   0.09519   -0.07463   0.15988   0.00500
-0.65301   -0.09379   2.02818   0.06991   -0.06566   0.10619   0.00500
-0.70060   -0.05648   1.94825   0.11216   -0.02809   0.05973   0.00500
-0.71964   -0.04155   1.91627   -0.02266   -0.03618   0.16089   0.00500
-0.72916   -0.03409   1.90028   0.02269   0.04414   0.10232   0.00500
-0.73868   -0.02663   1.88431   -0.00920   -0.08204   0.04086   0.00500
-0.76158   -0.00530   1.86063   0.00472   0.00700   0.32222   0.00500
-0.83975   0.08476   1.77922   -0.08195   -0.04109   -0.00479   0.00500
-0.92171   0.04366   1.77443   -0.12031   0.05284   0.16971   0.00500
-1.04201   0.09650   1.94413   -0.02378   0.05250   0.09867   0.00500
-1.02998   0.09122   1.92716   -0.03525   -0.04405   0.16212   0.00500
-0.96381   0.06215   1.83382   -0.02603   -0.06242   0.07029   0.00500
-0.94577   0.05423   1.80837   -0.00038   0.05960   0.08804   0.00500
-0.84557   0.11358   1.68460   -0.03150   -0.19303   0.02592   0.00500
-0.87706   -0.07944   1.71052   -0.03695   -0.11872   -0.00951   0.00500
-0.91401   -0.19816   1.70101   0.00701   -0.11658   0.05094   0.00500
-0.87549   -0.06979   1.70923   0.06181   -0.13479   0.13079   0.00500
-0.86762   -0.02154   1.70275   0.01212   -0.04935   0.11114   0.00500
-0.85974   0.02672   1.69627   0.21362   -0.14034   0.16982   0.00500
-0.90965   0.31493   1.39843   -0.08349   -0.03922   0.16578   0.01569
-0.95974   0.29140   1.49790   -0.10849   -0.08267   0.08037   0.00500
-1.06823   0.20873   1.57827   -0.12896   -0.00898   0.04134   0.00500
-1.19719   0.19975   1.61961   0.01046   -0.04804   0.17710   0.00500
-1.18673   0.15171   1.79671   -0.00075   -0.05639   0.10077   0.00500
-1.18935   0.16372   1.75243   -0.09968   -0.05813   0.13502   0.00500
-1.19405   0.18534   1.67275   0.05719   -0.10938   0.08610   0.00500
-1.19719   0.19975   1.61961   -0.22265   0.08814   0.15052   0.00500
-1.21947   0.20857   1.63467   -0.08218   -0.03306   0.07056   0.00500
-1.14561   0.20334   1.60308   -0.08823   0.13231   0.05774   0.00500
-1.23383   0.33563   1.66081   0.00256   0.07013   0.08495   0.00500
-1.11982   0.20514   1.59481   -0.03082   -0.03372   0.00588   0.00500
-1.03026   0.23767   1.55014   0.00147   -0.07266   -0.01898   0.00500
-1.02879   0.16501   1.53116   -0.01467   -0.09878   -0.01783   0.00500
-0.94722   0.29729   1.47303   0.13743   -0.05638   0.18367   0.00500
-0.80979   0.24091   1.65670   0.03097   -0.04587   0.05486   0.00500
-0.89911   0.27755   1.53733   0.16456   0.08874   0.11319   0.00500
-0.95557   0.29336   1.48961   0.08136   0.03190   0.15133   0.00500
-0.93052   0.30513   1.43988   0.03419   -0.05923   0.00868   0.00500
-0.89633   0.24590   1.44856   0.10767   -0.08323   -0.03097   0.00500
-0.78865   0.16266   1.41759   0.11668   0.01953   0.01899   0.00500
-0.67198   0.18219   1.43658   0.11818   0.04123   -0.01078   0.00500
-0.55380   0.22342   1.42580   0.08840   0.03894   -0.00866   0.00500
-0.67198   0.18219   1.43658   0.04954   -0.03858   0.00015   0.00500
-0.62244   0.14361   1.43673   0.12789   -0.06725   0.01819   0.00500
-0.85865   0.21677   1.43772   0.15084   0.04100   -0.07953   0.00500
-0.70781   0.25777   1.35819   0.07641   0.02402   -0.04127   0.00500
-0.86403   0.22093   1.43927   0.00633   -0.02890   0.01340   0.00500
-0.86069   0.18850   1.43860   0.07718   -0.09080   -0.00281   0.00500
-0.78351   0.09770   1.43579   0.03624   -0.09029   0.01337   0.00500
-0.86069   0.18850   1.43860   -0.00770   -0.08952   0.07760   0.00500
-0.86322   0.28942   1.33671   0.20538   0.07851   0.16774   0.00500
-0.65755   0.36804   1.50469   0.07870   0.02946   0.06746   0.00500
-0.80161   0.31297   1.38703   0.01384   -0.04071   0.12479   0.00500
-0.83761   0.27534   1.30267   -0.13408   -0.06812   0.00415   0.00500
-0.97169   0.20722   1.30682   -0.16935   0.03076   -0.05745   0.00500
-1.14104   0.23798   1.24937   -0.26895   0.14655   0.18094   0.00500
-1.40999   0.38453   1.43031   0.01449   0.01775   0.05431   0.00500
-1.32930   0.34056   1.37602   -0.11772   0.01677   -0.06093   0.00500
-1.26208   0.30394   1.33080   -0.14621   0.06166   0.00300   0.00500
-1.04790   0.22107   1.28097   0.08128   -0.26657   0.03792   0.00500
-0.70687   0.20349   1.12886   -0.18267   0.04792   -0.08611   0.00754
-0.88954   0.25141   1.04275   -0.28313   0.06590   0.07022   0.00500
-1.15851   0.31401   1.10946   -0.07603   -0.00543   0.14442   0.00500
-1.10190   0.30083   1.09542   -0.03045   0.06630   0.14223   0.00500
-1.07359   0.29425   1.08840   -0.08746   0.04925   -0.01490   0.00500
-1.05942   0.29095   1.08489   -0.02687   -0.03245   0.09444   0.00500
-0.73222   0.21742   1.16257   -0.02114   0.15968   0.04439   0.00500
-0.75336   0.37710   1.20696   -0.04023   0.11905   0.06593   0.00500
-0.75019   0.35314   1.20029   -0.00472   0.02132   0.12840   0.00500
-0.68152   0.18956   1.09517   -0.10702   -0.09972   -0.17586   0.00500
-0.78854   0.08984   0.91931   -0.08418   -0.03886   0.04672   0.00500
-0.77784   0.09981   0.93690   -0.07126   0.03187   -0.06648   0.00500
-0.68152   0.18956   1.09517   -0.00478   0.26119   -0.00360   0.00500
-0.68630   0.45075   1.09157   -0.02621   0.10717   0.17619   0.00500
-0.68583   0.42463   1.09193   0.03290   0.10273   0.01226   0.00500
-0.68559   0.41157   1.09211   -0.05309   0.07906   0.05418   0.00500
-0.68248   0.24180   1.09445   -0.03919   0.02008   0.08730   0.00500
-0.68152   0.18956   1.09517   0.12268   0.01432   0.11663   0.00500
-0.55884   0.20388   1.21180   0.17699   0.21701   0.08960   0.00500
-0.38185   0.42089   1.30140   0.10806   0.12106   0.03419   0.00500
-0.27379   0.54195   1.33559   0.04998   0.10115   0.06016   0.00500
-0.29000   0.52379   1.33046   0.00617   0.07928   0.06834   0.00500
-0.32242   0.48747   1.32020   0.00098   0.12363   0.01089   0.00500
-0.35484   0.45115   1.30995   -0.05082   0.09250   0.14257   0.00500
-0.38185   0.42089   1.30140   0.04913   0.01339   0.11334   0.00500
-0.44380   0.34493   1.27004   0.00882   0.00744   0.10982   0.00500
-0.47919   0.30154   1.25212   -0.01240   0.15873   0.04180   0.00500
-0.47919   0.30154   1.25212   0.15037   -0.05360   0.17253   0.00500
-0.60791   0.19815   1.16515   0.12099   0.01829   -0.01093   0.00500
-0.63245   0.19528   1.14182   0.07009   0.01972   0.10541   0.00500
-0.63082   0.16169   1.02777   -0.07404   -0.03452   -0.01782   0.00500
-0.70489   0.12716   1.00995   -0.10679   -0.02592   -0.16254   0.00500
-0.81168   0.10124   0.84741   0.01877   -0.04342   -0.04798   0.00500
-0.79291   0.05782   0.79943   0.00382   -0.14275   -0.14664   0.00500
-0.79566   0.10513   0.87179   -0.03093   -0.09146   0.02401   0.00500
-0.82658   0.01368   0.89580   -0.03269   -0.09168   -0.07507   0.00500
-0.85928   -0.07801   0.82072   -0.00016   -0.13759   -0.06925   0.00500
-0.78497   0.10772   0.88805   -0.19540   -0.08132   0.05314   0.00500
-0.70489   0.12716   1.00995   -0.03039   0.13037   -0.08112   0.00500
-0.72768   0.22493   0.94911   -0.04811   0.07639   0.07915   0.00500
-0.50409   0.09204   0.85929   0.06648   0.11087   0.02364   0.01389
-0.43761   0.20291   0.88293   0.09780   0.00307   0.10119   0.01189
-0.36425   0.20521   0.95884   -0.00561   0.05428   0.11517   0.00500
-0.36986   0.25949   1.07401   0.06730   0.29942   0.22552   0.00500
-0.30256   0.55891   1.29952   -0.11198   0.16060   0.12163   0.00500
-0.30256   0.55891   1.29952   0.09914   0.09568   0.10127   0.00500
-0.30929   0.52897   1.27697   0.12127   0.18787   0.07708   0.00500
-0.30593   0.54393   1.28824   -0.20043   0.03903   0.10947   0.00500
-0.31266   0.51399   1.26569   -0.10789   0.15151   0.07026   0.00500
-0.33285   0.42417   1.19804   0.09007   -0.05509   0.20922   0.00500
-0.33285   0.42417   1.19804   -0.07082   0.20863   0.00698   0.00500
-0.35304   0.33434   1.13038   -0.22894   0.19710   0.10628   0.00500
-0.36425   0.20521   0.95884   -0.00469   -0.03471   0.10049   0.00500
-0.36894   0.17050   1.05933   0.14964   -0.01987   0.26281   0.00500
-0.35398   0.16852   1.08560   -0.05584   -0.03384   0.10923   0.00500
-0.34469   0.20583   0.97907   -0.10384   0.12697   0.35840   0.00500
-0.45340   0.06418   0.79190   0.08027   -0.02451   0.06150   0.00500
-0.37313   0.03967   0.85340   0.18388   -0.02061   0.05035   0.00500
-0.32715   0.03452   0.86599   0.07631   -0.02864   0.06456   0.00500
-0.52944   0.10597   0.89299   -0.07232   -0.04881   0.09102   0.00500
-0.60176   0.05716   0.98401   0.13129   0.00846   0.13864   0.00500
-0.47047   0.06562   1.12265   0.09029   -0.01754   0.04811   0.00500
-0.50985   0.06308   1.08107   0.05541   -0.09273   0.09348   0.00500
-0.47875   0.07811   0.82560   -0.08755   -0.17919   -0.07946   0.00500
-0.56630   -0.10108   0.74614   -0.08550   -0.07803   0.08031   0.00500
-0.55317   -0.07421   0.75806   0.06159   -0.04636   -0.07748   0.00500
-0.10719   0.02053   0.55067   -0.26623   -0.02753   0.04420   0.00500
-0.37342   -0.00700   0.59487   -0.07987   -0.07793   -0.11366   0.00500
-0.33349   -0.00287   0.58824   -0.19125   0.06711   0.08309   0.00500
-0.30687   -0.00012   0.58382   -0.01712   -0.04471   -0.01162   0.00500
-0.25362   0.00539   0.57498   -0.05954   0.02259   -0.01732   0.00500
0.00784   0.00174   0.39596   0.19758   -0.05942   0.20080   0.02349
0.20542   -0.05768   0.59676   0.17948   0.07086   0.10158   0.02835
0.38490   0.01318   0.69834   0.24951   0.11044   0.62247   0.01247
0.63441   0.12362   1.32081   0.09254   -0.06716   0.20894   0.01477
0.72695   0.05646   1.52975   -0.02244   -0.00481   0.19353   0.01028
0.70451   0.05165   1.72327   -0.08126   -0.00886   0.19173   0.00531
0.62325   0.04279   1.91501   -0.03247   -0.06251   0.17205   0.00500
0.59078   -0.01972   2.08706   -0.03819   -0.07098   0.07156   0.00500
0.59727   -0.00722   2.05265   -0.01995   0.05980   0.12804   0.00500
0.59565   -0.01035   2.06125   0.03602   -0.02471   0.09402   0.00500
0.60377   0.00528   2.01824   -0.10008   -0.16164   0.13525   0.00500
0.60864   0.01466   1.99243   0.02944   0.02821   0.20269   0.00500
0.61676   0.03028   1.94942   -0.05106   0.03762   0.06584   0.00500
0.62325   0.04279   1.91501   0.04432   0.21518   0.23108   0.00500
0.66757   0.25797   2.14609   -0.10928   0.01240   0.15668   0.00500
0.66314   0.23645   2.12298   0.03504   -0.02914   0.18598   0.00500
0.66314   0.23645   2.12298   0.01818   0.18128   0.17839   0.00500
0.65871   0.21493   2.09987   -0.04171   0.10014   0.11391   0.00500
0.66092   0.22568   2.11142   0.08335   0.10710   0.12860   0.00500
0.65871   0.21493   2.09987   -0.09427   0.05242   0.20104   0.00500
0.65427   0.19341   2.07676   0.09404   0.00221   0.16497   0.00500
0.65649   0.20416   2.08831   -0.02751   0.13285   0.01824   0.00500
0.64984   0.17190   2.05366   0.09914   0.08665   0.05413   0.00500
0.65206   0.18265   2.06521   -0.07782   0.05462   0.08219   0.00500
0.64098   0.12886   2.00744   0.07719   -0.00378   0.16893   0.00500
0.64319   0.13961   2.01898   0.07496   0.11011   -0.01217   0.00500
0.63655   0.10734   1.98433   -0.09801   0.07428   0.11632   0.00500
0.63211   0.08582   1.96122   -0.06460   -0.00540   0.04924   0.00500
0.62768   0.06431   1.93812   -0.07000   0.04676   0.15087   0.00500
0.63950   0.04456   1.87666   -0.10387   -0.15288   0.03208   0.00810
0.53563   -0.10832   1.90874   -0.02855   -0.10094   0.30304   0.00500
0.55121   -0.08539   1.90393   -0.00428   -0.23668   0.01984   0.00500
0.58757   -0.03188   1.89270   -0.00742   -0.01187   0.05216   0.00500
0.58015   -0.04375   1.94486   0.07341   0.01089   0.11103   0.00500
0.67200   0.04810   1.79998   -0.07798   -0.05653   0.07129   0.00500
0.59402   -0.00843   1.87127   -0.03936   -0.03180   0.17240   0.00500
0.70900   0.05261   1.68457   -0.00978   0.11686   0.21838   0.00500
0.69922   0.16947   1.90295   0.02104   0.16249   0.26195   0.00500
0.72026   0.33196   2.16490   0.02384   0.05434   0.14279   0.00500
0.71500   0.29134   2.09942   -0.00349   0.14733   0.13474   0.00500
0.71151   0.43867   2.23416   0.06832   0.06899   0.14798   0.00500
0.73542   0.46282   2.28595   -0.04515   0.04033   0.10640   0.00500
0.70869   0.24259   2.02083   -0.02025   0.09455   0.10345   0.00500
0.70343   0.20197   1.95535   0.03890   -0.01598   0.13621   0.00500
0.70238   0.19385   1.94225   0.06613   0.03858   0.03195   0.00500
0.76851   0.23243   1.97420   0.08755   0.06091   0.02509   0.00500
0.70133   0.18572   1.92915   0.06716   -0.03791   0.11672   0.00500
0.76793   0.14812   2.04489   0.07353   -0.02769   0.07022   0.00500
0.70027   0.17760   1.91606   -0.08045   -0.00988   0.13247   0.00500
0.70607   0.08767   1.75009   0.05803   0.14596   0.05354   0.00500
0.70705   0.07598   1.72824   0.05734   0.01964   0.11517   0.00500
0.72022   0.05501   1.58780   0.06293   -0.04829   0.15254   0.00731
0.78316   0.00672   1.74035   0.09042   0.01270   0.27782   0.00500
0.87358   0.01942   2.01817   0.05901   0.04443   0.21150   0.00500
0.84193   0.01497   1.92093   -0.02926   -0.03903   0.11131   0.00500
0.83741   0.01434   1.90704   0.05223   0.05685   0.12404   0.00500
0.72696   0.05645   1.52976   0.22840   0.08030   0.12580   0.00800
0.95534   0.13675   1.65555   0.11436   0.04613   0.00898   0.00500
1.06970   0.18288   1.66453   0.23866   -0.09546   0.26539   0.00500
1.16518   0.14469   1.77069   0.01346   -0.03971   0.12940   0.00500
1.11744   0.16379   1.71761   0.03143   0.03921   0.11287   0.00500
1.08164   0.17810   1.67780   0.14880   0.03904   0.04437   0.00500
0.94394   0.13274   1.64927   0.12032   -0.14630   0.33061   0.00500
0.92110   0.12471   1.63669   0.17250   0.17751   0.14484   0.00500
0.87542   0.10865   1.61153   -0.17045   0.10979   0.14069   0.00500
0.57203   0.09601   1.16519   0.15178   -0.28545   0.18510   0.00752
0.72381   -0.18944   1.35029   0.03817   -0.21174   0.06582   0.01124
0.76198   -0.40118   1.41611   -0.04975   -0.13291   0.22062   0.01064
0.71223   -0.53409   1.63673   0.24243   -0.09866   0.35834   0.00500
0.78497   -0.56369   1.74424   0.12367   0.00705   0.07231   0.00500
0.78497   -0.56369   1.74424   0.00693   0.00664   0.09134   0.00500
0.74860   -0.54890   1.69049   -0.04399   -0.05363   0.32634   0.00500
0.76072   -0.55383   1.70840   0.11397   -0.02267   0.06677   0.00500
0.73648   -0.54396   1.67257   0.10558   0.04173   0.08222   0.00500
0.72437   -0.53903   1.65466   -0.17301   0.01624   0.17026   0.00500
0.74955   -0.43441   1.47126   -0.05678   -0.21505   0.06837   0.00500
0.73145   -0.23179   1.36345   0.03241   -0.11033   0.39738   0.00500
0.76386   -0.34212   1.76083   -0.13409   -0.02092   0.24673   0.00500
0.67669   -0.35572   1.92122   -0.03800   0.06767   0.06660   0.00500
0.70351   -0.35154   1.87187   -0.05882   0.07281   0.07834   0.00500
0.75900   -0.32557   1.70122   0.01951   0.02062   0.11605   0.00500
0.77851   -0.30495   1.81729   0.03755   -0.04080   0.13907   0.00500
0.75252   -0.30351   1.62176   -0.01487   -0.10061   0.05761   0.00500
0.73765   -0.40412   1.67937   0.00336   -0.06796   0.02579   0.00500
0.74603   -0.28145   1.54228   -0.07569   0.02478   0.14307   0.00500
0.73631   -0.24834   1.42306   0.00958   0.13423   0.09490   0.00500
0.69346   -0.13237   1.31327   0.10393   -0.10877   0.14915   0.00500
0.65552   -0.06100   1.26700   -0.00344   -0.12961   0.19103   0.00500
0.65208   -0.19061   1.45803   -0.06178   -0.02332   0.11211   0.00500
0.59030   -0.21393   1.57014   -0.08217   -0.03584   0.06049   0.00500
0.60266   -0.20927   1.54771   0.03370   0.01859   0.12124   0.00500
0.61757   0.01036   1.22072   -0.12755   -0.24437   0.16240   0.00500
0.62194   0.11810   1.28970   0.04358   0.13576   0.15124   0.00500
0.63719   0.16560   1.34262   0.01738   -0.04518   0.11866   0.00500
0.63502   0.15882   1.33506   -0.05746   0.07336   0.01073   0.00500
0.57203   0.09601   1.16519   -0.20711   0.18252   0.04337   0.00500
0.36492   0.27853   1.20856   0.00870   0.14259   0.12426   0.00500
0.37362   0.42112   1.33282   -0.00588   -0.00128   0.16320   0.01718
0.37275   0.40685   1.32039   0.09375   0.19175   0.14372   0.00500
0.37232   0.39973   1.31418   -0.03688   0.07148   0.15854   0.00500
0.36927   0.34982   1.27069   -0.03878   0.19074   0.01490   0.00500
0.36710   0.31417   1.23962   -0.05120   -0.02260   0.15128   0.00500
0.44777   0.20552   1.19121   0.14751   0.30696   0.20233   0.00500
0.52213   0.07392   1.04070   0.03279   0.02027   0.01384   0.01059
0.55492   0.09419   1.05454   0.20360   0.19051   0.25631   0.00500
0.75852   0.28470   1.31085   0.17007   0.02933   0.09576   0.00500
0.74834   0.27517   1.29803   -0.00501   0.07592   0.10516   0.00500
0.72835   0.25647   1.27287   0.10910   0.14867   0.04977   0.00500
0.72798   0.25612   1.27240   0.06369   -0.02863   0.11845   0.00500
0.67709   0.20850   1.20833   0.02116   -0.01788   0.08125   0.00500
0.65673   0.18945   1.18270   -0.00497   0.15968   0.12851   0.00500
0.65673   0.18945   1.18270   -0.00858   -0.05031   0.11469   0.00500
0.55492   0.09419   1.05454   0.02065   0.05360   0.00404   0.00500
0.57500   0.14631   1.05847   -0.08280   0.11936   0.06825   0.00500
0.02161   0.00198   0.39604   0.23353   -0.07176   0.20979   0.02947
0.25514   -0.06978   0.60583   0.16516   0.07589   0.06368   0.02634
0.42030   0.00611   0.66951   0.21537   0.03136   0.63759   0.01492
0.63567   0.03747   1.30710   0.01893   -0.00385   0.09363   0.00500
0.65460   0.03362   1.40073   -0.13376   -0.00341   0.02451   0.00500
0.52083   0.03021   1.42524   -0.01449   -0.02804   0.12681   0.00500
0.50634   0.00217   1.55205   -0.04554   -0.00969   0.17451   0.00500
0.51068   0.01058   1.51401   0.01466   0.05641   0.10947   0.00500
0.51503   0.01899   1.47596   -0.02855   -0.05836   0.07047   0.00500
0.53875   0.02336   1.02019   0.06820   0.07449   -0.02368   0.01144
0.56603   0.05315   1.01072   0.10464   -0.00247   0.04711   0.00500
0.67003   0.05069   1.05755   -0.00270   -0.05325   0.26976   0.00500
0.55239   0.03825   1.01546   0.10919   0.09141   0.06969   0.00500
0.50645   0.01865   0.92455   -0.00735   0.15946   0.18630   0.00500
0.49910   0.17811   1.11085   -0.11176   0.10944   0.33273   0.00500
0.49983   0.16216   1.09222   0.04807   0.03839   0.02986   0.00500
0.54813   0.20073   1.12222   0.09755   0.07989   0.21320   0.00500
0.54790   0.20055   1.12208   0.21421   0.10487   0.03202   0.00500
0.53588   0.19095   1.11461   0.16739   0.20324   0.02491   0.00500
0.50130   0.13027   1.05496   -0.07529   0.20723   0.13512   0.00500
0.50314   0.09040   1.00838   -0.07330   0.00793   0.18627   0.00500
0.50388   0.07446   0.98975   0.02706   0.20865   0.02420   0.00500
0.50388   0.07446   0.98975   0.12996   -0.11502   0.19419   0.00500
0.46337   0.01238   0.79703   0.02353   0.05079   0.14264   0.01576
0.48690   0.06318   0.93969   -0.10956   0.00237   0.07261   0.00500
0.37734   0.06555   1.01230   -0.05577   -0.07655   0.08327   0.00500
0.32158   -0.01100   1.09556   -0.13151   -0.26737   0.17144   0.00500
0.30185   -0.05111   1.12128   0.02173   -0.10655   0.04941   0.00500
0.33273   0.00431   1.07891   0.05772   -0.21408   0.14444   0.00500
0.35782   0.03875   1.04144   -0.15519   -0.07772   0.11949   0.00500
0.37734   0.06555   1.01230   -0.16192   0.03905   0.15986   0.00500
0.38830   0.06531   1.00504   0.00927   0.11205   0.30517   0.00500
0.43761   0.06424   0.97236   -0.11577   0.09365   0.01235   0.00500
0.44856   0.06400   0.96510   0.00347   -0.06439   0.54571   0.00500
0.46500   0.06365   0.95421   0.19553   -0.07826   0.13625   0.00500
0.43107   0.00768   0.70139   0.00795   0.17636   0.20221   0.00500
0.43902   0.18404   0.90360   -0.11825   0.11759   0.30174   0.00500
0.42128   0.20168   0.94886   -0.07319   0.15099   0.11932   0.00500
0.43310   0.18992   0.91869   0.04875   0.03683   0.04468   0.00500
0.29643   -0.05081   0.62175   -0.03057   -0.02959   0.10548   0.00500
0.27503   -0.07152   0.69559   -0.06265   -0.01644   0.05251   0.00500
0.21239   -0.08796   0.74810   0.14620   -0.04866   0.22079   0.00500
0.29281   -0.11472   0.86954   -0.02933   -0.03147   0.16122   0.00500
0.24163   -0.09769   0.79226   0.01275   0.05758   0.11964   0.00500
0.21239   -0.08796   0.74810   -0.14210   -0.21038   0.22499   0.00500
0.02161   0.00198   0.39604   0.08083   0.12996   0.06901   0.03075
0.04990   0.04747   0.42020   0.00910   0.10227   0.10304   0.00725
0.05900   0.14973   0.52323   0.05945   0.12648   0.00879   0.00660
0.11845   0.27621   0.53202   -0.02286   0.02339   0.09774   0.00500
0.09559   0.29960   0.62975   -0.23937   -0.17569   0.23824   0.00500
0.01181   0.23811   0.71313   0.08905   -0.23117   0.09016   0.00500
0.09559   0.29960   0.62975   0.07313   0.10522   0.25494   0.00500
0.16872   0.40482   0.88469   0.03310   -0.01278   0.13599   0.00500
0.16506   0.39956   0.87195   -0.07684   0.01442   0.08038   0.00500
0.15630   0.38694   0.84139   -0.11046   0.09045   0.06099   0.00500
0.13216   0.35221   0.75722   -0.02232   -0.04738   0.16516   0.00500
164
0.01083   -0.99439   2.08562   -0.05489   -0.00807   0.00152   0.02775
0.35596   -1.00266   2.13492   -0.02217   -0.05208   0.01616   0.02943
0.37340   -0.95277   1.98513   0.00644   0.05934   -0.02428   0.03222
0.39585   -0.74061   1.93238   0.01468   0.02895   -0.02490   0.02046
0.42360   -0.86171   1.84403   0.02679   -0.01422   -0.04681   0.02789
0.59622   -1.39226   1.57840   -0.01198   0.00366   -0.04597   0.02382
0.42685   -1.35823   1.74627   -0.04332   0.02708   -0.00063   0.02555
-0.08817   -1.61004   1.78016   0.02741   -0.00220   -0.03423   0.02195
-0.07303   -1.68315   2.10449   -0.02296   -0.00132   -0.05063   0.02780
-0.08375   -1.46722   1.86529   0.02175   0.04166   -0.03711   0.02994
0.06653   -1.47166   1.66051   -0.01093   0.01332   -0.04443   0.02382
-0.06402   -1.68585   1.57049   -0.00685   0.01879   -0.05275   0.02821
-0.15314   -1.30527   1.71185   -0.03532   0.02432   -0.02946   0.02602
-0.13513   -1.18442   1.42618   0.00965   0.00356   -0.01956   0.01105
-0.20116   -1.06401   1.82728   -0.02756   -0.01750   -0.03145   0.02267
-0.13985   -1.04633   1.63906   0.02835   0.00662   -0.03302   0.02201
-0.10321   -1.07199   1.67567   0.00785   0.04485   -0.02814   0.02676
0.30271   -1.23268   1.34997   0.00895   -0.00240   -0.04157   0.02130
0.19603   -0.78835   0.78882   -0.01598   0.01244   -0.06100   0.03200
0.43410   -0.64854   0.52299   -0.01834   -0.03754   -0.01600   0.02200
0.34037   -0.59714   0.67226   -0.00751   -0.02845   -0.03600   0.02300
0.11374   -0.52408   0.79116   -0.02854   0.00651   -0.05800   0.03200
0.16330   -0.37966   1.02827   -0.02741   0.01946   -0.00600   0.01700
0.36808   -0.90457   0.86597   -0.01554   0.01742   -0.03100   0.01900
-0.18260   -0.10170   0.48250   -0.02891   0.00793   -0.06096   0.03397
-0.17960   -0.09985   0.53038   -0.03140   0.03649   -0.03741   0.03048
-0.15432   -0.08643   0.51561   -0.03513   0.02275   -0.05531   0.03468
-0.11639   -0.06631   0.49345   -0.03967   0.00829   -0.04078   0.02875
-1.18817   -0.30150   1.72917   -0.00087   0.00816   -0.05016   0.02542
-1.14021   -0.34635   1.67355   0.01275   0.03179   -0.04526   0.02838
-1.07627   -0.40615   1.59939   0.00158   0.02783   -0.05673   0.03160
-1.02465   -0.55349   1.94129   -0.01211   0.04884   -0.00025   0.02516
-1.00100   -0.52644   1.86114   -0.04252   0.01396   -0.02500   0.02563
-0.89231   -0.42827   1.76316   0.05439   -0.00269   -0.01157   0.02783
-0.91360   -0.38644   1.73155   -0.01740   -0.00094   -0.04005   0.02184
-1.07384   -0.82399   1.51379   -0.03638   0.01459   -0.02381   0.02293
-0.95877   -0.62906   1.48462   0.00071   -0.00059   -0.05092   0.02547
-0.90679   -0.59902   1.47972   -0.00408   -0.01007   -0.07307   0.03694
-0.79174   -0.22020   1.62720   -0.01292   -0.01417   -0.04204   0.02310
-0.79525   -0.32253   1.62372   -0.00229   0.01839   -0.05259   0.02788
-0.73828   -0.48498   1.44753   -0.01326   -0.03489   0.01716   0.02054
-0.78951   -0.53170   1.38282   -0.01851   -0.01995   -0.02650   0.01899
-0.39715   -0.29805   1.36914   0.01168   -0.02429   0.03044   0.02033
-0.45796   -0.77489   1.54283   -0.01896   -0.01723   -0.02051   0.01641
-0.49268   -0.64780   1.43873   0.00337   0.00140   -0.04633   0.02324
-0.56993   -0.61528   1.38497   0.04113   0.02003   -0.03472   0.02872
-0.93225   -1.13150   1.56673   0.02411   -0.01187   -0.02439   0.01814
-1.25211   -0.97195   1.74744   -0.01355   -0.00567   -0.04504   0.02369
-1.16215   -0.98762   1.62562   -0.00143   -0.00530   -0.04837   0.02434
-1.04699   -1.17928   1.41152   0.03643   0.00903   -0.04450   0.02911
-0.72990   -1.16399   1.69694   0.02102   -0.01091   -0.04044   0.02343
-0.71613   -1.03983   1.60428   -0.03423   0.01394   -0.05003   0.03110
-0.68626   -0.88033   1.55791   0.03938   0.03973   -0.00784   0.02824
-0.51175   -0.54451   1.23825   0.01360   0.02238   -0.05080   0.02858
-0.32104   -0.29727   0.97641   0.00899   0.03893   -0.03372   0.02614
-0.46021   -0.34166   0.73105   0.03330   -0.00485   -0.04655   0.02872
-0.45715   -0.29092   0.62581   -0.00803   0.01809   -0.05105   0.02738
-0.41272   -0.23443   0.67526   0.01217   -0.00858   -0.05354   0.02779
-0.67476   -0.10605   0.64819   0.01711   0.05150   -0.02067   0.02903
-0.34057   -0.13229   0.65414   -0.03455   0.06105   -0.01646   0.03603
-0.14371   -0.22572   0.83202   -0.01779   0.01904   -0.06179   0.03353
-0.04958   -0.04415   0.57692   0.02028   0.04161   -0.00214   0.02317
-0.44319   0.07283   0.51362   0.01068   0.00667   -0.04299   0.02240
-0.30596   0.06619   0.59080   0.03439   -0.03410   -0.02559   0.02739
-0.30596   0.06619   0.59080   -0.02501   0.05343   -0.03523   0.03436
-0.31347   0.10496   0.62617   0.00027   -0.00641   -0.06009   0.03021
-1.25763   0.66761   1.83677   -0.05086   -0.01450   -0.04116   0.03351
-1.23871   0.61774   1.77171   0.00878   0.01219   -0.03379   0.01849
-1.09821   0.54648   1.89244   -0.00892   0.01416   -0.04316   0.02314
-1.09867   0.56291   1.76116   -0.01081   -0.02614   -0.04451   0.02637
-0.90383   0.54667   1.67322   -0.00622   -0.01922   -0.04317   0.02383
-1.12421   0.53306   1.45625   0.02731   -0.00109   -0.04101   0.02464
-1.00584   0.36134   1.68249   -0.03489   0.01864   -0.02457   0.02328
-1.01398   0.38989   1.54080   -0.00041   0.03379   -0.06182   0.03523
-0.71929   0.50128   2.13412   0.01292   0.00368   -0.04497   0.02347
-0.71929   0.50128   2.13412   -0.00440   -0.05081   -0.03508   0.03095
-0.68181   0.35455   1.93580   -0.05181   -0.00801   -0.00232   0.02624
-0.62545   0.28226   2.01087   -0.00486   -0.02128   -0.04049   0.02300
-1.03781   0.30988   2.11189   0.01087   0.02927   -0.04333   0.02670
-0.87988   0.15823   1.92176   -0.01056   0.00868   -0.04843   0.02516
-0.69808   0.14892   1.87850   0.01409   0.02189   -0.03673   0.02251
-0.58511   0.09416   1.66014   -0.01081   -0.00219   -0.04684   0.02406
-0.60873   0.12550   1.69285   -0.00701   0.01410   -0.04776   0.02515
-0.61353   0.21999   1.74655   0.01778   0.01540   -0.04117   0.02371
-0.81980   0.26441   1.53042   -0.00054   -0.00115   -0.05122   0.02562
-0.70536   -0.05275   1.94026   0.00081   -0.02214   -0.03517   0.02079
-0.76605   -0.00068   1.85807   0.02318   -0.02775   -0.03014   0.02354
-0.80173   0.03627   1.83757   0.04149   -0.00513   0.00879   0.02136
-1.02998   0.09122   1.92716   -0.03862   -0.00538   -0.04182   0.02859
-0.94577   0.05423   1.80837   -0.01014   0.00154   -0.05563   0.02829
-0.91401   -0.19816   1.70101   -0.01195   0.00341   -0.03563   0.01887
-0.86919   -0.03119   1.70404   -0.00089   -0.00168   -0.04126   0.02065
-0.84789   0.12510   1.64676   0.05528   -0.04742   -0.00918   0.03671
-1.15063   0.17143   1.60069   0.00168   0.00024   -0.07026   0.03514
-1.02879   0.16501   1.53116   0.01538   -0.00827   -0.04923   0.02612
-1.02879   0.16501   1.53116   -0.04955   0.00630   -0.04289   0.03292
-0.80979   0.24091   1.65670   -0.00026   -0.00728   -0.04772   0.02414
-0.85101   0.25782   1.60162   -0.01247   -0.05282   -0.03942   0.03354
-0.55380   0.22342   1.42580   -0.02304   -0.01101   -0.06072   0.03294
-0.71865   0.17438   1.42898   0.01294   0.00588   -0.04440   0.02331
-0.62244   0.14361   1.43673   0.03221   -0.00519   -0.03046   0.02232
-0.79509   0.11132   1.43621   -0.01079   0.00188   -0.05448   0.02779
-0.71535   0.25572   1.36217   -0.00466   -0.00790   -0.05728   0.02901
-0.65784   0.36793   1.50445   -0.02966   0.01505   -0.01920   0.01920
-1.40999   0.38453   1.43031   0.00446   0.01228   -0.05642   0.02896
-1.18138   0.25996   1.27651   -0.02160   -0.05377   0.02452   0.03146
-1.17267   0.31731   1.11297   0.00676   -0.01051   -0.05393   0.02768
-0.75336   0.37710   1.20696   -0.02014   -0.00798   -0.07270   0.03793
-0.72433   0.14967   1.02483   -0.03501   -0.03297   -0.00864   0.02443
-0.68248   0.24180   1.09445   0.04410   0.01552   0.00997   0.02390
-0.27379   0.54195   1.33559   -0.00960   -0.00657   -0.04342   0.02248
-0.42610   0.36663   1.27900   0.02939   -0.00578   -0.04839   0.02845
-0.42610   0.36663   1.27900   -0.00082   0.00730   -0.04932   0.02493
-0.79572   0.06434   0.80663   -0.00021   0.01326   -0.05760   0.02956
-0.80229   0.07953   0.82342   -0.03769   0.00544   -0.03620   0.02627
-0.79854   0.07085   0.81383   0.00457   -0.05696   0.00405   0.02864
-0.85928   -0.07801   0.82072   0.02775   0.01291   -0.05334   0.03075
-0.85928   -0.07801   0.82072   -0.03034   0.00708   -0.00356   0.01568
-0.77964   0.10902   0.89617   -0.04350   0.02642   -0.00730   0.02571
-0.72464   0.21190   0.95722   0.02949   0.04596   0.00368   0.02737
-0.36894   0.17050   1.05933   0.02553   -0.02660   -0.03662   0.02598
-0.36730   0.18265   1.02416   0.04648   0.00244   -0.01524   0.02449
-0.48215   0.01672   1.12781   -0.03271   -0.03885   -0.03809   0.03174
-0.56630   -0.10108   0.74614   -0.02067   0.00833   -0.04910   0.02696
-0.49158   -0.12057   0.68058   -0.06617   0.01074   -0.07418   0.04999
-0.56630   -0.10108   0.74614   0.01223   -0.00809   -0.05023   0.02617
-0.45329   -0.08493   0.48121   0.03824   0.02198   -0.06269   0.03833
-0.32399   -0.04482   0.57220   -0.02418   0.03292   -0.03319   0.02632
-0.32399   -0.04482   0.57220   0.06759   -0.00967   -0.03723   0.03888
-0.31317   0.02798   0.55766   0.00571   -0.00839   -0.05540   0.02816
0.60215   0.00215   2.02684   -0.01499   -0.01665   -0.04951   0.02717
0.57397   0.08096   2.00553   0.05727   -0.01527   0.01636   0.03075
0.51993   -0.16384   2.07541   0.03445   -0.02771   -0.03473   0.02811
0.56679   -0.06246   1.89911   0.01142   -0.00272   -0.04718   0.02431
0.63302   0.01984   1.83562   0.01643   -0.04121   -0.07503   0.04358
0.76851   0.23243   1.97420   0.02102   -0.00913   -0.03832   0.02232
0.76872   0.14783   2.04565   0.00380   -0.01981   -0.03967   0.02225
0.70804   0.18193   1.94082   -0.00143   -0.04514   -0.01108   0.02325
0.87358   0.01942   2.01817   -0.01464   -0.03959   -0.03781   0.02833
0.95561   0.16022   1.66566   0.04117   0.00934   -0.03966   0.02896
0.85837   0.11963   1.62560   -0.00584   0.02391   -0.04050   0.02370
0.71692   -0.34945   1.84720   0.01400   -0.02188   -0.03732   0.02274
0.77851   -0.30495   1.81729   0.03250   -0.00454   -0.03617   0.02442
0.76583   -0.31835   1.74185   -0.03615   0.00593   -0.01004   0.01899
0.73765   -0.40412   1.67937   0.00023   0.00568   -0.04410   0.02223
0.75089   -0.29799   1.60188   0.03871   0.04987   -0.01280   0.03221
0.65208   -0.19061   1.45803   0.01853   -0.01392   -0.04592   0.02572
0.65208   -0.19061   1.45803   -0.05203   0.02427   -0.03233   0.03295
0.50915   -0.19736   1.35877   0.01984   0.04427   -0.05953   0.03839
0.63937   0.17240   1.35019   -0.00847   0.02214   -0.03424   0.02082
0.63937   0.17240   1.35019   0.03952   -0.00219   -0.04019   0.02821
0.36884   0.34269   1.26448   0.03461   -0.00051   -0.04408   0.02802
0.38563   0.26027   1.20422   -0.00090   0.00851   -0.05330   0.02699
0.67709   0.20850   1.20833   -0.01090   0.04842   -0.00162   0.02483
0.57454   0.14510   1.05837   -0.01747   -0.00762   -0.05776   0.03041
0.51358   0.01619   1.48864   -0.03466   0.01501   -0.03561   0.02596
0.54898   0.03452   1.01664   -0.01400   -0.05704   -0.01079   0.02986
0.54898   0.03452   1.01664   0.02131   -0.02338   0.02735   0.02091
0.37972   0.11107   0.97853   -0.00921   -0.02782   0.03806   0.02402
0.50167   0.12229   1.04564   0.01643   0.02602   -0.03949   0.02503
0.40866   0.08766   0.97545   -0.00718   -0.05465   -0.05513   0.03898
0.39129   0.10171   0.97730   0.01513   -0.05595   -0.05638   0.04043
0.43310   0.18992   0.91869   -0.01470   -0.03504   0.02759   0.02348
0.12850   0.34695   0.74448   0.03061   -0.02402   -0.03840   0.02733
