510
-0.00000   -0.00000   0.00000   -0.05235   0.06954   0.43224   0.05973
-0.05235   0.06954   0.43224   0.07234   -0.32247   0.40500   0.03249
0.01999   -0.25293   0.83724   0.01648   -0.20580   0.30702   0.02813
0.03609   -0.45393   1.13709   0.08516   -0.20915   0.47934   0.02371
0.12125   -0.66308   1.61643   -0.04147   -0.47714   0.78148   0.01535
0.07978   -1.14022   2.39791   0.05804   0.02300   0.28834   0.00563
0.12621   -1.12182   2.62858   0.25244   -0.00618   0.12851   0.00500
0.12621   -1.12182   2.62858   0.02294   -0.02990   0.03980   0.00500
0.11460   -1.12642   2.57091   0.13682   0.12293   0.11096   0.00500
0.10589   -1.12987   2.52766   -0.07537   0.18668   0.12228   0.00500
0.07978   -1.14022   2.39791   -0.02125   -0.07855   0.12440   0.01085
0.08392   -1.09251   2.31977   0.12478   -0.15281   0.01053   0.00500
0.20726   -1.24355   2.33018   0.29568   -0.36819   0.05512   0.00500
0.20870   -1.24532   2.33030   0.33595   -0.14737   0.21265   0.00500
0.10888   -1.12307   2.32188   0.07531   -0.16008   0.20861   0.00500
0.08392   -1.09250   2.31977   0.02432   0.17507   0.37105   0.00500
0.08807   -1.04479   2.24162   0.02711   -0.15928   0.11146   0.00500
0.09222   -0.99707   2.16347   0.03714   -0.30720   -0.01523   0.00500
0.12936   -1.30427   2.14824   0.01886   -0.21215   0.06688   0.00500
0.12936   -1.30427   2.14824   0.02717   -0.30967   -0.14535   0.00500
0.12379   -1.25819   2.15052   0.10687   -0.14683   0.15995   0.00500
0.10707   -1.11995   2.15738   0.23396   -0.16708   -0.09963   0.00500
0.09636   -0.94936   2.08532   -0.06787   -0.14018   0.00309   0.00500
0.02849   -1.08954   2.08841   -0.25440   -0.22556   -0.14354   0.00500
0.05903   -1.02646   2.08702   -0.00059   -0.03381   -0.06607   0.00500
0.09289   -0.98932   2.15077   -0.05126   0.00595   0.02407   0.00500
0.09844   -0.92550   2.04625   0.03940   -0.16159   -0.02058   0.00500
0.12405   -1.03054   2.03287   -0.04379   -0.35912   -0.16951   0.00500
0.09844   -0.92550   2.04625   0.22528   -0.46876   0.07319   0.00500
0.10051   -0.90165   2.00717   -0.00882   -0.04366   0.19040   0.00500
0.09169   -0.94531   2.19757   -0.10371   -0.08743   0.02493   0.00500
0.09301   -0.93876   2.16901   0.09874   -0.04768   0.08394   0.00500
0.09799   -0.93061   2.05461   0.15157   0.01787   0.14095   0.00500
0.10258   -0.87779   1.96810   0.24097   -0.43432   -0.18531   0.00500
0.10258   -0.87779   1.96810   0.21923   -0.05660   0.03902   0.00500
0.10466   -0.85393   1.92903   -0.07172   -0.17600   -0.07968   0.00500
0.03294   -1.02993   1.84935   -0.08168   -0.08824   0.00075   0.00500
-0.04874   -1.11817   1.85010   -0.21589   -0.17590   -0.16032   0.00500
0.03294   -1.02993   1.84935   0.09080   -0.22114   -0.09901   0.00500
0.03294   -1.02993   1.84935   -0.09165   -0.16093   -0.16062   0.00500
0.10880   -0.80622   1.85088   0.04974   -0.40014   0.02271   0.00500
0.10880   -0.80622   1.85088   0.04545   -0.30451   0.14708   0.00500
0.11088   -0.78236   1.81180   0.20346   -0.15703   0.36379   0.01251
0.31434   -0.93939   2.17559   0.09129   -0.03577   0.47621   0.00500
0.37368   -0.96264   2.48513   0.01867   -0.13948   0.12493   0.00500
0.37824   -0.96443   2.50893   0.15580   -0.05627   0.17233   0.00500
0.35542   -0.95549   2.38988   0.05304   0.14753   0.23428   0.00500
0.27365   -0.90799   2.10284   0.22130   -0.26342   -0.03658   0.00500
0.26347   -0.90013   2.08465   0.01283   0.12276   0.23386   0.00500
0.24313   -0.88443   2.04827   0.22753   0.17410   0.33678   0.00500
0.20361   -0.85393   1.97760   0.17089   -0.05788   -0.03142   0.00500
0.18209   -0.83732   1.93913   0.23210   0.21458   0.24365   0.00500
0.16174   -0.82162   1.90275   0.18414   0.00653   -0.01242   0.00500
0.11295   -0.75850   1.77273   -0.05875   -0.06755   -0.03905   0.00500
0.05420   -0.82605   1.73368   0.06712   -0.32814   -0.14278   0.00500
0.08064   -0.79566   1.75125   -0.01330   -0.12609   -0.12874   0.00500
0.11710   -0.71079   1.69458   -0.13609   0.21490   0.54711   0.00500
0.12125   -0.66308   1.61643   0.00095   -0.00080   0.09879   0.00500
0.12196   -0.66368   1.69053   0.13176   -0.10943   0.14185   0.00500
0.12125   -0.66308   1.61643   0.00518   -0.12250   -0.05083   0.00500
0.12643   -0.78558   1.56560   0.14476   -0.03463   -0.12447   0.00500
0.27119   -0.82021   1.44113   0.23748   -0.08606   -0.04858   0.00500
0.12643   -0.78558   1.56560   -0.15952   -0.38191   0.01005   0.00500
0.11273   -0.64216   1.56850   0.21605   -0.31520   -0.09035   0.00500
0.10421   -0.62125   1.52057   0.07561   -0.07960   0.22064   0.00500
0.17982   -0.70085   1.74121   0.13480   -0.00728   0.18683   0.00500
0.15714   -0.67697   1.67501   0.10811   0.02996   0.09696   0.00500
0.11203   -0.64044   1.56456   0.22225   0.02141   0.11315   0.00500
0.09144   -0.58987   1.44866   -0.07941   -0.04259   0.03105   0.00500
0.01203   -0.63246   1.47971   -0.14679   -0.10389   -0.11757   0.00500
-0.13476   -0.73635   1.36214   -0.07176   -0.19367   -0.29743   0.00500
0.09144   -0.58987   1.44866   -0.07844   0.27910   0.31991   0.00500
0.07866   -0.55850   1.37676   0.03016   -0.14432   -0.05248   0.00500
0.10882   -0.70282   1.32428   0.27305   -0.06975   0.20443   0.00500
0.10882   -0.70282   1.32428   0.31456   -0.26154   -0.04566   0.00500
0.10882   -0.70282   1.32428   -0.21070   -0.38464   -0.03667   0.00500
0.09224   -0.62344   1.35315   0.14530   -0.05513   -0.02086   0.00500
0.04460   -0.47484   1.18503   0.17994   -0.22325   0.08285   0.00500
0.22454   -0.69809   1.26788   0.08671   -0.10743   -0.07670   0.00500
0.17056   -0.63111   1.24302   0.15904   -0.06328   -0.02191   0.00500
0.32960   -0.69439   1.22111   0.07500   0.05237   0.20841   0.00500
0.08959   -0.53065   1.20574   0.20690   0.10892   0.20436   0.00500
0.04886   -0.48530   1.20899   -0.05089   -0.00353   0.44395   0.00500
-0.00203   -0.48883   1.65294   -0.28518   -0.04809   0.25693   0.00500
-0.00203   -0.48883   1.65294   0.03659   0.08034   0.26577   0.00500
0.01069   -0.48794   1.54195   -0.03606   -0.03018   0.06205   0.00500
0.05312   -0.49576   1.23296   -0.13261   0.19140   0.27590   0.00500
0.07441   -0.54804   1.35280   -0.02497   -0.04686   -0.05003   0.00500
0.04944   -0.59490   1.30277   -0.11564   0.05233   -0.31069   0.00500
-0.06620   -0.54257   0.99208   -0.08479   0.08086   -0.12843   0.00500
0.03400   -0.42786   1.09821   -0.09675   -0.08916   0.00785   0.00500
-0.06275   -0.51702   1.10606   -0.16789   0.04665   0.02971   0.00500
0.00013   -0.45907   1.10096   -0.03553   -0.11274   0.36005   0.00500
0.03457   -0.43506   1.10896   -0.09071   -0.01978   0.03800   0.00500
-0.02889   -0.48581   1.10331   -0.13543   0.12338   0.19727   0.00500
0.02988   -0.37641   1.02145   0.07804   0.16426   0.37711   0.00669
0.10792   -0.21215   1.39856   0.04410   0.15505   0.12831   0.00500
0.15106   -0.06048   1.52407   0.00749   0.16337   0.33805   0.00500
0.09621   -0.23679   1.34199   0.43147   0.16985   0.15457   0.00500
0.09231   -0.24500   1.32314   0.13141   -0.18357   0.32412   0.00500
0.06500   -0.30249   1.19115   0.10286   0.10954   0.05546   0.00500
0.07670   -0.27785   1.24772   -0.00407   0.15329   0.07425   0.00500
0.07670   -0.27785   1.24772   -0.17504   0.19116   0.12546   0.00500
0.05329   -0.32713   1.13459   0.29077   -0.11158   0.08434   0.00500
0.04549   -0.34356   1.09687   -0.07902   0.00352   0.04194   0.00500
0.34406   -0.43871   1.21893   -0.02762   -0.01795   -0.02968   0.00500
0.02411   -0.30438   0.91400   0.12557   -0.30935   0.06705   0.00500
0.14968   -0.61373   0.98105   0.16258   -0.05109   0.11759   0.00500
0.14968   -0.61373   0.98105   0.01924   -0.17438   0.13836   0.00500
0.16892   -0.78811   1.11941   0.05195   -0.23453   -0.03976   0.00500
0.14968   -0.61373   0.98105   -0.05713   -0.61948   -0.11436   0.00500
0.14682   -0.64470   0.97533   0.13212   -0.06140   -0.08130   0.00500
0.27894   -0.70610   0.89403   0.38068   -0.19491   -0.09034   0.00500
0.14968   -0.61373   0.98105   0.14391   0.02013   -0.05404   0.00500
0.12457   -0.55186   0.96764   -0.18574   -0.52424   -0.02830   0.00500
0.10573   -0.50546   0.95758   -0.16669   -0.50710   0.12925   0.00500
0.02329   -0.29409   0.89864   0.18342   0.09524   0.18454   0.00500
0.20671   -0.19885   1.08318   0.04602   0.20198   0.04058   0.00500
0.20671   -0.19885   1.08318   0.11149   -0.11062   0.09325   0.00500
0.06914   -0.27028   0.94478   0.24059   0.09707   -0.05126   0.00500
0.01637   -0.23681   0.81699   -0.05138   -0.16345   -0.07501   0.00500
-0.03453   -0.39873   0.74268   0.18043   -0.08854   -0.29110   0.00500
-0.00533   -0.14007   0.69549   0.13219   -0.31220   0.06527   0.00500
0.12686   -0.45227   0.76076   0.10782   0.03585   0.27405   0.00500
0.12686   -0.45227   0.76076   -0.01340   0.07137   0.04409   0.00500
0.11403   -0.38394   0.80297   -0.01168   0.09693   -0.06203   0.00500
0.10235   -0.28701   0.74094   0.02205   0.07993   -0.19480   0.00500
0.12440   -0.20708   0.54614   -0.04243   0.12074   -0.04334   0.00500
0.00191   -0.17233   0.73601   0.08547   0.03759   0.00664   0.00500
0.08738   -0.13474   0.74265   0.01563   0.05377   -0.14784   0.00500
0.10301   -0.08097   0.59481   0.03520   0.07677   -0.16443   0.00500
-0.05126   0.06809   0.42324   0.07501   0.17559   0.25725   0.02986
0.01919   0.23301   0.66485   0.07989   0.20748   0.14024   0.03194
0.09908   0.44049   0.80509   -0.04373   0.11752   0.24554   0.02573
0.05535   0.55801   1.05063   0.11962   0.24836   0.39935   0.01214
0.17497   0.80637   1.44998   -0.02763   0.06186   0.37627   0.00772
0.14734   0.86823   1.82625   0.09064   0.01548   0.57454   0.00500
0.23798   0.88371   2.40079   0.02556   -0.11996   0.21169   0.00500
0.23798   0.88371   2.40079   -0.08761   -0.12352   0.08782   0.00500
0.21079   0.87906   2.22843   0.06360   0.05105   0.21563   0.00500
0.20626   0.87829   2.19971   -0.02674   -0.18183   0.23499   0.00500
0.19266   0.87597   2.11352   0.06255   -0.05301   0.18708   0.00500
0.18813   0.87519   2.08480   0.14807   0.12109   0.28287   0.00500
0.18360   0.87442   2.05607   -0.04170   -0.15245   0.12965   0.00500
0.17453   0.87287   1.99862   0.08221   -0.09075   0.11527   0.00500
0.14734   0.86823   1.82625   -0.05624   -0.14689   0.26382   0.00500
0.14734   0.86823   1.82625   -0.02288   0.04995   0.07013   0.00500
0.12446   0.91818   1.89638   -0.02443   0.06361   0.30544   0.00500
0.10003   0.98179   2.20182   0.09323   0.00010   0.18424   0.00500
0.10858   0.95952   2.09491   0.05829   0.11839   0.18963   0.00500
0.15010   0.86204   1.78861   -0.03251   -0.13231   0.24934   0.00500
0.15563   0.84967   1.71336   0.05166   -0.29113   0.18473   0.00500
0.15425   0.85276   1.73217   -0.29208   0.01376   0.14874   0.00500
0.15839   0.84348   1.67573   -0.05899   0.19776   0.32551   0.00500
0.11120   1.00169   1.93614   0.08970   0.17083   0.05962   0.00500
0.16806   0.82183   1.54405   -0.12172   -0.29685   0.14593   0.00500
0.16668   0.82492   1.56286   -0.21411   0.16792   0.03163   0.00500
0.17082   0.81564   1.50642   0.25092   0.35395   0.45215   0.00500
0.14507   0.74428   1.35015   0.09694   -0.18126   0.12388   0.00500
0.23716   0.57208   1.46783   0.08193   -0.04547   0.37277   0.00500
0.24201   0.56302   1.47403   -0.12771   -0.19244   0.52971   0.00500
0.24201   0.56302   1.47403   0.17890   -0.28986   0.23310   0.00500
0.19354   0.65365   1.41209   -0.01843   0.00187   0.12812   0.00500
0.18385   0.67177   1.39970   0.17983   -0.02474   -0.00934   0.00500
0.16931   0.69896   1.38112   0.09472   -0.02521   0.56217   0.00500
0.15703   0.76912   1.39008   0.06599   0.12794   -0.00513   0.00500
0.22302   0.89706   1.38495   0.10921   0.16691   -0.22325   0.00500
0.33223   1.06397   1.16169   0.02797   0.54587   0.10692   0.00500
0.32131   1.04728   1.18402   -0.19161   0.26058   -0.32054   0.00500
0.30493   1.02224   1.21752   0.08539   -0.12405   -0.05801   0.00500
0.28855   0.99721   1.25099   0.23114   0.14554   0.13779   0.00500
0.26670   0.96382   1.29566   -0.04074   -0.10769   -0.05992   0.00500
0.19992   0.85228   1.38675   0.34788   0.34179   0.08816   0.00500
0.17352   0.80109   1.38880   -0.00731   0.08514   -0.13140   0.00500
0.15894   0.77308   1.39646   -0.31007   0.70471   0.38052   0.00500
0.17497   0.80637   1.44999   -0.40215   -0.01030   0.32558   0.00500
0.12712   0.70702   1.29024   0.28557   -0.42248   -0.03570   0.00500
0.10918   0.66977   1.23034   -0.17585   0.67736   0.37582   0.00500
0.10918   0.66977   1.23034   0.11212   -0.34307   0.01699   0.00500
0.07065   0.51687   0.96469   -0.06149   0.03303   -0.01397   0.00500
0.00916   0.54990   0.95072   -0.26830   0.05423   0.16211   0.00500
0.06847   0.52275   0.97697   0.24522   0.44725   0.18440   0.00500
0.05535   0.55801   1.05063   -0.15466   -0.16794   0.14718   0.00500
-0.09931   0.39007   1.19781   -0.20895   -0.22218   0.28951   0.00500
-0.03745   0.45724   1.13893   -0.30990   -0.05937   0.15681   0.00500
-0.05291   0.44045   1.15365   -0.01362   -0.17061   0.02396   0.00500
0.06628   0.52862   0.98924   -0.19240   -0.24602   0.32298   0.00500
0.07503   0.50512   0.94014   -0.29700   -0.53022   0.34656   0.00500
0.08159   0.48749   0.90329   0.02055   -0.03705   0.29859   0.00500
0.08596   0.47574   0.87875   -0.18595   -0.34806   0.17797   0.00500
0.09908   0.44049   0.80509   -0.17976   0.57479   0.61248   0.00500
0.09908   0.44049   0.80509   -0.00080   -0.11046   0.04984   0.00500
0.09828   0.33003   0.85493   0.05361   -0.06037   -0.04954   0.00500
0.15189   0.26966   0.80539   0.01042   -0.09290   -0.17858   0.00500
0.09828   0.33003   0.85493   0.37988   -0.33184   0.09459   0.00500
0.04715   0.30563   0.71393   0.18965   -0.00993   0.31477   0.00500
0.02375   0.24368   0.68049   0.36136   0.16660   0.16921   0.00500
0.05115   0.31600   0.72095   0.25435   0.73602   0.05449   0.00500
0.07911   0.38862   0.77003   0.05036   0.06500   -0.17632   0.00500
0.12947   0.45362   0.59371   0.44116   0.27708   -0.38175   0.00500
0.04316   0.29525   0.70692   0.22954   0.32758   -0.12395   0.00500
-0.05126   0.06809   0.42324   -0.03433   0.11222   0.10903   0.00500
-0.08559   0.18031   0.53227   -0.03284   0.26038   0.10290   0.00500
0.00125   0.19100   0.60331   0.11873   -0.11914   0.41848   0.00500
0.11998   0.07186   1.02179   0.20220   0.12594   0.11124   0.00500
-0.02126   0.13833   0.52614   0.26102   0.10666   0.08876   0.00500
0.17452   0.21833   0.59271   0.09268   0.09993   0.09407   0.00500
0.26720   0.31826   0.68678   0.13432   0.11531   0.00833   0.00500
0.26720   0.31826   0.68678   -0.04402   0.32894   -0.26662   0.00500
0.23976   0.24499   0.61490   0.16720   -0.02156   0.21007   0.00500
0.40696   0.22343   0.82497   0.14060   0.00561   0.11445   0.00500
0.21366   0.23432   0.60602   0.11549   0.58866   -0.15898   0.00500
0.23099   0.32262   0.58218   0.16627   0.07717   -0.11274   0.00500
-0.05031   0.07380   0.42485   -0.39942   0.00946   0.38782   0.04000
-0.44973   0.08326   0.81267   -0.35494   0.05211   0.55769   0.03087
-0.79511   0.13397   1.35534   -0.34980   -0.16493   1.03360   0.01613
-1.14491   -0.03096   2.38894   -0.03658   -0.11422   0.29553   0.00500
-1.14815   -0.04109   2.41514   -0.23214   0.01341   0.29433   0.00500
-1.16137   -0.08236   2.52193   -0.11146   0.03157   0.58400   0.00500
-1.19481   -0.07289   2.69713   -0.12550   0.15385   0.09483   0.00500
-1.07969   -0.00021   2.19624   0.00859   0.04619   0.71477   0.00500
-1.07110   0.04598   2.91101   -0.16426   -0.06482   0.20825   0.00500
-1.07239   0.03905   2.80379   -0.01027   0.15097   0.24073   0.00500
-1.07669   0.01595   2.44641   -0.05179   0.09242   0.05612   0.00500
-1.12863   0.10865   2.50270   -0.02638   0.01142   0.08104   0.00500
-1.12742   -0.02272   2.33726   -0.15231   0.23294   0.32167   0.00500
-1.16549   0.03551   2.41767   -0.17714   0.01225   0.21186   0.00500
-1.05745   0.01027   2.13053   -0.06652   -0.26998   0.49759   0.00500
-0.91754   0.07625   1.71709   -0.23126   -0.23551   0.03050   0.00500
-0.93502   0.06800   1.76877   0.01603   0.02471   0.15810   0.00500
-0.97001   0.05150   1.87214   0.04646   0.18312   0.40962   0.00500
-0.94446   0.15222   2.09743   -0.17539   0.50735   0.10281   0.00500
-0.91754   0.07624   1.71710   -0.03970   0.24571   0.24314   0.00500
-0.84758   0.10923   1.51037   -0.25649   0.25970   0.50367   0.00500
-0.86507   0.10098   1.56206   -0.05355   0.04889   0.03076   0.00500
-0.91862   0.14987   1.59282   -0.14379   0.19415   -0.13506   0.00500
-1.06241   0.34402   1.45776   -0.11476   0.05884   -0.07231   0.00500
-1.02532   0.29394   1.49260   -0.05983   0.06495   -0.19681   0.00500
-0.84758   0.10923   1.51038   -0.09904   0.05515   0.42410   0.00500
-0.84758   0.10923   1.51038   -0.14546   0.18252   0.50753   0.00500
-0.83009   0.11748   1.45869   -0.16219   -0.09885   -0.09947   0.00500
-0.99228   0.01863   1.35922   -0.05523   -0.02458   -0.17002   0.00500
-1.00884   0.01125   1.30822   -0.13180   -0.14974   0.00919   0.00500
-1.02265   0.00511   1.26571   0.00351   0.23869   -0.02826   0.00500
-1.04751   -0.00595   1.18920   -0.23589   -0.28870   -0.11454   0.00500
-0.99228   0.01863   1.35922   -0.21286   -0.01340   0.13912   0.00500
-0.71594   0.12235   1.23094   0.02659   -0.49259   0.12974   0.00500
-0.70796   -0.02543   1.26987   -0.06450   -0.09510   0.11935   0.00500
-0.70264   -0.12394   1.29581   -0.06874   -0.23598   -0.16732   0.00500
-0.68044   0.11713   1.17517   -0.00071   -0.10629   0.06844   0.00500
-0.68110   0.01771   1.23919   -0.02073   -0.03624   0.09504   0.00500
-0.70183   -0.01854   1.33423   0.11709   -0.21573   0.01826   0.00500
-0.58475   -0.23426   1.35249   0.05235   -0.36022   -0.16784   0.00500
-0.58475   -0.23426   1.35249   0.21630   -0.27362   0.08260   0.00500
-0.68428   -0.05088   1.33697   0.21452   0.05646   0.33265   0.00500
-0.69250   -0.00222   1.29146   0.29630   0.26461   0.34954   0.00500
-0.64495   0.11192   1.11940   0.05336   0.09988   0.16785   0.00720
-0.59159   0.21180   1.28725   -0.22572   0.32823   0.56724   0.00500
-0.59159   0.21180   1.28725   0.07085   0.06715   0.07113   0.00500
-0.52281   0.27699   1.35631   0.09541   0.13574   -0.10559   0.00500
-0.60493   0.18683   1.24528   0.07479   0.14096   -0.01906   0.00500
-0.53014   0.32778   1.22622   0.00572   0.08293   -0.01293   0.00500
-0.52444   0.41039   1.21334   -0.01012   0.14872   -0.26107   0.00500
-0.53014   0.32778   1.22622   -0.08178   0.21897   -0.10974   0.00500
-0.61192   0.54675   1.11648   -0.11979   0.09369   -0.07248   0.00500
-0.55621   0.09890   0.97998   0.03576   0.16915   0.04596   0.00500
-0.52071   0.26681   1.02560   -0.07931   0.15238   -0.11846   0.00500
-0.56235   0.09980   0.98963   0.14610   0.15909   -0.02206   0.00500
-0.53846   0.09629   0.95209   0.04724   0.13494   0.01750   0.00500
-0.49122   0.23123   0.96959   0.01884   0.06517   -0.06896   0.00500
-0.47238   0.29640   0.90063   -0.05855   0.09895   -0.34183   0.00500
-0.50303   0.19749   0.96522   -0.03194   0.12388   -0.18544   0.00500
-0.60945   0.10671   1.06363   -0.07327   -0.09136   0.05851   0.00500
-0.62720   0.10932   1.09152   0.02659   0.11361   0.09286   0.00500
-0.57395   0.10150   1.00786   -0.11570   -0.17122   0.04875   0.00500
-0.68965   -0.06972   1.05661   -0.10873   -0.19492   -0.01966   0.00500
-0.79838   -0.26464   1.03695   -0.41281   -0.25598   0.06629   0.00500
-0.79838   -0.26464   1.03695   -0.13520   -0.36653   0.03620   0.00500
-0.93358   -0.63117   1.07315   -0.07404   -0.10448   0.04561   0.00500
-0.79838   -0.26464   1.03695   0.00869   -0.26414   -0.23946   0.00500
-0.52071   0.09368   0.92420   -0.16114   -0.00363   -0.03974   0.00500
-0.68185   0.09006   0.88446   -0.16946   0.10515   0.07250   0.00500
-0.68185   0.09006   0.88446   -0.09020   0.19953   -0.14784   0.00500
-0.52072   0.09368   0.92421   0.19121   -0.10630   0.20680   0.00500
-0.50297   0.09108   0.89632   0.04960   0.11348   0.03471   0.00500
-0.45337   0.20455   0.93103   0.02271   0.14555   -0.03237   0.00500
-0.43066   0.35011   0.89866   -0.02895   0.18860   0.00023   0.00500
-0.43633   0.31372   0.90675   -0.07299   0.06453   -0.15362   0.00500
-0.30994   0.07995   0.67694   -0.16110   -0.22250   -0.07330   0.00500
-0.47104   -0.14255   0.60364   -0.22833   -0.02887   -0.31465   0.00500
-0.47104   -0.14255   0.60364   0.04297   -0.23548   -0.02858   0.00500
-0.05532   0.06966   0.42810   -0.38219   -0.00736   0.29243   0.03413
-0.05532   0.06966   0.42810   -0.38937   -0.37892   -0.16781   0.03496
-0.44469   -0.30926   0.26029   -0.28071   -0.44719   0.59090   0.02617
-0.72334   -0.75316   0.84685   -0.28054   -0.43630   0.71828   0.02513
-1.00136   -1.18554   1.55867   0.08722   -0.09052   0.40067   0.00793
-0.93159   -1.25796   1.87920   -0.01613   0.12102   0.06795   0.00500
-0.92722   -1.26249   1.89924   0.09800   -0.23487   0.07772   0.00500
-0.96211   -1.22628   1.73898   -0.13202   0.25721   0.19726   0.00500
-1.07433   -1.00765   1.90665   -0.06772   -0.05268   0.11249   0.00500
-0.97084   -1.21722   1.69890   -0.11680   -0.03145   0.20779   0.00500
-0.95775   -1.23080   1.75902   -0.18695   -0.24076   0.00103   0.00500
-1.14470   -1.47156   1.76005   -0.31802   -0.15428   0.04275   0.00500
-1.13587   -1.46020   1.76000   -0.04392   -0.36243   0.05429   0.00500
-0.98392   -1.20364   1.63880   -0.01677   0.10468   0.29270   0.00500
-0.97583   -1.14583   1.49330   -0.26132   -0.04841   0.24915   0.00500
-0.96180   -1.12402   1.45739   -0.00819   0.08714   0.16396   0.00500
-0.96180   -1.12402   1.45739   -0.11518   -0.23269   0.06219   0.00500
-1.07669   -1.35612   1.51942   -0.12560   0.03039   0.13226   0.00500
-1.20229   -1.32573   1.65168   -0.19124   -0.02295   0.02616   0.00500
-1.07698   -1.35671   1.51958   -0.14408   -0.08043   0.04352   0.00500
-1.02515   -1.25199   1.49159   -0.11586   -0.12640   -0.19813   0.00500
-0.89167   -1.01494   1.27781   -0.10744   0.22272   0.21255   0.00500
-0.99918   -0.79207   1.49050   -0.07048   0.09022   0.14146   0.00500
-1.04498   -0.73344   1.58244   -0.15238   0.02933   0.25109   0.00500
-1.02032   -0.76501   1.53293   0.00818   0.23941   0.19772   0.00500
-0.99907   -0.79228   1.49030   0.14515   0.11388   0.20381   0.00500
-0.96873   -0.85520   1.43026   -0.09893   -0.06170   0.07976   0.00500
-0.95075   -0.89245   1.39471   -0.24543   -0.04389   -0.03774   0.00500
-0.94539   -0.90358   1.38409   -0.11491   0.28461   -0.10279   0.00500
-0.87764   -0.99313   1.24191   -0.38513   0.15983   0.03909   0.00500
-0.83556   -0.92768   1.13416   -0.10476   -0.16025   -0.14185   0.00500
-0.94032   -1.08793   0.99231   -0.02380   -0.05077   -0.13991   0.00500
-0.96412   -1.13870   0.85240   -0.23761   -0.06032   -0.32422   0.00500
-0.94032   -1.08793   0.99231   -0.13784   -0.23637   0.01932   0.00500
-0.92329   -1.06188   1.01537   -0.16494   0.12091   -0.10494   0.00500
-0.82153   -0.90587   1.09825   -0.01675   0.10327   0.13636   0.00500
-0.82180   -0.90628   1.09894   -0.24796   0.05750   -0.12860   0.00500
-0.98297   -0.86891   1.01534   -0.05692   0.04888   0.05930   0.00500
-0.80751   -0.88405   1.06233   -0.07519   0.15090   0.15502   0.00500
-0.77945   -0.84042   0.99051   0.01883   -0.07232   -0.04674   0.00500
-0.76543   -0.81861   0.95459   0.09852   -0.02374   0.22550   0.00500
-0.66690   -0.84235   1.18009   0.06081   0.08264   0.30021   0.00500
-0.60682   -0.76069   1.47672   -0.14370   -0.14541   0.49990   0.00500
-0.67867   -0.83339   1.72665   -0.19950   0.07117   0.10550   0.00500
-0.60610   -0.75971   1.48030   0.11465   -0.17930   0.60705   0.00500
-0.53319   -0.87372   1.86630   0.10062   0.03278   0.24856   0.00500
-0.54304   -0.85832   1.81417   -0.09589   -0.03450   0.07785   0.00500
-0.61218   -0.76797   1.45028   -0.01119   0.28328   0.34639   0.00500
-0.62738   -0.78863   1.37523   -0.15630   -0.03073   0.13949   0.00500
-0.63346   -0.79690   1.34521   0.00318   0.30042   0.04514   0.00500
-0.68168   -0.83879   1.14627   -0.02325   -0.00143   0.01302   0.00500
-0.70749   -0.83257   1.08720   -0.24494   0.18961   0.14462   0.00500
-0.71616   -0.83048   1.06734   0.11937   -0.10280   0.04162   0.00500
-0.74079   -0.82454   1.01097   0.08994   0.00347   -0.03999   0.00500
-0.76543   -0.81861   0.95459   0.11674   0.12306   0.20558   0.00500
-0.86362   -0.97131   1.20599   -0.05133   -0.12472   -0.11786   0.00500
-0.91428   -1.09441   1.08967   -0.01492   -0.07476   -0.19505   0.00500
-0.91950   -1.12058   1.02140   -0.12707   -0.21581   0.03365   0.00500
-0.91495   -1.09603   1.08813   -0.12603   0.14035   -0.10739   0.00500
-0.80751   -0.88405   1.06234   0.22448   -0.27313   -0.28317   0.00500
-0.82153   -0.90587   1.09825   -0.13114   0.06522   -0.04193   0.00500
-0.79348   -0.86224   1.02642   -0.31555   -0.15781   -0.16803   0.00500
-1.10903   -1.02005   0.85839   -0.13727   -0.45364   -0.02756   0.00500
-0.95125   -0.94114   0.94241   -0.15149   0.01995   0.02491   0.00500
-0.75140   -0.79679   0.91868   -0.45944   0.27574   0.22446   0.00500
-0.75140   -0.79679   0.91868   -0.16824   -0.01615   0.01036   0.00500
-0.91404   -0.81240   0.92869   -0.11188   -0.04244   -0.02748   0.00500
-0.72540   -0.75644   0.85119   0.11628   -0.17022   -0.08885   0.00500
-0.60912   -0.92667   0.76234   0.01885   -0.10323   -0.19429   0.00500
-0.59028   -1.02990   0.56805   0.15720   -0.33317   -0.06796   0.00500
-0.59028   -1.02990   0.56805   0.22705   -0.22568   -0.37703   0.00500
-0.59028   -1.02990   0.56805   -0.15783   -0.19917   -0.12544   0.00500
-0.68330   -0.68937   0.76256   -0.01284   -0.05393   -0.01419   0.00500
-0.69613   -0.74329   0.74837   -0.01149   -0.17406   -0.32507   0.00500
-0.70763   -0.91735   0.42330   -0.12722   -0.09494   -0.04964   0.00500
-0.75216   -0.95059   0.40592   0.07025   -0.14762   -0.21077   0.00500
-0.66926   -0.66701   0.73301   0.06474   -0.09966   0.00891   0.00500
-0.60452   -0.76666   0.74192   -0.01638   -0.08206   -0.05221   0.00500
-0.60452   -0.76666   0.74192   0.07468   -0.19698   -0.07005   0.00500
-0.61312   -0.57757   0.61482   0.03946   -0.16752   -0.00672   0.00500
-0.57366   -0.74508   0.60810   0.05041   -0.01341   -0.10507   0.00500
-0.58352   -0.70321   0.60978   0.16255   -0.04060   0.04874   0.00500
-0.72540   -0.75644   0.85119   0.08439   0.06147   0.04953   0.00500
-0.64101   -0.69497   0.90072   0.04066   0.05105   -0.11792   0.00500
-0.60035   -0.64393   0.78280   0.12423   0.09858   -0.10937   0.00500
-0.69117   -0.73151   0.87127   0.02288   0.14907   -0.04768   0.00500
-0.65523   -0.64465   0.70347   -0.48873   0.24552   0.33390   0.00500
-0.64119   -0.62228   0.67391   0.18994   -0.08169   0.11720   0.00500
-0.61312   -0.57757   0.61482   0.02856   -0.05958   0.09776   0.00500
-0.58495   -0.63632   0.71124   0.25389   -0.00164   0.14978   0.00500
-0.58456   -0.63714   0.71258   0.08922   -0.03193   -0.04223   0.00500
-0.65523   -0.64465   0.70347   -0.31987   0.11556   0.11389   0.00500
-0.89514   -0.55798   0.78889   -0.08459   0.17858   0.03515   0.00500
-0.87913   -0.56376   0.78319   -0.13401   -0.12139   0.03021   0.00500
-0.83116   -0.58109   0.76611   -0.05517   0.14999   0.29329   0.00500
-0.61312   -0.57757   0.61482   -0.31268   0.26463   0.36265   0.00500
-0.58504   -0.53284   0.55573   -0.09347   -0.01622   -0.06273   0.00500
-0.67759   -0.54890   0.49362   -0.28346   -0.19504   -0.46395   0.00500
-0.57101   -0.51049   0.52619   0.16904   0.05475   0.36991   0.00500
-0.51721   -0.42478   0.41294   -0.20583   -0.12509   0.10070   0.00500
-0.72170   -0.54905   0.51298   -0.01346   -0.36823   -0.06183   0.00500
-0.52388   -0.43541   0.42698   -0.12937   0.13103   0.23517   0.00500
-0.65325   -0.30437   0.66215   -0.25641   0.22318   0.13893   0.00500
-0.50434   -0.40429   0.38586   -0.38589   0.07000   0.29136   0.00500
-0.89023   -0.33428   0.67722   -0.22799   -0.16290   -0.19844   0.00500
-0.52943   -0.44426   0.43867   -0.07669   -0.03244   -0.16056   0.00500
-0.60574   -0.47653   0.27893   -0.25943   -0.07706   -0.15624   0.00500
-0.44469   -0.30926   0.26029   0.03475   -0.21765   0.04579   0.00500
-0.48680   -0.37633   0.34892   0.08848   -0.01315   0.10457   0.00500
-0.30841   -0.17663   0.31902   0.02763   -0.18269   0.42191   0.00500
-0.23054   -0.10085   0.35258   -0.28351   0.04134   -0.29513   0.00500
-0.04993   0.07607   0.42549   -0.18074   0.26866   0.01613   0.00500
-0.06542   0.05983   0.42374   0.21091   -0.16960   0.12661   0.00500
-0.17473   0.07392   0.53857   -0.06510   -0.20519   0.16224   0.00500
-0.14949   0.06961   0.49659   0.06405   -0.28318   0.09605   0.00500
-0.04993   0.07607   0.42549   -0.18512   0.29905   0.03301   0.02159
-0.23059   0.36791   0.45771   -0.08027   0.24346   0.14415   0.02738
-0.31086   0.61137   0.60186   -0.12461   0.24742   0.32349   0.03008
-0.43547   0.85880   0.92535   -0.05818   0.41194   0.72656   0.02401
-0.49366   1.27073   1.65191   -0.10804   0.17948   0.49688   0.01402
-0.60170   1.45021   2.14879   -0.09591   -0.09819   0.11345   0.00500
-0.69757   1.35206   2.26220   -0.02437   -0.28265   0.04767   0.00500
-0.56446   1.38835   1.97753   -0.11247   -0.10651   -0.00257   0.00500
-0.67694   1.28183   1.97496   -0.11270   -0.30666   -0.30180   0.00500
-0.56212   1.38445   1.96675   -0.15477   0.31887   -0.00351   0.00500
-0.71689   1.70333   1.96324   -0.07006   0.18784   -0.11331   0.00500
-0.54842   1.36169   1.90374   -0.16731   0.06614   0.02966   0.00500
-0.53766   1.34383   1.85429   -0.08651   0.34763   -0.13746   0.00500
-0.62417   1.69147   1.71683   -0.16448   0.33969   0.06613   0.00500
-0.61985   1.67409   1.72370   -0.15649   0.21016   -0.23341   0.00500
-0.60254   1.60456   1.75119   0.04383   0.33000   0.18030   0.00500
-0.52607   1.32457   1.80097   -0.08307   -0.30197   0.42977   0.00500
-0.60893   1.02337   2.22965   0.03840   -0.16492   0.09171   0.00500
-0.59668   1.06790   2.16628   -0.13006   -0.29247   -0.06512   0.00500
-0.60914   1.02261   2.23074   0.05361   -0.11663   0.04176   0.00500
-0.58006   1.12830   2.08032   -0.08754   0.05982   0.10188   0.00500
-0.54801   1.36103   1.90189   -0.12556   -0.25633   -0.11964   0.00500
-0.49366   1.27073   1.65191   -0.47698   -0.07856   0.20211   0.00500
-0.97063   1.19217   1.85402   -0.42023   0.34343   0.23271   0.00500
-1.03367   1.24368   1.88892   -0.08993   -0.06386   0.26214   0.00500
-0.97063   1.19217   1.85402   -0.11084   -0.19760   -0.02380   0.00500
-0.49366   1.27073   1.65191   0.09309   0.27791   0.19638   0.00500
-0.40056   1.54864   1.84829   0.00396   0.10561   -0.11790   0.00500
-0.39660   1.65424   1.73039   -0.10889   0.27737   -0.13279   0.00500
-0.41249   1.51305   1.82313   0.12284   0.01897   0.37438   0.00500
-0.40056   1.54864   1.84829   0.29376   0.27140   0.00220   0.00500
-0.42384   1.47917   1.79920   -0.05280   -0.03456   0.17705   0.00500
-0.43780   1.43747   1.76973   -0.01153   0.13879   -0.13156   0.00500
-0.48784   1.22954   1.57926   -0.09999   -0.01386   0.07531   0.00500
-0.58783   1.21568   1.65456   -0.15048   -0.05013   -0.01255   0.00500
-0.73831   1.16556   1.64201   -0.23710   -0.17625   0.03508   0.00500
-0.73079   1.16806   1.64264   -0.13288   0.14982   -0.05815   0.00500
-0.48784   1.22954   1.57926   -0.18660   0.27112   -0.09426   0.00500
-0.67444   1.50065   1.48500   -0.12106   0.10984   -0.13805   0.00500
-0.66510   1.48710   1.48971   -0.04537   0.42063   0.17945   0.00500
-0.69913   1.80257   1.62430   0.03789   0.12427   0.01841   0.00500
-0.66124   1.92685   1.64271   0.06078   0.06672   -0.08737   0.00500
-0.60054   1.99348   1.55546   0.07089   0.24604   -0.22238   0.00500
-0.47911   1.16775   1.47027   -0.15618   -0.00189   0.05102   0.00500
-0.63529   1.16586   1.52129   -0.13934   0.01490   -0.11986   0.00500
-0.77287   1.18058   1.40295   -0.06243   0.17321   -0.19088   0.00500
-0.47911   1.16775   1.47027   -0.15083   0.23906   -0.13951   0.00500
-0.47620   1.14715   1.43395   -0.07383   -0.02923   -0.00402   0.00500
-0.46673   1.08011   1.31570   -0.12869   -0.00532   0.12419   0.01910
-0.45623   1.00577   1.18457   -0.40839   0.24814   0.20649   0.00500
-0.45293   0.98238   1.14332   -0.11624   0.04699   0.12942   0.00500
-0.45875   1.02357   1.21598   0.24543   0.28750   0.26352   0.00500
-0.45293   0.98238   1.14332   0.09693   0.16338   0.04405   0.00500
-0.35600   1.14575   1.18737   -0.00767   0.09234   -0.03051   0.00500
-0.36367   1.23810   1.15685   -0.24294   0.08231   -0.21210   0.00500
-0.35600   1.14575   1.18737   0.03272   0.02682   -0.08457   0.00500
-0.32328   1.17258   1.10279   0.09729   0.17540   -0.08546   0.00500
-0.35600   1.14575   1.18737   0.13751   0.09635   0.05449   0.00500
-0.45584   1.00297   1.17965   0.04294   0.06274   0.04976   0.00500
-0.41289   1.06572   1.22941   0.13616   0.30317   -0.15663   0.00500
-0.27678   1.36878   1.07283   -0.25216   0.07213   -0.19678   0.00500
-0.30397   1.30825   1.10410   -0.05188   0.10058   0.03687   0.00500
-0.31078   1.29309   1.11194   0.01282   0.03722   -0.08496   0.00500
-0.29796   1.33031   1.02698   0.13011   0.11635   -0.11648   0.00500
-0.37054   1.12125   1.18076   0.15604   0.00396   -0.12130   0.00500
-0.21450   1.12521   1.05946   0.17744   0.00211   -0.19041   0.00500
-0.44129   0.89999   0.99801   -0.06002   0.39108   -0.09725   0.00500
-0.44420   0.92059   1.03433   -0.15943   0.15082   0.33892   0.00500
-0.60363   1.07140   1.37325   -0.43912   0.06471   0.07048   0.00500
-0.46456   1.06476   1.28863   -0.34916   0.17530   0.15350   0.00500
-0.43305   0.86532   0.91860   -0.05539   0.44786   -0.08432   0.00500
-0.43547   0.85880   0.92535   -0.35030   0.21631   -0.42423   0.00500
-0.43547   0.85880   0.92535   -0.14131   0.00887   0.50999   0.00500
-0.57678   0.86766   1.43534   -0.33031   0.39858   0.41421   0.00500
-0.57678   0.86766   1.43534   -0.25884   -0.12359   0.56779   0.00500
-0.56265   0.86678   1.38435   -0.43843   -0.19819   0.33408   0.00500
-0.53439   0.86500   1.28235   0.02701   -0.41183   0.08345   0.00500
-0.52733   0.86456   1.25685   0.17908   0.11554   0.15482   0.00500
-0.51319   0.86367   1.20585   -0.56549   0.02119   0.15612   0.00500
-0.49200   0.86234   1.12935   -0.06136   0.11833   0.11239   0.00500
-0.43305   0.86532   0.91860   -0.24630   0.03627   0.10687   0.00500
-0.41678   0.82168   0.87683   -0.08612   -0.06382   -0.12186   0.00500
-0.50290   0.75786   0.75497   -0.04232   -0.02140   -0.20796   0.00500
-0.54522   0.73646   0.54700   -0.07555   0.22510   -0.36336   0.00500
-0.36694   0.72272   0.74743   0.14317   0.29334   0.18995   0.00500
-0.23809   0.98672   0.91838   -0.06241   0.12652   -0.03421   0.00500
-0.29651   1.10516   0.88636   0.09256   0.39473   -0.33527   0.00500
-0.29290   1.11676   0.87531   -0.17746   0.35505   -0.17721   0.00500
-0.26305   1.03733   0.90470   0.15375   0.26290   -0.04571   0.00500
-0.25241   0.95738   0.89939   0.17506   0.11252   -0.04768   0.00500
-0.07734   1.06990   0.85171   0.17933   -0.16502   -0.53988   0.00500
-0.01458   1.01215   0.66275   0.08991   0.16350   -0.18165   0.00500
-0.07734   1.06990   0.85171   0.16778   0.33649   0.12258   0.00500
-0.27388   0.91338   0.87090   -0.01243   -0.06706   0.17398   0.00500
-0.28104   0.89872   0.86140   -0.00694   -0.00350   -0.24242   0.00500
-0.28798   0.89522   0.61899   -0.09541   0.27238   -0.30179   0.00500
-0.39186   0.77220   0.81213   -0.23938   -0.08450   -0.17054   0.00500
-0.63124   0.68770   0.64159   -0.20226   -0.44539   -0.33280   0.00500
-0.56370   0.71154   0.68971   -0.12105   0.11118   -0.06253   0.00500
-0.30556   0.59528   0.59233   -0.16354   0.04016   -0.03093   0.00500
-0.31086   0.61137   0.60186   -0.24477   -0.39898   -0.25567   0.00500
-0.35982   0.53157   0.55072   -0.09002   -0.22524   -0.28004   0.00500
-0.20728   0.33026   0.45355   -0.11737   0.01285   0.37687   0.00500
-0.15175   0.24055   0.44365   -0.08517   -0.03238   0.21095   0.00500
261
0.13782   -1.11722   2.68625   0.02700   -0.05067   -0.00632   0.02888
0.20870   -1.24532   2.33030   0.01406   0.03836   0.03102   0.02565
0.08757   -1.06625   2.37542   0.04111   0.00942   0.04762   0.03180
0.08757   -1.06625   2.37542   -0.00363   0.03237   -0.03841   0.02518
0.08757   -1.06625   2.37542   -0.04190   -0.02208   -0.03032   0.02812
0.11821   -1.21211   2.15281   0.03101   0.03089   -0.05384   0.03470
0.10522   -1.10459   2.15814   -0.02874   -0.02656   0.06184   0.03659
0.05844   -1.06027   2.02095   -0.00478   0.00715   -0.04836   0.02456
0.05892   -1.03322   2.07381   -0.02171   0.02360   -0.05035   0.02985
0.04163   -0.98337   2.17484   -0.04494   0.02649   0.02977   0.03003
0.07978   -1.14022   2.39791   -0.02460   0.00059   -0.07456   0.03926
0.06576   -0.96716   2.20381   -0.01756   0.02131   -0.05716   0.03174
0.09434   -0.93221   2.14045   -0.04599   -0.01577   -0.03518   0.03001
-0.08113   -1.14456   1.82605   0.02788   -0.01761   -0.02777   0.02155
-0.02016   -1.08729   1.84984   0.01203   0.00108   -0.05881   0.03002
0.03652   -1.02114   1.85333   0.00923   0.04728   -0.03805   0.03069
0.29399   -0.92369   2.13921   -0.00092   0.04012   -0.02350   0.02325
0.22482   -0.87030   2.01553   0.03189   -0.00612   -0.05293   0.03105
0.22077   -0.74575   1.79692   -0.00583   0.04421   0.01173   0.02306
0.12158   -0.66336   1.65101   -0.00141   0.01632   0.00620   0.00876
0.22776   -0.80982   1.47847   0.01071   -0.04716   -0.00428   0.02427
0.22052   -0.80808   1.48470   -0.01776   0.03785   -0.02200   0.02362
0.17982   -0.70085   1.74121   0.00723   0.05752   -0.00239   0.02901
0.18417   -0.66948   1.69925   0.01963   -0.02929   -0.04206   0.02744
-0.13476   -0.73635   1.36214   -0.05882   0.01568   0.01025   0.03086
-0.02467   -0.65844   1.45032   0.00524   -0.05049   0.00747   0.02565
0.01203   -0.63246   1.47971   -0.03185   0.02119   -0.06025   0.03568
0.21554   -0.68693   1.26374   -0.02454   -0.02498   0.04353   0.02793
0.13986   -0.59303   1.22889   -0.02785   -0.05338   -0.03619   0.03512
-0.00203   -0.48883   1.65294   0.03259   -0.02508   -0.04332   0.02986
0.00854   -0.48974   1.54565   -0.03912   0.00074   -0.05530   0.03387
0.00007   -0.41920   1.34332   -0.00438   0.05338   -0.03180   0.03114
0.02660   -0.45748   1.28814   0.04282   -0.01605   -0.03224   0.02798
0.25489   -0.73569   1.24103   -0.02368   -0.03957   0.04023   0.03060
0.19755   -0.66460   1.25545   -0.02146   -0.04294   -0.04761   0.03380
-0.02573   -0.56089   1.10082   0.02419   -0.01530   -0.05362   0.03039
0.00067   -0.57284   1.17176   -0.02448   -0.01525   -0.03668   0.02333
0.02631   -0.58444   1.24063   -0.06172   0.01240   -0.02403   0.03369
-0.15509   -0.49136   1.12240   -0.00958   0.00990   -0.05608   0.02887
-0.13830   -0.49603   1.11943   0.01948   0.02364   -0.05165   0.03003
0.11859   -0.28171   1.38796   0.02687   -0.04649   -0.03356   0.03166
0.06109   -0.31070   1.17230   -0.03880   0.02215   -0.01952   0.02438
0.31644   -0.45666   1.18925   -0.00263   0.05302   0.01755   0.02796
0.31953   -0.45465   1.19257   0.06577   -0.00750   -0.00562   0.03322
0.31644   -0.45666   1.18925   0.00297   0.01400   -0.05599   0.02889
0.14968   -0.61373   0.98105   0.05587   0.02725   0.02344   0.03322
0.13084   -0.56733   0.97099   0.01776   0.01846   -0.07637   0.04027
0.20701   -0.19869   1.08349   -0.03764   0.05682   -0.04029   0.03958
-0.01649   -0.40759   0.71357   -0.02908   -0.02034   -0.05299   0.03189
0.12686   -0.45227   0.76076   0.03877   0.02077   -0.01552   0.02332
0.12686   -0.45227   0.76076   -0.04103   -0.01707   -0.04635   0.03211
0.11448   -0.24305   0.63380   0.05730   0.01112   0.00963   0.02958
0.11448   -0.24305   0.63380   -0.01979   -0.04426   -0.01219   0.02500
0.10897   -0.26303   0.68250   -0.03126   -0.04369   -0.04298   0.03440
0.10301   -0.08097   0.59481   0.03482   -0.03833   -0.01860   0.02751
0.15249   0.86325   1.70828   -0.02542   -0.06106   0.00588   0.03320
0.18337   0.83334   1.52903   0.03208   0.03539   -0.04611   0.03319
0.22747   0.59020   1.45545   -0.01357   -0.01772   -0.05218   0.02838
0.19354   0.65365   1.41209   -0.06788   -0.02896   -0.02198   0.03850
0.29400   1.00555   1.23984   0.04271   0.04952   0.01006   0.03308
0.26670   0.96382   1.29566   0.02967   0.04707   0.01281   0.02855
0.15568   0.66477   1.28667   -0.02143   -0.00998   -0.05992   0.03221
-0.05291   0.44045   1.15365   0.05157   -0.00042   0.03387   0.03085
0.15189   0.26966   0.80539   0.04395   -0.00462   -0.02174   0.02463
0.15189   0.26966   0.80539   -0.07411   0.00984   -0.01584   0.03821
0.07658   0.38960   0.72639   0.06101   0.00678   -0.03139   0.03447
0.11940   0.44062   0.62897   -0.00180   -0.05030   0.00000   0.02516
0.10932   0.42762   0.66424   -0.06340   0.00282   -0.02704   0.03449
-0.08559   0.18031   0.53227   0.04369   0.06362   -0.04735   0.04527
0.05468   0.13739   0.79163   0.01774   0.02330   -0.03676   0.02350
0.03687   0.15526   0.72886   0.02259   0.02438   -0.01580   0.01840
0.03687   0.15526   0.72886   -0.01494   -0.04218   -0.02793   0.02638
0.27255   0.34191   0.55400   -0.04080   -0.04386   -0.04602   0.03777
0.24762   0.33034   0.57090   -0.01115   0.05604   -0.00575   0.02871
0.22521   0.29320   0.59012   -0.04238   -0.03293   -0.04038   0.03358
-1.08406   -0.09772   2.32957   0.05812   0.02661   -0.03033   0.03537
-1.07540   0.02288   2.55362   -0.02764   -0.04436   -0.07770   0.04682
-1.07754   0.01134   2.37493   0.03062   -0.00787   -0.04132   0.02602
-1.07840   0.00672   2.30345   0.03558   0.03550   -0.01814   0.02672
-1.07840   0.00672   2.30345   -0.03437   -0.02173   -0.04211   0.02927
-0.95223   0.04092   1.72167   0.02713   0.02013   -0.04846   0.02954
-0.95611   0.03696   1.72218   0.00877   -0.01085   0.05167   0.02676
-0.96200   0.20295   2.10771   -0.01312   -0.04244   -0.06318   0.03861
-0.94678   0.14306   2.07695   0.01174   0.01416   -0.05191   0.02754
-0.91900   0.09271   1.92687   -0.01118   0.02409   -0.03710   0.02281
-1.09110   0.35873   1.43969   -0.04013   -0.00530   0.01099   0.02097
-1.02647   0.29549   1.49153   -0.03951   -0.03610   -0.00746   0.02702
-1.01928   0.28577   1.49828   0.02343   0.00860   -0.03757   0.02255
-0.94738   0.18870   1.56581   0.01576   0.02774   0.03066   0.02212
-1.03646   -0.00103   1.22321   0.02207   -0.03175   -0.03580   0.02635
-1.00292   0.01796   1.36618   -0.00145   -0.00310   -0.06659   0.03334
-1.00292   0.01796   1.36618   0.02094   -0.02987   0.03272   0.02450
-0.58475   -0.23426   1.35249   -0.05683   -0.01927   0.02814   0.03313
-0.63778   0.12533   1.14193   -0.02859   0.05405   0.01286   0.03124
-0.43741   0.39849   1.26180   -0.02718   0.00486   -0.04809   0.02773
-0.60287   0.22821   1.31561   -0.01376   -0.01191   -0.06034   0.03151
-0.52747   0.45501   1.13502   -0.01727   -0.04995   -0.03631   0.03206
-0.52545   0.42527   1.18724   -0.02179   -0.02857   -0.03883   0.02645
-0.54241   0.36063   1.20976   -0.00584   0.03880   0.03792   0.02728
-0.47238   0.29640   0.90063   -0.03670   -0.01011   -0.02849   0.02378
-0.79359   -0.40993   0.90524   -0.00913   0.01097   -0.05558   0.02869
-0.87274   -0.46624   1.05686   -0.02644   0.03633   -0.02921   0.02679
-0.81904   -0.27745   1.04027   0.00399   0.01665   -0.06189   0.03211
-0.79838   -0.26464   1.03695   0.05714   -0.01633   -0.01286   0.03040
-0.70596   -0.09897   1.05366   0.03117   -0.01167   -0.04975   0.02993
-0.70596   -0.09897   1.05366   -0.04579   0.01362   0.01027   0.02443
-0.86598   -0.44791   1.05505   -0.00595   0.00816   -0.06391   0.03235
-0.79490   -0.37030   0.94116   -0.02586   0.05561   -0.02450   0.03302
-0.82590   0.17944   0.94609   0.01306   0.01519   -0.06192   0.03254
-0.76659   0.14264   0.92072   0.02369   -0.02304   0.05061   0.03022
-0.68185   0.09006   0.88446   -0.07512   -0.03614   -0.02925   0.04417
-0.69989   0.12996   0.85489   0.03392   -0.02250   -0.01726   0.02211
-0.43985   0.31683   0.89936   -0.04744   -0.01053   0.05973   0.03850
-0.93320   -1.24585   1.88600   -0.04432   0.03630   -0.02404   0.03107
-1.07550   -1.00856   1.90860   -0.00009   0.04840   -0.04428   0.03280
-0.99649   -1.12513   1.85834   0.02994   0.03066   -0.04095   0.02963
-1.00832   -1.13625   1.80802   -0.01549   -0.02110   -0.04692   0.02687
-0.97271   -1.21773   1.70224   -0.03080   0.03511   -0.02224   0.02586
-1.14470   -1.47156   1.76005   0.05149   -0.00825   -0.05163   0.03669
-1.17183   -1.18214   1.68017   0.01563   -0.03524   -0.03793   0.02704
-1.05423   -1.16035   1.56805   -0.01294   -0.02934   -0.05171   0.03042
-1.05423   -1.16035   1.56805   0.05698   0.03137   0.02590   0.03500
-1.17089   -1.33333   1.61861   0.00785   -0.01550   -0.06428   0.03329
-1.03667   -1.27527   1.49781   -0.01116   0.03740   0.03785   0.02718
-1.05411   -1.28359   1.44206   0.03141   0.02947   -0.04037   0.02952
-1.06570   -1.29623   1.42225   -0.02532   0.03370   -0.03699   0.02804
-0.93375   -1.08039   1.38557   0.00680   -0.00292   -0.04645   0.02352
-0.94778   -1.10220   1.42147   0.00004   -0.00894   -0.04199   0.02146
-1.06613   -0.70637   1.62488   0.06154   -0.02084   0.01986   0.03397
-1.02737   -0.75599   1.54708   -0.03032   -0.00844   -0.05313   0.03088
-0.99374   -0.80335   1.47974   -0.00600   0.00597   -0.06087   0.03073
-0.99374   -0.80335   1.47974   0.00149   -0.04691   0.00908   0.02390
-1.10872   -0.89723   1.26536   -0.01331   0.05599   0.00687   0.02898
-0.86618   -0.97755   1.20010   0.02898   -0.03727   -0.04922   0.03410
-0.95341   -1.11586   0.91536   -0.01618   -0.04847   0.00314   0.02560
-0.94032   -1.08793   0.99231   -0.04167   -0.04781   -0.02173   0.03352
-0.90366   -1.03185   1.04196   0.07188   -0.02100   0.00613   0.03757
-0.85651   -0.95973   1.10579   0.03818   -0.04848   0.00170   0.03087
-0.82631   -0.84632   1.10110   -0.00311   0.04800   -0.03949   0.03112
-0.98297   -0.86891   1.01534   0.02469   0.05660   -0.02671   0.03364
-0.76872   -0.78517   1.12336   -0.01313   -0.04021   -0.04551   0.03106
-0.81879   -0.86141   1.08559   -0.02501   0.02171   -0.04523   0.02803
-0.76063   -0.91275   0.94377   0.02522   0.03778   -0.06527   0.03976
-0.63042   -0.79276   1.36022   -0.04582   0.04900   -0.00175   0.03356
-0.64258   -0.80929   1.30019   0.03704   -0.01105   -0.05340   0.03296
-0.70511   -0.84023   1.15939   -0.01201   0.00583   -0.06012   0.03080
-0.72075   -0.82230   1.09504   -0.02669   0.00596   -0.05512   0.03076
-0.71019   -0.83562   1.06943   0.00388   -0.00758   -0.05676   0.02870
-0.78505   -0.91138   1.03401   -0.01427   -0.06505   0.00162   0.03331
-0.91495   -1.09603   1.08813   -0.04587   -0.03479   0.00611   0.02895
-0.90982   -1.08356   1.09992   0.07616   -0.03635   -0.03810   0.04630
-0.87902   -1.00873   1.17063   0.04844   -0.05916   0.01249   0.03874
-0.95267   -0.84065   1.05632   -0.01627   0.04794   -0.02725   0.02875
-0.95125   -0.94114   0.94241   0.03899   -0.02203   -0.06041   0.03760
-0.88814   -0.90958   0.97602   0.03775   0.01857   -0.06133   0.03719
-0.79348   -0.86224   1.02642   -0.02157   -0.01882   -0.04678   0.02742
-0.80926   -0.87013   1.01802   -0.06071   -0.03771   0.02307   0.03755
-0.99796   -0.84423   0.90808   -0.03872   0.01696   -0.01720   0.02281
-0.95321   -0.82726   0.91907   0.02619   0.02502   -0.05877   0.03452
-0.59405   -1.00925   0.60691   0.02725   -0.04745   -0.00206   0.02738
-0.59687   -0.99377   0.63605   0.00207   -0.04982   0.01929   0.02673
-0.60724   -0.93699   0.74290   -0.02700   -0.05742   -0.03064   0.03523
-0.63819   -0.88412   0.78454   0.00942   -0.01014   -0.06782   0.03461
-0.66434   -0.82159   0.97698   0.04740   -0.00623   0.03337   0.02915
-0.74079   -0.82454   1.01097   0.04127   0.04183   -0.07505   0.04766
-0.70590   -0.89125   0.47206   -0.01773   0.02082   -0.03475   0.02211
-0.69901   -0.78681   0.66710   -0.03015   -0.00062   -0.00854   0.01567
-0.69730   -0.76092   0.71545   -0.04779   0.00575   -0.00689   0.02431
-0.61025   -0.79538   0.72365   -0.04523   0.02344   -0.04242   0.03314
-0.52325   -0.75849   0.50303   -0.02987   -0.02722   -0.04539   0.03039
-0.56358   -0.74777   0.58709   -0.00696   -0.05968   -0.01330   0.03077
-0.63288   -0.68477   0.87714   -0.04801   0.01367   -0.03779   0.03130
-0.61493   -0.66222   0.82506   -0.01350   -0.05539   -0.04929   0.03768
-0.61269   -0.63454   0.69149   0.02259   0.01111   -0.07778   0.04088
-0.55425   -0.64799   0.69824   0.01557   0.00985   -0.08292   0.04247
-0.94311   -0.54065   0.80597   -0.01606   -0.07603   -0.04495   0.04489
-0.83116   -0.58109   0.76611   0.00542   0.00926   -0.05982   0.03039
-0.76718   -0.60421   0.74333   0.02427   0.02414   -0.07209   0.03990
-0.72010   -0.57815   0.42404   0.04653   0.00031   -0.05903   0.03758
-0.74845   -0.59766   0.37764   0.03807   -0.00830   -0.06235   0.03676
-0.72256   -0.57257   0.50903   0.04321   0.00836   -0.05986   0.03715
-0.63177   -0.54095   0.52437   0.03993   -0.01444   -0.06637   0.03940
-0.63645   -0.54176   0.52123   -0.04738   -0.03938   0.03269   0.03487
-0.55410   -0.50501   0.56318   -0.00930   0.03955   0.00159   0.02033
-0.41515   -0.49426   0.29921   0.00620   -0.04533   -0.04578   0.03236
-0.43069   -0.38467   0.41523   -0.00478   0.04564   -0.03237   0.02808
-0.29322   -0.27711   0.55107   0.00492   -0.02250   -0.05901   0.03167
-0.30012   -0.23144   0.44559   -0.00250   -0.02733   -0.04208   0.02512
-0.72194   1.06941   2.30987   -0.01547   0.02703   -0.03205   0.02235
-0.70610   1.25313   2.27888   -0.02005   -0.02994   -0.06330   0.03642
-0.70244   1.29552   2.27173   0.00105   -0.02890   -0.04466   0.02660
-0.69282   1.35692   2.25657   -0.00328   0.01081   -0.04917   0.02523
-0.62568   1.42566   2.17716   0.05947   -0.01615   0.02634   0.03351
-0.62568   1.42566   2.17716   -0.04831   0.00291   -0.06144   0.03910
-0.62088   1.43057   2.17149   -0.00735   0.05235   0.00803   0.02673
-0.57296   1.40247   2.01662   -0.02747   0.06105   -0.04262   0.03968
-0.67694   1.28183   1.97496   0.02287   0.04178   -0.04604   0.03312
-0.70511   1.20517   1.89951   -0.06178   0.02872   -0.02332   0.03601
-0.70511   1.20517   1.89951   0.01615   0.01786   -0.01788   0.01500
-0.67819   1.62361   1.96412   -0.00646   -0.05626   -0.01670   0.02952
-0.66272   1.59172   1.96447   0.02721   0.00513   0.05953   0.03283
-0.63177   1.52795   1.96517   0.02347   0.03275   -0.04293   0.02944
-0.55186   1.36306   1.90435   0.02541   0.04672   -0.00426   0.02667
-0.61985   1.67409   1.72370   0.00082   -0.06764   -0.03342   0.03772
-0.60174   1.61058   1.75448   -0.02090   -0.00221   -0.00397   0.01069
-0.57227   1.48289   1.79931   0.04149   0.00122   -0.04182   0.02946
-0.56362   1.44813   1.81305   -0.04477   -0.01767   -0.04655   0.03348
-0.59252   1.08300   2.14479   -0.03158   -0.00823   -0.06060   0.03441
-0.57962   1.12991   2.07802   -0.05158   -0.00869   -0.03796   0.03232
-0.59824   1.25849   1.85404   0.00843   0.00599   -0.05166   0.02634
-0.59025   1.37823   1.91115   -0.01772   -0.00107   -0.05076   0.02689
-0.94679   1.19610   1.84391   0.06419   0.01154   0.02171   0.03437
-0.85139   1.21181   1.80349   -0.00492   0.03276   -0.05377   0.03158
-0.40205   1.66811   1.72375   0.06128   0.01800   -0.00067   0.03194
-0.39858   1.60144   1.78934   0.04771   0.04223   0.02715   0.03463
-0.39977   1.56976   1.82471   -0.06903   -0.03361   -0.00967   0.03869
-0.43440   1.47226   1.83461   -0.03123   -0.03125   -0.00799   0.02245
-0.44711   1.40969   1.75010   -0.03078   -0.04925   -0.01266   0.02972
-0.47038   1.34021   1.70101   0.01623   -0.02322   0.05475   0.03083
-0.46107   1.36800   1.72064   0.03262   -0.03434   -0.05133   0.03492
-0.64645   1.45999   1.49914   0.02219   -0.04157   -0.04165   0.03145
-0.59113   1.37962   1.52708   0.05883   0.00602   -0.04438   0.03697
-0.54382   1.31087   1.55098   0.06794   0.01458   -0.05764   0.04514
-0.61566   1.97689   1.57719   -0.01473   -0.02799   -0.01728   0.01802
-0.68406   1.17108   1.47934   0.00867   -0.05514   -0.02763   0.03114
-0.62748   1.16596   1.51874   -0.01755   0.02530   -0.04448   0.02705
-0.59624   1.16633   1.50854   -0.02558   -0.05394   -0.01658   0.03098
-0.48898   1.18339   1.46114   -0.01091   -0.03159   -0.04087   0.02640
-0.51311   1.13254   1.43194   -0.01248   0.01904   0.02597   0.01727
-0.59542   1.07480   1.43990   0.03621   -0.05470   0.00326   0.03284
-0.56139   1.07620   1.40705   -0.00359   0.01093   -0.05488   0.02804
-0.55127   1.02187   1.26194   0.00198   -0.00042   -0.04739   0.02372
-0.51749   1.04299   1.21554   0.02872   -0.02362   0.02607   0.02270
-0.45002   0.96178   1.10699   0.03684   -0.01687   0.02556   0.02395
-0.32336   1.17251   1.10300   0.01452   -0.03863   -0.04638   0.03104
-0.35754   1.16422   1.18126   -0.01646   0.03433   -0.00765   0.01942
-0.30397   1.30825   1.10410   -0.00786   0.00153   -0.01485   0.00844
-0.29796   1.33031   1.02698   0.00419   -0.04154   -0.04259   0.02982
-0.21450   1.12521   1.05946   0.07347   -0.02748   0.01703   0.04014
-0.31592   1.12264   1.13830   -0.00515   0.01859   -0.05317   0.02828
-0.59849   1.06654   1.36232   0.04845   -0.03834   0.02097   0.03262
-0.51694   1.09106   1.31165   0.01002   0.05649   -0.05710   0.04047
-0.42870   1.02322   1.15433   -0.02305   0.00970   -0.05328   0.02943
-0.54852   0.86589   1.33335   0.00208   -0.05016   -0.02046   0.02711
-0.52559   0.86445   1.25057   -0.01193   0.04422   -0.03441   0.02865
-0.49330   0.86485   1.13173   -0.00026   0.04969   -0.06034   0.03908
-0.53464   0.74181   0.59899   0.00877   -0.05577   -0.02623   0.03112
-0.50925   0.75465   0.72377   -0.04457   0.03555   -0.01520   0.02950
-0.46845   0.78339   0.80371   0.00269   -0.04527   -0.04497   0.03193
-0.05941   1.05340   0.79771   -0.02754   0.01387   -0.03897   0.02485
-0.12986   1.03615   0.86601   0.04746   0.00352   0.04756   0.03364
-0.28820   0.88405   0.85190   -0.04496   -0.01755   -0.00815   0.02447
-0.28756   0.89543   0.63362   -0.03230   -0.05980   -0.02786   0.03673
-0.28624   0.89610   0.67959   0.02632   0.04660   0.00063   0.02676
-0.28347   0.89750   0.77656   0.04863   0.03444   -0.01477   0.03070
-0.55943   0.71305   0.69275   -0.04184   -0.03439   0.00778   0.02736
-0.47564   0.74263   0.75244   0.02484   -0.04273   -0.01128   0.02535
-0.47564   0.74263   0.75244   0.00473   0.01956   -0.08511   0.04373
-0.38430   0.49168   0.52515   -0.01625   -0.05509   0.00075   0.02872
-0.38430   0.49168   0.52515   -0.01773   0.00051   -0.04835   0.02575
-0.35982   0.53157   0.55072   -0.00146   0.02680   -0.06080   0.03323
