525
-0.000000   -0.000000   0.000000   0.021590   -0.044960   0.367600   0.062500
0.017980   -0.037443   0.306140   0.026040   0.064970   0.141930   0.065280
0.019643   -0.033256   0.315275   -0.198700   -0.124830   0.594070   0.033590
-0.177452   -0.157077   0.904546   0.040390   -0.077400   0.513650   0.030000
-0.137062   -0.234477   1.418196   0.218710   -0.011100   0.707080   0.025000
0.081648   -0.245577   2.125276   0.102930   -0.118830   0.243960   0.020000
0.184583   -0.364414   2.369249   -0.225990   0.106690   0.469310   0.016030
0.082893   -0.316405   2.580428   -0.281170   0.128140   0.163070   0.005000
0.094198   -0.321743   2.556951   0.025530   0.165320   0.110230   0.005000
0.184228   -0.364004   2.368407   -0.008190   -0.020480   0.138210   0.005000
0.184119   -0.363878   2.368149   -0.068930   -0.058920   0.237310   0.005000
0.094198   -0.321743   2.556951   -0.115810   -0.137310   0.163180   0.005000
0.174288   -0.352527   2.344846   -0.224580   -0.263670   0.347790   0.005000
0.179440   -0.358476   2.357059   0.285090   0.270320   0.052530   0.005000
0.184583   -0.364414   2.369249   -0.120430   -0.035820   0.153650   0.005000
0.163997   -0.340647   2.320456   0.066800   0.050790   0.041170   0.005000
0.230797   -0.289857   2.361626   -0.038590   0.096310   -0.083790   0.005000
0.112528   -0.281227   2.198465   -0.219640   0.458550   0.071810   0.005000
0.148561   -0.322826   2.283869   0.006110   0.461690   0.053740   0.005000
0.117672   -0.287166   2.210659   -0.153480   -0.050950   0.211600   0.005000
-0.035395   -0.337980   2.421690   -0.124210   0.086960   0.351990   0.005000
-0.035808   -0.338116   2.422259   -0.211600   -0.035550   0.293750   0.005000
-0.215678   -0.368336   2.671960   -0.111140   -0.029870   0.027080   0.005000
-0.005118   -0.327929   2.379948   -0.174530   -0.062410   0.144990   0.005000
0.094643   -0.294811   2.242409   -0.381960   -0.048940   0.060930   0.005000
0.081648   -0.245577   2.125276   0.042250   -0.017560   -0.048320   0.005000
0.048840   -0.243912   2.019208   0.078190   0.214020   -0.039320   0.005000
0.070714   -0.245023   2.089927   0.106270   0.378910   -0.010030   0.005000
0.037908   -0.243358   1.983865   -0.080660   0.184420   0.016450   0.005000
-0.014510   -0.123510   1.994555   0.027140   0.186030   -0.040100   0.005000
0.001611   -0.160370   1.991268   -0.089720   0.073970   -0.049630   0.005000
0.026971   -0.242803   1.948508   0.053450   0.181880   0.356910   0.005000
0.016037   -0.242248   1.913157   0.133950   0.012790   -0.065050   0.005000
0.150007   -0.229456   1.848097   -0.012430   0.041820   -0.225220   0.005000
0.137577   -0.187638   1.622887   0.077240   0.162340   -0.138270   0.005000
0.016037   -0.242248   1.913157   -0.332500   -0.355820   0.559840   0.005000
0.016037   -0.242248   1.913157   0.085440   -0.070070   -0.037040   0.005000
0.101746   -0.312539   1.876000   0.017020   -0.186710   0.006760   0.005000
0.118766   -0.499240   1.882760   0.109650   -0.368810   0.142780   0.005000
0.118766   -0.499240   1.882760   -0.052040   -0.279230   0.160290   0.005000
0.005100   -0.241692   1.877798   -0.055540   0.330720   0.118290   0.005000
-0.016769   -0.240583   1.807098   -0.052600   -0.021960   0.041200   0.005000
-0.027709   -0.240027   1.771728   0.114210   0.057550   -0.061680   0.005000
0.086501   -0.182477   1.710048   0.092800   0.190670   -0.092730   0.005000
-0.005835   -0.241138   1.842447   0.084110   -0.053820   -0.094510   0.005000
-0.082384   -0.237252   1.594966   0.028360   -0.101320   0.135810   0.005370
-0.066785   -0.292982   1.669667   -0.119340   -0.567020   0.356630   0.005000
-0.096621   -0.434740   1.758826   -0.061930   -0.006650   0.081070   0.005000
-0.096621   -0.434740   1.758826   0.038020   0.254550   0.045900   0.005000
-0.071450   -0.237807   1.630318   0.084750   0.080020   -0.048520   0.005000
0.013300   -0.157787   1.581798   0.262140   0.017340   0.005020   0.005000
-0.082384   -0.237252   1.594966   0.029260   0.209350   -0.047460   0.005000
-0.093322   -0.236697   1.559606   0.206380   -0.100520   0.223340   0.005000
-0.104256   -0.236142   1.524257   0.114660   -0.213650   -0.027870   0.005000
0.010404   -0.449792   1.496387   -0.030410   -0.551450   -0.020040   0.005000
0.002802   -0.587652   1.491377   0.011740   -0.144420   0.163250   0.005000
-0.052659   -0.332284   1.511716   0.211170   -0.298220   0.198800   0.005000
-0.115189   -0.235588   1.488909   -0.018290   0.008420   0.087130   0.005000
-0.115193   -0.235587   1.488896   -0.007110   0.198650   0.206340   0.005000
-0.115193   -0.235587   1.488896   -0.110070   -0.102730   0.158860   0.005000
-0.115189   -0.235588   1.488909   -0.058750   0.520050   -0.033120   0.005000
-0.029728   -0.375013   1.506142   0.084090   -0.049180   -0.057340   0.005000
0.054631   -0.424351   1.448619   0.188530   -0.426140   -0.136470   0.005000
-0.163316   -0.184167   1.084317   0.163980   0.047050   0.077680   0.005000
0.000664   -0.137117   1.161997   0.118440   -0.005160   -0.028870   0.005000
-0.165335   -0.180297   1.058637   0.222950   0.180760   0.023020   0.005000
-0.167355   -0.176427   1.032956   -0.033190   0.071710   0.067010   0.005000
-0.200535   -0.104738   1.099947   0.165350   0.316020   0.122380   0.005000
-0.036728   0.208334   1.221185   -0.089360   0.396500   -0.003720   0.005000
-0.076519   0.132284   1.191735   -0.073910   0.249260   0.186010   0.005000
-0.059987   0.163881   1.203971   0.103200   0.045620   0.038170   0.005000
-0.101326   0.084873   1.173374   0.045370   0.029840   0.141520   0.005000
-0.134395   0.021671   1.148899   0.071280   -0.013870   0.171150   0.005000
-0.159583   -0.191319   1.131786   -0.001270   0.005260   0.121180   0.005000
-0.149179   -0.211257   1.264097   -0.132340   0.245560   0.109720   0.005000
-0.137062   -0.234477   1.418196   -0.317300   -0.158760   -0.111940   0.005000
-0.167355   -0.176427   1.032956   -0.068440   -0.139970   0.033210   0.005540
-0.234396   -0.313536   1.065487   -0.066130   -0.106860   0.131180   0.005000
-0.300526   -0.420396   1.196667   0.210820   -0.496590   0.549390   0.005000
-0.300526   -0.420396   1.196667   -0.180890   0.210930   0.402530   0.005000
-0.283996   -0.393685   1.163877   0.147270   0.003780   0.220630   0.005000
-0.250930   -0.340255   1.098287   -0.032660   0.115700   0.251000   0.005000
-0.160734   -0.189115   1.117157   -0.173610   -0.526640   -0.008100   0.005000
-0.218681   -0.281398   1.057862   -0.047210   -0.082590   -0.082880   0.005000
-0.265494   -0.363293   0.975679   -0.027610   -0.376970   -0.174650   0.005000
-0.265891   -0.363988   0.974982   -0.041810   0.122740   0.009970   0.005000
-0.307701   -0.241248   0.984952   -0.040130   0.291910   -0.134480   0.005000
-0.265891   -0.363988   0.974982   -0.352500   0.066350   -0.092800   0.005000
0.019643   -0.033256   0.315275   -0.226820   0.351740   0.099240   0.039290
-0.207171   0.318475   0.414513   -0.118100   0.165600   0.227740   0.036000
-0.325271   0.484075   0.642253   -0.110530   0.437030   0.780840   0.033000
-0.433139   0.910577   1.404282   -0.066900   0.350520   0.555120   0.030000
-0.500039   1.261097   1.959402   -0.148770   0.129630   0.059970   0.005000
-0.611626   1.358329   2.004383   -0.086910   -0.026410   0.166820   0.005000
-0.574423   1.325911   1.989386   -0.026580   -0.071870   0.109640   0.005000
-0.500039   1.261097   1.959402   0.024700   -0.090580   0.112570   0.005000
-0.497070   1.245540   1.934764   0.033150   -0.033160   0.138880   0.005000
-0.496694   1.243571   1.931646   0.223280   -0.069350   0.175410   0.031660
-0.273414   1.174221   2.107056   0.086900   -0.185160   0.190680   0.005000
-0.195193   1.007555   2.278690   -0.092090   -0.040840   0.210480   0.005000
-0.186514   0.989061   2.297736   0.033740   -0.198980   0.155030   0.005000
-0.225610   1.072365   2.211948   -0.030450   -0.039950   0.185850   0.005000
-0.234296   1.090872   2.192890   0.188510   -0.204210   -0.114510   0.005000
-0.242997   1.109411   2.173798   -0.148130   -0.158490   0.085250   0.005000
-0.486658   1.190991   1.848375   0.004470   -0.122570   0.158650   0.005000
-0.481994   1.166554   1.809674   -0.144040   0.175540   0.082050   0.005000
-0.476625   1.138424   1.765124   0.067370   -0.175820   0.600510   0.005000
-0.471066   1.109295   1.718993   0.118910   -0.070590   0.172510   0.005000
-0.467359   1.089873   1.688234   0.087240   -0.107500   0.001870   0.005000
-0.380119   0.982373   1.690104   0.131090   -0.108130   -0.066320   0.005000
-0.252673   0.877249   1.625627   0.226940   -0.242980   0.246070   0.005000
-0.340506   0.949698   1.670063   0.304830   -0.284090   0.404190   0.005000
-0.307187   0.922215   1.653206   0.065310   -0.341700   0.117340   0.005000
-0.380119   0.982373   1.690104   0.033530   -0.097930   0.293260   0.005000
-0.467260   1.089355   1.687412   -0.716330   0.309680   0.068770   0.005000
-0.467306   1.089595   1.687792   0.207670   0.086940   0.099950   0.005000
-0.459899   1.050786   1.626332   0.275210   -0.300050   0.557940   0.005000
-0.451948   1.009125   1.560353   0.105490   0.075580   0.038030   0.005000
-0.346458   1.084705   1.598383   0.164090   0.125420   -0.075690   0.005000
-0.346458   1.084705   1.598383   0.113480   -0.153520   -0.009970   0.005000
-0.449210   0.994781   1.537636   -0.088470   0.288500   0.020500   0.005000
-0.537680   1.283281   1.558136   -0.393600   0.145940   -0.276200   0.005000
-0.524411   1.240011   1.555061   -0.020130   0.155900   -0.067140   0.005000
-0.505650   1.178831   1.550714   -0.023050   0.110490   0.181370   0.005000
-0.537680   1.283281   1.558136   0.115160   0.175730   0.070170   0.005000
-0.515561   1.211151   1.553010   -0.245350   0.167400   -0.138680   0.005000
-0.489020   1.124601   1.546860   -0.149720   0.119970   -0.027750   0.005000
-0.638740   1.244571   1.519110   -0.267570   0.022200   -0.066910   0.005000
-0.638740   1.244571   1.519110   -0.198640   0.075220   -0.074660   0.005000
-0.496997   1.245161   1.934164   0.045990   0.017720   0.023150   0.005000
-0.419875   0.858134   1.310583   -0.083060   -0.085850   0.366320   0.005000
-0.421635   0.865092   1.323014   0.064510   -0.128240   0.040580   0.005000
-0.358333   0.739254   1.362835   0.003310   -0.095970   0.305900   0.005000
-0.355023   0.643284   1.668735   0.224940   -0.163540   0.376710   0.005000
-0.355023   0.643284   1.668735   -0.168190   -0.154130   0.421200   0.005000
-0.423523   0.872557   1.336352   0.138060   0.016960   0.202780   0.005000
-0.285727   0.889485   1.538744   0.060230   -0.026300   0.106660   0.005000
-0.419223   0.855555   1.305974   0.105820   -0.228990   0.268800   0.005000
-0.408639   0.813705   1.231201   -0.110740   0.146400   -0.013800   0.005000
-0.518040   0.958335   1.217568   -0.063630   -0.025500   -0.034770   0.005000
-0.581680   0.932831   1.182793   -0.201350   0.142560   -0.042940   0.005000
-0.519388   0.960117   1.217400   0.031190   0.102150   0.107630   0.005000
-0.581670   0.932835   1.182798   -0.136120   0.180700   -0.067840   0.005000
-0.519388   0.960117   1.217400   -0.153920   -0.055230   -0.003170   0.005000
-0.397061   0.767928   1.149410   -0.018710   0.097400   0.131170   0.005000
-0.389048   0.736245   1.092802   -0.111020   0.141920   -0.043120   0.005000
-0.500068   0.878165   1.049682   -0.114370   -0.041700   -0.150010   0.005000
-0.614438   0.836465   0.899672   -0.172030   0.054390   -0.260420   0.005000
-0.459385   0.826159   1.065484   -0.131230   0.139610   -0.142500   0.005000
-0.391673   0.746622   1.111344   -0.181720   -0.069400   0.091840   0.005000
-0.383593   0.714675   1.054263   -0.075030   0.167550   -0.039070   0.005000
-0.458573   0.882114   1.015219   -0.094010   0.143520   -0.015050   0.005000
-0.419223   0.855555   1.305974   0.113310   -0.072220   0.199110   0.005000
-0.306955   0.783999   1.503253   0.107020   -0.108380   0.086650   0.005000
-0.199925   0.675609   1.589911   -0.003070   -0.219740   0.504530   0.005000
-0.199935   0.675619   1.589903   -0.050180   -0.354510   0.359990   0.005000
-0.199935   0.675619   1.589903   0.354430   -0.124870   0.080830   0.005000
-0.199935   0.675619   1.589903   0.148130   -0.054570   0.367320   0.005000
-0.215982   0.691870   1.576910   -0.008450   -0.117690   -0.007270   0.005000
-0.386066   0.724452   1.071733   0.011970   -0.205370   -0.041340   0.005000
-0.381351   0.705810   1.038424   0.112800   -0.035310   0.120030   0.005000
-0.383380   0.713835   1.052762   0.351820   -0.214890   0.090460   0.005000
-0.365477   0.643045   0.926282   0.048630   0.083160   -0.044650   0.005000
-0.365755   0.644147   0.928252   0.101920   0.144110   -0.051920   0.005000
-0.360433   0.623103   0.890653   -0.066470   0.116760   -0.199330   0.005000
-0.426903   0.739863   0.691323   -0.071510   0.188920   -0.300270   0.005000
-0.363959   0.637045   0.915563   -0.028640   -0.116080   0.349490   0.005000
-0.369483   0.658885   0.954583   -0.257230   -0.213800   0.128340   0.005000
-0.358400   0.615065   0.876292   -0.004700   -0.436770   0.289550   0.005000
-0.352586   0.592074   0.835214   -0.072130   0.048710   -0.120480   0.005000
-0.424705   0.640777   0.714751   -0.162200   0.350000   -0.333110   0.005000
-0.355155   0.602233   0.853363   -0.008650   -0.423050   0.294810   0.005000
-0.347376   0.571476   0.798411   -0.201830   -0.116950   0.290820   0.005000
-0.347380   0.571490   0.798436   -0.245430   -0.333930   0.191950   0.005000
-0.347277   0.571085   0.797713   0.260280   0.158260   0.136830   0.005000
-0.369485   0.658895   0.954603   0.281510   -0.136940   0.076470   0.005000
-0.358431   0.615188   0.876511   0.250630   -0.084650   0.019720   0.005000
-0.356760   0.608580   0.864705   -0.062680   0.131500   -0.225780   0.005000
-0.419440   0.740080   0.638925   -0.084280   0.189760   -0.240480   0.005000
-0.350294   0.583013   0.819025   -0.102960   0.102320   -0.190710   0.005000
-0.453254   0.685333   0.628315   -0.110280   0.311220   -0.268060   0.005000
-0.341853   0.549637   0.759392   -0.124760   -0.157930   0.328530   0.005000
-0.346665   0.568663   0.793385   -0.186860   -0.353250   0.211120   0.005000
-0.325271   0.484075   0.642253   -0.043190   0.251390   -0.135920   0.005000
-0.364260   0.711010   0.519555   -0.314740   0.186890   -0.186730   0.005000
-0.359824   0.685191   0.533514   -0.139450   -0.000420   -0.077110   0.005000
-0.361983   0.697755   0.526721   0.076080   0.207360   -0.117130   0.005000
-0.325271   0.484075   0.642253   0.130940   0.134670   0.045070   0.005000
-0.302215   0.451746   0.597791   0.211250   0.120060   0.142590   0.005000
-0.295754   0.442685   0.585331   -0.060850   -0.085860   0.266550   0.005000
-0.356604   0.356825   0.851881   0.094670   -0.308690   0.172530   0.005000
-0.353561   0.361119   0.838551   0.183990   -0.019150   0.189490   0.005000
-0.356604   0.356825   0.851881   -0.112800   -0.306340   0.324360   0.005000
-0.350517   0.365413   0.825220   -0.094200   -0.122340   0.120980   0.005000
-0.347474   0.369707   0.811891   -0.188550   0.084060   0.136160   0.005000
-0.329220   0.395464   0.731929   -0.293400   -0.307890   0.104760   0.005000
-0.283941   0.426121   0.562552   0.161690   -0.100210   0.222390   0.005000
-0.266221   0.401275   0.528383   0.045860   0.213300   0.372890   0.005000
-0.278036   0.417841   0.551165   -0.092110   0.259400   -0.171260   0.005000
-0.370146   0.677241   0.379905   -0.262170   0.162010   -0.272510   0.005000
-0.337907   0.586451   0.439846   0.018290   0.001150   -0.057110   0.005000
-0.301059   0.482680   0.508357   -0.176960   0.026110   -0.155450   0.005000
-0.207171   0.318475   0.414513   0.080810   0.419560   0.140470   0.005000
-0.126361   0.738035   0.554983   -0.002470   0.036710   0.136310   0.005000
-0.142521   0.654136   0.526893   -0.038140   0.070070   -0.064600   0.005000
-0.130400   0.717068   0.547962   -0.135150   0.128790   -0.279950   0.005000
-0.370146   0.677241   0.379905   0.031850   0.070750   -0.195480   0.005000
-0.338296   0.747991   0.184425   -0.026890   0.094480   -0.210290   0.005000
-0.324088   0.547533   0.465540   0.101860   -0.136900   -0.241710   0.005000
-0.158681   0.570235   0.498803   -0.107680   0.139420   -0.107160   0.005000
-0.231545   0.352652   0.461514   -0.043120   -0.038270   0.444740   0.005000
-0.230797   0.351603   0.460071   0.392220   -0.112210   0.088760   0.005000
-0.252397   0.381890   0.501723   0.138000   -0.117690   0.012180   0.005000
-0.110326   0.168294   0.372140   -0.075690   0.071400   0.158570   0.005000
-0.186016   0.239694   0.530710   -0.088670   0.121170   0.127970   0.005000
-0.274327   0.360372   0.658161   -0.066170   0.105430   0.335830   0.005000
-0.274689   0.360867   0.658684   -0.185140   0.103170   0.007540   0.005000
-0.107916   0.164555   0.371085   -0.038270   -0.041790   0.038240   0.005000
-0.146038   0.122927   0.409177   -0.021270   0.136570   0.237960   0.005000
-0.086603   0.131505   0.361761   -0.057240   -0.046010   -0.084450   0.005000
-0.143843   0.085495   0.277311   -0.287390   -0.117790   -0.341960   0.005000
-0.093761   0.142605   0.364893   -0.051200   0.011930   -0.017560   0.005000
-0.111016   0.169363   0.372442   -0.144580   0.740380   0.195440   0.005000
-0.135614   0.207507   0.383204   0.053500   0.297000   0.141560   0.005000
-0.082114   0.504507   0.524764   -0.048020   0.265150   0.128900   0.005000
-0.082114   0.504507   0.524764   0.034240   0.267490   -0.120600   0.005000
0.019643   -0.033256   0.315275   0.010830   -0.096750   0.093330   0.026850
0.030473   -0.130006   0.408605   -0.135700   -0.269240   -0.054260   0.024680
-0.105227   -0.399246   0.354345   -0.130770   -0.220230   0.104990   0.021170
-0.235997   -0.619476   0.459335   -0.083510   -0.307050   0.260240   0.019510
-0.319507   -0.926526   0.719575   0.054290   -0.182570   0.639640   0.005000
-0.265217   -1.109096   1.359215   -0.135410   0.159270   0.783310   0.005000
-0.353071   -1.005762   1.867425   -0.191030   0.107000   0.224450   0.005000
-0.339693   -1.021497   1.790036   -0.109210   -0.106380   0.278970   0.005000
-0.332921   -1.029462   1.750865   -0.136730   0.293370   0.238720   0.005000
-0.319380   -1.045389   1.672535   -0.255650   0.015930   0.403130   0.005000
-0.326152   -1.037424   1.711705   0.149550   0.093800   0.186110   0.005000
-0.312609   -1.053353   1.633364   -0.096670   -0.131180   0.188940   0.005000
-0.292299   -1.077242   1.515876   -0.239010   -0.021930   0.385990   0.005000
-0.265217   -1.109096   1.359215   0.054440   0.000820   0.118370   0.005000
-0.270647   -1.090837   1.295244   -0.072940   0.350480   0.238910   0.005000
-0.265217   -1.109096   1.359215   -0.027200   -0.013810   0.276800   0.005000
-0.278790   -1.063451   1.199296   -0.178780   0.186840   0.178790   0.005000
-0.284219   -1.045195   1.135335   0.275410   -0.145100   0.133740   0.005000
-0.160291   -1.110486   1.195515   0.120430   -0.360870   0.103140   0.005000
-0.187839   -1.095972   1.182137   0.083350   0.246350   0.068700   0.005000
-0.286933   -1.036066   1.103354   -0.088740   -0.283710   0.332320   0.005000
-0.375097   -1.317933   1.433515   -0.186560   -0.203460   0.010070   0.005000
-0.357925   -1.263032   1.369207   0.104740   -0.272400   0.120910   0.005000
-0.292363   -1.017808   1.039384   -0.024380   0.330710   0.129360   0.005000
-0.297793   -0.999549   0.975414   0.233880   -0.548420   0.060350   0.005000
-0.305935   -0.972168   0.879484   -0.441450   0.238480   0.372340   0.005000
-0.239321   -1.136658   0.990502   0.364630   0.166990   -0.014870   0.005000
-0.295077   -1.008680   1.007406   0.257090   -0.506190   0.061520   0.005000
-0.303220   -0.981296   0.911465   -0.450720   0.100980   0.327100   0.005000
-0.308650   -0.963038   0.847495   0.203490   -0.120910   0.036960   0.005000
-0.311364   -0.953909   0.815514   -0.377480   -0.585570   0.396660   0.005000
-0.386856   -1.071018   0.894842   -0.216690   -0.169750   0.273830   0.005000
-0.311364   -0.953909   0.815514   -0.052960   0.215880   0.185990   0.005000
-0.314079   -0.944779   0.783524   0.216710   -0.202670   0.104640   0.005000
-0.314079   -0.944779   0.783524   -0.004670   -0.464570   0.009780   0.005000
-0.319507   -0.926526   0.719575   -0.092520   -0.345240   0.158870   0.005000
-0.319507   -0.926526   0.719575   -0.140500   0.426910   0.499460   0.005000
-0.340583   -0.862487   0.794497   0.000270   -0.093330   0.173000   0.005000
-0.319507   -0.926526   0.719575   -0.112150   -0.317390   0.165640   0.005000
-0.311157   -0.895826   0.693555   -0.107580   -0.048500   0.031540   0.005000
-0.418744   -0.944329   0.725097   -0.119270   0.100410   -0.033330   0.005000
-0.538004   -0.843928   0.691770   -0.116590   0.221890   0.049450   0.005000
-0.514165   -0.863997   0.698432   -0.194810   0.071530   -0.153770   0.005000
-0.402607   -0.937054   0.720366   -0.268600   -0.492630   -0.218550   0.005000
-0.418744   -0.944329   0.725097   -0.304290   0.150750   0.156040   0.005000
-0.306980   -0.880465   0.680536   -0.324190   -0.070040   -0.073110   0.005000
-0.277750   -0.772993   0.589448   -0.138270   -0.145090   -0.082420   0.005000
-0.413935   -0.915895   0.508271   -0.270300   -0.119410   0.084630   0.005000
-0.416020   -0.918083   0.507028   -0.075210   -0.186310   -0.002050   0.005000
-0.286100   -0.803693   0.615468   0.139200   0.056740   0.163170   0.005000
-0.261051   -0.711594   0.537409   0.076510   0.032810   0.062520   0.005000
-0.185961   -0.679393   0.598769   0.146950   0.083910   0.109990   0.005000
-0.256871   -0.696226   0.524384   -0.218680   -0.017860   -0.083590   0.005000
-0.252699   -0.680886   0.511383   0.041100   0.089260   0.446460   0.005000
-0.244350   -0.650186   0.485364   0.030030   0.162770   0.289270   0.005000
-0.235997   -0.619476   0.459335   -0.228200   -0.000540   0.080810   0.005000
-0.229459   -0.608465   0.454086   -0.031930   0.002870   -0.030010   0.005000
-0.157539   -0.487345   0.396344   0.214070   -0.105860   0.300020   0.005000
-0.144459   -0.465316   0.385843   -0.168290   0.062580   0.372970   0.005000
-0.105227   -0.399246   0.354345   0.035770   -0.371180   0.332070   0.005000
-0.084870   -0.358855   0.362485   -0.350020   -0.232220   0.333570   0.005000
0.019643   -0.033256   0.315275   0.030650   0.002670   0.219180   0.040530
0.050293   -0.030586   0.534455   0.466950   -0.157350   0.595060   0.029770
0.503204   -0.183205   1.111624   0.117110   -0.018170   0.287220   0.029890
0.620314   -0.201375   1.398844   0.020510   -0.129430   0.702820   0.018810
0.640824   -0.330805   2.101664   -0.020630   0.052520   0.187340   0.005310
0.620194   -0.278285   2.289004   0.339640   0.210700   -0.072370   0.005000
0.620194   -0.278285   2.289004   -0.148480   0.110080   0.039180   0.005000
0.620194   -0.278285   2.289004   0.036030   0.049480   -0.021780   0.005000
0.640824   -0.330805   2.101664   0.104360   -0.104000   0.176150   0.005000
0.703437   -0.393203   2.207350   0.155650   0.118750   0.223080   0.005000
0.639798   -0.324330   2.066503   0.199520   0.109490   0.150160   0.005000
0.669728   -0.307905   2.089029   0.150830   0.198420   0.113950   0.005000
0.636722   -0.304918   1.961094   -0.106260   0.158900   0.230930   0.005000
0.530462   -0.146018   2.192024   -0.057790   0.101570   0.037770   0.005000
0.472676   -0.044455   2.229791   0.015610   0.302800   0.044280   0.005000
0.551712   -0.177795   2.145842   -0.265380   0.202900   -0.187840   0.005000
0.635696   -0.298447   1.925954   0.190100   0.084390   0.140540   0.005000
0.633645   -0.285506   1.855684   0.028100   0.187250   0.026250   0.005000
0.661012   -0.103146   1.881249   0.021130   0.125580   -0.059080   0.005000
0.682142   0.022434   1.822169   -0.066550   0.399100   -0.096390   0.005000
0.674745   -0.021526   1.842850   -0.122400   0.150480   -0.002770   0.005000
0.635696   -0.298447   1.925954   0.115820   -0.236130   -0.031520   0.005000
0.749585   -0.530639   1.894960   0.145830   -0.083760   0.005690   0.005000
0.632619   -0.279031   1.820525   0.134670   -0.038690   0.126270   0.005000
0.630568   -0.266088   1.750244   0.310030   -0.050050   0.130000   0.005000
0.631594   -0.272559   1.785383   -0.037310   -0.192480   0.107240   0.005000
0.594286   -0.465027   1.892617   0.020590   -0.142410   0.018030   0.005000
0.608700   -0.564719   1.905238   0.050080   -0.086560   -0.206790   0.005000
0.627633   -0.247562   1.649645   -0.036820   -0.322950   0.124040   0.005000
0.629543   -0.259619   1.715114   0.030700   -0.123130   -0.039830   0.005000
0.660243   -0.382749   1.675284   0.105120   -0.155070   -0.151390   0.005000
0.624416   -0.227260   1.539403   0.264970   -0.373190   0.458020   0.005000
0.626466   -0.240201   1.609675   -0.069880   0.074320   0.188730   0.005000
0.581043   -0.191892   1.732354   0.116810   0.258160   0.243000   0.005000
0.625441   -0.233730   1.574533   0.135270   0.091200   0.004790   0.005000
0.760711   -0.142530   1.579323   0.063590   0.062880   -0.116940   0.005000
0.824301   -0.079650   1.462383   0.010590   0.063250   -0.230690   0.005000
0.626466   -0.240201   1.609675   -0.035150   -0.031730   0.065940   0.005000
0.620314   -0.201375   1.398844   -0.206400   0.176790   -0.024150   0.005000
0.605502   -0.217905   1.666295   0.015980   0.027260   -0.000770   0.005000
0.575051   -0.194352   1.287835   0.066030   -0.346330   0.136230   0.009780
0.641081   -0.540682   1.424065   0.024810   -0.204860   -0.019690   0.010240
0.665891   -0.745542   1.404375   0.024730   -0.118550   0.040120   0.005000
0.690618   -0.864075   1.444489   0.353760   -0.299980   0.656470   0.005000
0.902872   -1.044062   1.838368   0.191560   -0.017220   0.120890   0.005000
0.867494   -1.014062   1.772717   0.276490   -0.038810   0.283220   0.005000
0.832124   -0.984070   1.707082   0.159520   -0.055810   0.017350   0.005000
0.725990   -0.894070   1.510129   -0.001580   -0.290910   0.733990   0.005000
0.725042   -1.068614   1.950518   0.101530   0.020420   0.218750   0.005000
0.725121   -1.054072   1.913828   0.107290   -0.083130   0.060870   0.005000
0.690618   -0.864075   1.444489   0.072180   -0.063350   0.326030   0.005000
0.690618   -0.864075   1.444489   0.480790   -0.331320   0.030020   0.005000
0.678256   -0.804816   1.424435   -0.055920   -0.041120   0.084920   0.005000
0.627873   -0.471402   1.396813   0.121530   -0.089330   0.327080   0.005000
0.641081   -0.540682   1.424065   -0.089530   -0.111900   0.084320   0.005000
0.627873   -0.471402   1.396813   0.164030   -0.110560   -0.095240   0.005000
0.621270   -0.436773   1.383192   -0.169490   0.006680   0.153730   0.005000
0.571214   -0.193757   1.278424   -0.111200   -0.084270   0.197140   0.005000
0.595674   -0.197552   1.338414   -0.024860   0.089250   0.181440   0.005000
0.623390   -0.220787   1.504254   0.153320   0.233530   0.204400   0.005000
0.661719   -0.162406   1.555353   0.069150   0.047020   0.035820   0.005000
0.730869   -0.115386   1.591173   0.134950   0.097860   -0.155980   0.005000
0.864576   -0.018427   1.436630   -0.039010   0.018130   -0.207150   0.005000
0.584489   -0.157398   1.420046   -0.144120   0.181140   -0.007590   0.005000
0.567607   -0.193197   1.269577   0.071460   -0.381490   0.068950   0.005000
0.564972   -0.192789   1.263115   -0.034100   0.040750   0.062630   0.005000
0.602744   -0.198649   1.355753   -0.041950   0.085370   -0.061670   0.005000
0.560794   -0.113279   1.294083   0.052130   0.047030   -0.381570   0.005000
0.532476   -0.187747   1.183416   -0.063910   0.262050   0.086330   0.005000
0.468568   0.074295   1.269743   -0.049760   0.225730   0.363240   0.005000
0.426272   0.266163   1.578494   0.178750   0.354580   0.262580   0.005000
0.431248   0.243592   1.542173   0.251220   0.136110   0.319460   0.005000
0.431248   0.243592   1.542173   -0.097640   0.141320   0.046180   0.005000
0.436225   0.221015   1.505843   0.093020   -0.195520   0.398410   0.005000
0.441200   0.198445   1.469524   0.115710   0.212620   0.021960   0.005000
0.448665   0.164584   1.415034   0.146960   -0.111520   0.092660   0.005000
0.487742   -0.004325   1.243843   0.239850   0.089840   0.016500   0.005000
0.468568   0.074295   1.269743   0.012970   0.136880   -0.083870   0.005000
0.494132   -0.030524   1.235212   0.004250   -0.005050   0.155520   0.005000
0.544915   -0.189677   1.213924   -0.001520   0.297100   0.255590   0.005000
0.544383   -0.085698   1.303375   0.021550   0.224520   -0.150350   0.005000
0.565933   0.138822   1.153025   0.216690   0.396970   0.014420   0.005000
0.555903   -0.191382   1.240873   0.192590   0.033480   0.055190   0.005000
0.555903   -0.191382   1.240873   0.031800   -0.169800   0.035040   0.005000
0.587772   -0.361551   1.275989   0.017800   -0.168350   -0.058220   0.005000
0.605572   -0.529901   1.217769   0.253630   -0.043690   0.055700   0.005000
0.602901   -0.504640   1.226505   0.339980   -0.402210   -0.038350   0.005000
0.594901   -0.428969   1.252674   0.190110   -0.068230   0.097800   0.005000
0.587703   -0.361182   1.275913   0.125110   -0.053210   -0.033340   0.005000
0.592716   -0.408310   1.259819   -0.115340   -0.127930   -0.094060   0.005000
0.566241   -0.246582   1.252264   -0.040600   -0.169680   -0.134270   0.005000
0.454042   -0.166639   1.048974   0.043640   0.103150   0.102890   0.005000
0.441590   -0.162443   1.033107   0.134440   -0.164340   -0.169010   0.005000
0.576016   -0.326765   0.864115   0.103720   -0.014870   -0.024760   0.005000
0.377159   -0.140731   0.950998   0.075730   -0.338800   0.139070   0.005000
0.340502   -0.128379   0.904284   0.149250   -0.098780   -0.062130   0.005000
0.489752   -0.227159   0.842154   0.112250   0.032070   -0.020810   0.005000
0.382430   -0.156129   0.886830   0.280780   -0.354370   -0.020290   0.005000
0.263931   -0.102576   0.806706   0.410360   -0.422330   0.083750   0.005000
0.307112   -0.117127   0.861734   0.106780   -0.145310   -0.090940   0.005000
0.333942   -0.126168   0.895924   0.162210   -0.128100   -0.080060   0.005000
0.562583   -0.310345   0.881002   0.145270   0.026630   -0.035370   0.005000
0.251329   -0.098330   0.790646   0.339560   -0.470510   0.086220   0.005000
0.283761   -0.109258   0.831976   0.029670   -0.340950   0.235630   0.005000
0.313431   -0.450208   1.067606   0.161880   -0.180040   0.059600   0.005000
0.050293   -0.030586   0.534455   0.205050   -0.170720   0.016670   0.035850
0.255353   -0.201314   0.551126   0.129430   -0.288730   -0.035520   0.017240
0.384774   -0.490024   0.515608   0.079130   -0.280060   0.112390   0.007500
0.463904   -0.770084   0.627998   0.586450   -0.660250   0.603610   0.005000
0.455993   -0.742083   0.616761   0.019830   -0.068180   0.312290   0.005000
0.475822   -0.810261   0.929040   0.409670   -0.187880   0.227480   0.005000
0.473403   -0.801945   0.890951   0.066210   0.152580   0.287910   0.005000
0.464916   -0.772764   0.757291   0.533960   -0.337580   0.311110   0.005000
0.448079   -0.714075   0.605521   0.223580   0.065000   0.064020   0.005000
0.671642   -0.649079   0.669536   0.855140   -0.144750   0.741190   0.005000
1.141963   -0.728691   1.077185   0.163570   0.127140   0.030800   0.005000
1.099199   -0.721452   1.040120   0.127310   -0.199720   0.030910   0.005000
1.056451   -0.714216   1.003068   0.038550   -0.167910   0.152100   0.005000
1.013702   -0.706980   0.966016   0.131400   0.178590   0.104240   0.005000
1.145102   -0.528390   1.070256   0.333100   -0.023450   -0.159920   0.005000
0.463904   -0.770084   0.627998   0.457000   0.139070   0.293160   0.005000
0.428300   -0.644074   0.577430   0.252020   -0.061780   0.275670   0.005000
0.428300   -0.644074   0.577430   0.064790   0.088430   0.448880   0.005000
0.384774   -0.490024   0.515608   0.023880   -0.122520   0.169760   0.005000
0.408136   -0.609887   0.681686   0.107390   -0.080070   0.039780   0.005000
0.399104   -0.563546   0.617477   0.129470   -0.058550   0.032180   0.005000
0.384774   -0.490024   0.515608   -0.260550   -0.200350   0.040020   0.005000
0.384774   -0.490024   0.515608   0.141830   -0.020880   -0.146020   0.005000
0.380144   -0.479695   0.516879   0.196240   0.219270   0.263200   0.005000
0.358886   -0.432274   0.522713   0.121420   -0.179160   0.626170   0.005000
0.345954   -0.403425   0.526262   0.023020   0.261520   0.257470   0.005000
0.365364   -0.446724   0.520935   0.073870   -0.012880   -0.072890   0.005000
0.345944   -0.403403   0.526265   0.061870   -0.058930   -0.210850   0.005000
0.313593   -0.331235   0.535143   0.070550   0.034130   -0.032070   0.005000
0.383405   -0.297462   0.503408   0.086960   0.030020   -0.148550   0.005000
0.470365   -0.267442   0.354858   0.039340   -0.087330   -0.137330   0.005000
0.255353   -0.201314   0.551126   0.156270   -0.014970   0.004410   0.005000
0.411604   -0.216283   0.555535   0.117640   -0.007220   -0.090480   0.005000
0.529244   -0.223503   0.465055   0.099540   -0.222030   -0.141320   0.005000
0.529244   -0.223503   0.465055   0.119280   0.168530   -0.058650   0.005000
0.325663   -0.208050   0.553110   0.049280   0.175100   -0.039690   0.005000
0.218444   -0.170585   0.548125   0.034410   -0.177580   0.051410   0.005000
0.287705   -0.273484   0.542247   -0.003500   0.005490   0.244670   0.005000
0.197964   -0.153534   0.546460   0.192850   -0.086490   0.286270   0.005000
0.183574   -0.141553   0.545290   0.015590   0.057620   0.133590   0.005000
0.167829   -0.070192   0.684237   -0.038160   0.085460   0.138130   0.005000
0.189612   -0.119235   0.597032   0.067800   -0.048340   0.235360   0.005000
0.050293   -0.030586   0.534455   0.244160   0.659390   0.075980   0.034360
0.294453   0.628804   0.610435   0.116140   0.349440   0.629940   0.027530
0.409461   0.974839   1.234237   0.106930   0.501750   0.869990   0.025400
0.514719   1.468744   2.090624   0.043020   -0.064590   0.027180   0.005000
0.557739   1.404154   2.117804   0.170380   -0.125770   -0.044600   0.005000
0.728119   1.278384   2.073204   0.202220   0.125450   -0.069030   0.005000
0.557739   1.404154   2.117804   0.111550   0.205850   0.232080   0.005000
0.516391   1.476589   2.104227   -0.098640   0.275170   0.162530   0.005000
0.472004   1.600413   2.177364   -0.086400   0.041480   -0.030420   0.005000
0.385604   1.641893   2.146944   0.075220   0.257100   -0.117040   0.005000
0.516391   1.476589   2.104227   0.208130   0.223790   0.240960   0.005000
0.495005   1.376238   1.930227   0.129020   0.013190   0.042870   0.005000
0.618535   1.388867   1.971273   0.198030   -0.047790   -0.150300   0.005000
0.495005   1.376238   1.930227   -0.107060   0.220270   -0.062630   0.005000
0.389247   1.593830   1.868359   0.013670   0.110110   -0.172610   0.005000
0.414712   1.541437   1.883256   0.096210   0.116410   -0.126720   0.005000
0.470294   1.260285   1.729174   0.060990   -0.020850   0.146970   0.005000
0.529787   1.239946   1.872537   0.158650   -0.238600   0.191260   0.005000
0.688347   1.001481   2.063689   0.059330   -0.208690   0.008750   0.005000
0.632909   1.084858   1.996855   -0.040830   -0.115360   0.058820   0.005000
0.531284   1.239435   1.876144   0.106710   -0.133900   -0.022490   0.005000
0.473620   1.275892   1.756236   -0.069510   0.125170   -0.026630   0.005000
0.404102   1.401076   1.729603   0.109000   0.154580   -0.081760   0.005000
0.468272   1.250799   1.712727   0.118070   0.083000   -0.171440   0.005000
0.586341   1.333798   1.541289   -0.035430   0.282520   -0.193410   0.005000
0.468272   1.250799   1.712727   0.444520   -0.070910   0.158650   0.005000
0.579402   1.233072   1.752389   0.095240   -0.160260   0.208300   0.005000
0.462926   1.225715   1.669233   -0.109480   -0.083450   0.296070   0.005000
0.446887   1.150452   1.538734   -0.070160   -0.407870   0.655080   0.005000
0.473618   1.275881   1.756217   -0.138000   0.086290   0.468860   0.005000
0.457580   1.200630   1.625737   -0.135560   -0.083240   -0.189640   0.005000
0.458966   1.207133   1.637014   0.049220   -0.143850   0.230300   0.005000
0.457579   1.200623   1.625726   0.351930   -0.032840   0.088400   0.005000
0.436194   1.100278   1.451737   0.180430   -0.093440   0.340780   0.005000
0.616624   1.006838   1.792517   -0.022720   -0.375180   0.515130   0.005000
0.571519   1.030197   1.707327   -0.054800   -0.167400   0.107310   0.005000
0.553475   1.039541   1.673247   0.354020   -0.204660   -0.114420   0.005000
0.517392   1.058228   1.605097   0.134510   0.065580   0.039110   0.005000
0.446887   1.150452   1.538734   0.045780   0.128260   -0.038030   0.005000
0.492750   1.278945   1.500635   0.012200   0.121190   -0.118080   0.005000
0.504950   1.400135   1.382555   0.040230   0.092880   -0.118270   0.005000
0.504950   1.400135   1.382555   0.054100   0.271180   0.047700   0.005000
0.430846   1.075183   1.408224   0.011840   0.036800   -0.020310   0.005000
0.425501   1.050102   1.364736   -0.043370   0.399840   -0.081530   0.005000
0.392974   1.349973   1.303590   0.027140   0.072730   0.017550   0.005000
0.420153   1.025009   1.321227   0.228320   0.064800   0.005540   0.005000
0.648482   1.089812   1.326767   0.125030   0.185320   0.060960   0.005000
0.414807   0.999921   1.277726   0.307420   -0.054590   -0.007240   0.005000
0.414807   0.999921   1.277726   0.152650   0.257120   -0.043900   0.005000
0.567457   1.257041   1.233826   0.176220   -0.045080   0.011450   0.005000
0.521672   1.179923   1.246993   -0.009190   0.125960   0.086880   0.005000
0.544560   1.218474   1.240411   -0.045250   0.081590   -0.086890   0.005000
0.501264   1.296539   1.157275   0.163500   0.227060   -0.249730   0.005000
0.445341   1.051353   1.268945   0.284720   -0.048170   -0.058550   0.005000
0.404786   0.960771   1.208876   0.188070   0.233990   -0.068240   0.005000
0.590775   1.192173   1.141391   0.070760   0.029670   -0.033490   0.005000
0.536425   1.124552   1.161111   -0.009180   0.098180   0.027740   0.005000
0.555604   1.148414   1.154152   0.058460   -0.016430   -0.074660   0.005000
0.614064   1.131984   1.079492   0.064270   -0.094430   -0.071610   0.005000
0.498817   1.077761   1.174757   0.119420   -0.004010   -0.144510   0.005000
0.618237   1.073751   1.030247   0.013710   -0.249530   -0.235880   0.005000
0.623035   0.986422   0.947695   0.105160   -0.024240   -0.042370   0.005000
0.375751   0.873413   1.051394   -0.048320   0.095230   0.009370   0.005000
0.327751   0.968012   1.060702   -0.058960   0.044970   -0.097050   0.005000
0.268871   1.012921   0.963783   -0.003210   0.057800   -0.176080   0.005000
0.366455   0.845444   1.000974   0.097530   0.028450   -0.003060   0.005000
0.457706   0.872062   0.998111   0.026780   0.028660   -0.092130   0.005000
0.411675   0.858635   0.999555   0.070990   -0.011660   0.023740   0.005000
0.481394   0.847184   1.022870   0.103430   -0.059920   -0.029420   0.005000
0.358116   0.820354   0.955744   0.015780   0.061300   0.159350   0.005000
0.385084   0.901493   1.102015   0.007390   0.004650   0.025130   0.005000
0.393947   0.928159   1.150086   0.111450   0.162650   0.193100   0.005000
0.505397   1.090809   1.343186   0.079920   0.144300   0.284440   0.005000
0.494249   1.074540   1.323871   0.022430   -0.008060   0.221540   0.005000
0.391559   0.920975   1.137135   0.190810   0.005390   0.057090   0.005000
0.323441   0.716023   0.767666   0.052830   0.202440   -0.030630   0.005000
0.335103   0.751110   0.830917   0.077790   -0.028980   0.075490   0.005000
0.294453   0.628804   0.610435   0.028540   -0.105680   -0.238510   0.005000
0.304442   0.591815   0.526954   0.105690   -0.091660   0.117050   0.005000
0.210257   0.401422   0.584234   0.129260   -0.027120   -0.131970   0.005000
0.339646   0.374275   0.452133   0.216850   0.049000   0.005670   0.005000
0.172371   0.299104   0.572444   0.272990   -0.075790   0.683940   0.005000
0.445356   0.223315   1.256372   0.420920   0.248860   0.769180   0.005000
0.824195   0.447295   1.948653   -0.068700   0.183550   0.171730   0.005000
0.782096   0.422406   1.871723   -0.039730   0.165520   0.224100   0.005000
0.803139   0.434847   1.910177   0.042150   -0.132590   0.150570   0.005000
0.592679   0.310417   1.525587   -0.032640   0.337930   0.044180   0.005000
0.571636   0.297976   1.487133   -0.087980   -0.204580   0.146390   0.005000
0.358329   0.820993   0.956896   0.195390   0.359900   0.022080   0.005000
0.184579   0.332074   0.576243   0.115660   -0.029230   -0.081240   0.005000
0.300239   0.302844   0.495003   0.117210   -0.146260   -0.114660   0.005000
245
0.082893   -0.316405   2.580428   0.006510   -0.005740   -0.049780   0.025260
0.184538   -0.364362   2.369142   0.043480   0.030460   0.011250   0.027130
0.050771   -0.497542   2.536126   -0.063080   0.012640   -0.040590   0.038030
0.129377   -0.405255   2.414396   -0.035880   -0.008250   -0.033580   0.024920
0.151828   -0.378896   2.379627   -0.040150   0.011890   -0.034170   0.027020
0.163070   -0.365697   2.362217   -0.066420   -0.010780   -0.015970   0.034580
0.140613   -0.392063   2.396995   -0.046640   0.002960   0.010320   0.023930
0.154477   -0.373368   2.407660   -0.007640   0.031060   0.006670   0.016340
0.154477   -0.373368   2.407660   -0.042280   0.016150   -0.004380   0.022730
0.115134   -0.288009   2.214159   0.005510   -0.067970   -0.038950   0.039270
0.149530   -0.249596   2.292393   -0.062240   -0.077690   0.018530   0.050630
-0.066197   -0.349770   2.430689   0.018720   -0.026930   -0.001980   0.016430
0.129377   -0.405255   2.414396   0.058060   -0.041860   0.010460   0.036170
0.127030   -0.029892   1.979888   -0.024560   -0.070960   -0.031400   0.040700
0.091847   -0.126194   1.997581   -0.024530   -0.030230   -0.046600   0.030360
-0.013355   -0.115590   1.992848   0.024340   0.018060   -0.055250   0.031510
0.005644   -0.169590   1.990445   0.088460   0.000340   -0.033640   0.047320
0.025811   -0.215700   1.986332   -0.023690   -0.047400   0.018460   0.028060
0.025811   -0.215700   1.986332   0.034730   0.013570   -0.044950   0.029200
0.025811   -0.215700   1.986332   0.037350   0.032100   -0.019190   0.026430
0.141159   -0.180109   1.616475   -0.042260   -0.055100   -0.006500   0.034870
0.105753   -0.569059   1.922839   -0.010250   0.001300   -0.064570   0.032700
0.114511   -0.452570   1.881070   0.028610   -0.004950   -0.044260   0.026470
0.108554   -0.387220   1.878704   0.001240   0.005480   -0.017570   0.009230
-0.056219   -0.257053   1.837998   -0.008600   0.030730   0.025280   0.020360
-0.061478   -0.259248   1.842117   0.018500   -0.033250   -0.045130   0.029510
0.145303   -0.171400   1.609057   -0.026810   -0.047250   -0.052730   0.037850
0.140684   -0.198090   1.679176   0.039810   0.022170   0.031840   0.027790
0.078275   -0.294958   1.747937   -0.047890   -0.015290   -0.013320   0.026000
0.147952   -0.615593   1.700576   0.066820   -0.007020   -0.008870   0.033890
-0.186739   -0.302362   1.592155   -0.024330   -0.027230   -0.050070   0.030990
-0.142411   -0.792837   1.608708   -0.043290   0.008360   0.041160   0.030160
0.002802   -0.587652   1.491377   -0.016990   -0.054350   0.030690   0.032340
0.010404   -0.449792   1.496387   -0.068510   -0.026010   0.044180   0.042780
0.005843   -0.532512   1.493381   -0.022040   0.027670   -0.034920   0.024850
-0.015757   -0.141828   1.154218   -0.002280   -0.000680   -0.054450   0.027250
-0.020267   -0.143122   1.152082   -0.028260   0.053310   -0.007650   0.030410
-0.089529   -0.162995   1.119271   0.022210   0.006210   -0.069350   0.036540
0.014665   -0.034359   1.077222   0.002880   0.007870   -0.063050   0.031800
-0.076519   0.132284   1.191735   -0.041240   0.023170   -0.041740   0.031540
-0.126127   0.037473   1.155019   0.028440   -0.009630   -0.052600   0.030280
-0.559548   1.312950   1.983390   0.060840   -0.022030   -0.055230   0.042540
-0.411546   1.217124   1.998539   0.033470   -0.031840   -0.061650   0.038520
-0.384451   1.208709   2.019824   0.041380   0.035010   -0.043270   0.034680
-0.229954   1.081621   2.202416   -0.003320   -0.018880   0.059150   0.031090
-0.234296   1.090872   2.192890   0.049300   -0.000130   -0.035800   0.030460
-0.256021   1.137163   2.145219   0.005960   -0.000510   0.061260   0.030780
-0.491209   1.247392   1.937078   -0.012510   -0.061300   -0.047100   0.039160
-0.207278   0.828646   1.674848   -0.073380   -0.000570   -0.040310   0.041860
-0.294793   0.907095   1.730676   -0.037550   -0.069420   -0.022720   0.041070
-0.294793   0.907095   1.730676   0.059210   0.038840   0.045270   0.042020
-0.313648   1.109783   1.583248   0.043440   -0.064770   -0.058990   0.048890
-0.629609   1.317367   1.493627   0.038410   0.009200   -0.031280   0.025190
-0.517089   1.314701   1.570682   0.029490   -0.069910   -0.034400   0.041660
-0.531456   1.294576   1.531562   0.032200   -0.002900   -0.079570   0.042940
-0.533470   1.310173   1.524845   0.122100   -0.115700   -0.005310   0.044150
-0.468589   1.388711   1.600234   0.052350   -0.051870   -0.048050   0.043990
-0.480173   1.095753   1.544811   -0.051030   -0.046050   0.000540   0.034370
-0.518969   1.148600   1.541309   0.028640   0.050450   0.007800   0.029270
-0.332523   0.626925   1.706416   -0.055980   0.041560   -0.013180   0.035480
-0.357174   0.705656   1.469925   0.023620   -0.029190   -0.034140   0.025370
-0.376896   0.763961   1.413491   -0.027480   0.029270   -0.018500   0.022100
-0.376896   0.763961   1.413491   0.031540   -0.036630   -0.034790   0.029780
-0.581670   0.932835   1.182798   -0.026370   0.050630   -0.037770   0.034220
-0.543636   0.951417   1.216901   -0.008960   0.049240   0.001540   0.025040
-0.550175   0.949070   1.216766   0.051120   -0.077800   -0.040970   0.050850
-0.547992   1.018625   1.000904   0.028050   -0.040850   -0.023730   0.027470
-0.432358   0.823572   1.028870   0.002140   -0.006040   -0.056630   0.028500
-0.460915   0.827786   1.063823   -0.047490   0.028520   0.038300   0.033670
-0.454865   0.873833   1.017150   0.022120   0.013610   -0.046980   0.026840
-0.417352   0.790062   1.036684   0.042850   -0.016920   -0.057630   0.036890
-0.111324   0.644400   1.610111   -0.005410   -0.012390   -0.056200   0.028900
-0.383073   0.673103   1.061397   -0.034860   0.023910   -0.059940   0.036670
-0.383073   0.673103   1.061397   0.011070   -0.048470   -0.039690   0.031810
-0.382660   0.710985   1.047672   -0.029810   -0.028210   0.049170   0.032020
-0.321384   0.706886   0.905648   0.052230   0.067920   -0.017020   0.043670
-0.426903   0.739863   0.691323   0.004400   -0.020450   -0.029490   0.018080
-0.384968   0.667758   0.763098   0.020140   -0.039150   -0.029340   0.026460
-0.472375   0.573365   1.005919   0.004050   -0.039680   -0.025680   0.023720
-0.481476   0.763278   0.598162   -0.009550   -0.043330   -0.044920   0.031570
-0.426903   0.739863   0.691323   0.007560   0.062040   -0.014230   0.032050
-0.406957   0.704827   0.751137   -0.008810   0.028280   0.019270   0.017670
-0.270957   0.610966   0.981367   -0.002550   0.005320   0.043880   0.022140
-0.406906   0.713783   0.684075   -0.046140   -0.003230   -0.042150   0.031290
-0.391480   0.623943   0.742737   0.007700   -0.042010   -0.031860   0.026640
-0.465256   0.728278   0.631472   0.007770   -0.061030   -0.030200   0.034270
-0.417497   0.635909   0.726792   0.001640   0.049920   -0.006420   0.025180
-0.387020   0.669805   0.810926   0.002880   0.023000   0.012150   0.013090
-0.326848   0.587146   0.405315   0.003200   0.054790   -0.043090   0.034890
-0.127770   0.758972   0.632724   -0.006430   0.037960   -0.028690   0.024010
-0.194331   0.618745   0.687323   -0.045850   0.006290   -0.027030   0.026800
-0.194331   0.618745   0.687323   -0.026310   -0.014520   -0.001770   0.015050
-0.180295   0.723533   0.462912   -0.049990   0.008230   -0.019670   0.027170
-0.338296   0.747991   0.184425   0.035740   -0.004260   -0.020470   0.020710
-0.283347   0.492777   0.368863   -0.018100   -0.031020   -0.022990   0.021320
-0.170802   0.507305   0.477733   -0.012340   0.042610   -0.054400   0.035100
-0.201758   0.626010   0.455933   -0.052830   -0.013200   0.010850   0.027760
-0.196362   0.619024   0.461303   0.067020   -0.032930   -0.058830   0.047530
-0.197185   0.334804   0.506596   -0.020250   -0.040860   -0.042800   0.031270
-0.253448   0.383364   0.503750   0.040790   0.053430   0.013550   0.034290
-0.261389   0.342692   0.639489   0.006080   0.029660   -0.050630   0.029500
-0.256955   0.336633   0.633090   0.011300   -0.031700   -0.061800   0.035190
-0.143843   0.085495   0.277311   0.039010   -0.028520   -0.037120   0.030460
-0.265217   -1.109096   1.359215   -0.043690   -0.039170   0.027650   0.032430
-0.274290   -1.073331   1.307177   0.029100   0.037200   -0.008480   0.023990
-0.328013   -0.960241   0.898106   -0.014830   0.032050   -0.007520   0.018050
-0.340542   -0.876486   0.820447   0.069120   0.036860   -0.034530   0.042800
-0.531064   -0.857792   0.685093   -0.060580   -0.028830   0.018800   0.034840
-0.416038   -0.961686   0.709439   -0.007790   0.003830   -0.057900   0.029270
-0.370337   -0.922506   0.710905   0.010300   -0.017880   0.052830   0.028360
-0.508534   -0.957686   0.537890   0.036860   -0.021700   0.034230   0.027390
-0.416020   -0.918083   0.507028   -0.007110   0.078460   -0.039380   0.044040
-0.449869   -1.001933   0.506106   -0.006680   0.052110   -0.026600   0.029440
-0.333054   -0.831025   0.556482   -0.054060   0.003100   0.028430   0.030580
-0.481503   -0.945744   0.529426   -0.035369   -0.050303   -0.071530   0.030950
-0.192630   -0.682253   0.593319   0.022700   -0.001350   -0.074350   0.038880
-0.311533   -0.700690   0.503490   -0.005390   0.043670   -0.053140   0.034500
-0.261389   -0.605595   0.424076   -0.021540   -0.020430   -0.050040   0.029090
-0.136134   -0.497930   0.426344   -0.013250   -0.032670   -0.023780   0.021260
-0.136134   -0.497930   0.426344   0.025130   0.042170   -0.026310   0.027850
0.545954   -0.223245   2.308594   -0.003970   0.006530   -0.047910   0.024260
0.590482   -0.256257   2.296844   -0.002540   0.044430   -0.018360   0.024070
0.650813   -0.236235   2.270495   -0.001420   0.023970   -0.024000   0.016970
0.669728   -0.307905   2.089029   -0.009580   0.021510   -0.055920   0.030340
0.477359   0.046396   2.243077   0.054920   0.009630   -0.041370   0.034710
0.530462   -0.146018   2.192024   0.006300   0.048450   -0.042200   0.032280
0.551712   -0.177795   2.145842   0.047880   0.029080   0.048710   0.037120
0.639798   -0.324332   2.066515   0.036230   -0.044950   -0.012510   0.029540
0.787775   -0.230935   2.038385   -0.000240   -0.005560   -0.049810   0.025060
0.768772   -0.239371   2.024337   -0.022090   0.006180   0.043040   0.024390
0.753819   -0.313851   1.934165   -0.012100   0.041030   -0.014890   0.022650
0.670522   -0.046626   1.854658   0.058850   -0.035240   -0.004160   0.034360
0.647696   -0.191877   1.868810   -0.058450   -0.032290   -0.018180   0.034600
0.658782   -0.651283   1.698440   -0.026500   0.081080   -0.009720   0.042930
0.596148   -0.455422   1.887265   -0.044360   -0.014760   -0.053700   0.035600
0.824301   -0.079650   1.462383   -0.024260   -0.011850   -0.034060   0.021730
0.779785   -0.123668   1.544246   -0.044670   -0.016850   -0.043110   0.032160
0.592729   -0.166065   1.756664   -0.071580   -0.021250   -0.014930   0.038070
0.630751   -0.230150   1.574721   -0.060890   -0.006420   -0.036290   0.035590
0.588194   -0.170699   1.393006   -0.016170   -0.035550   -0.039100   0.027630
0.602006   -0.214187   1.675737   0.062400   0.013750   -0.026660   0.034620
0.609983   -0.192526   1.397635   -0.016430   -0.060380   -0.055510   0.041820
0.690682   -0.864382   1.444593   0.027850   0.033610   -0.052500   0.034140
0.673312   -0.781113   1.416413   -0.072980   -0.010710   0.008650   0.037130
0.709896   -0.526688   1.349188   0.055630   -0.002070   0.027970   0.031150
0.625511   -0.459014   1.391941   -0.009480   -0.041860   -0.061180   0.037370
0.627873   -0.471402   1.396813   -0.009740   -0.059160   0.006350   0.030150
0.583814   -0.240312   1.305913   -0.041100   -0.020270   0.065180   0.039840
0.832084   -0.041989   1.474185   -0.048180   -0.022060   -0.039580   0.033070
0.757849   -0.095821   1.559989   -0.044710   -0.015960   -0.040170   0.031090
0.612967   -0.200235   1.380826   -0.016390   -0.041440   -0.041310   0.030380
0.620927   -0.205246   1.419864   0.052990   0.007320   -0.014390   0.027700
0.609081   -0.199632   1.371295   0.046350   -0.032180   0.010460   0.028690
0.584250   -0.092118   1.122393   0.042300   -0.011690   -0.025050   0.025270
0.573825   -0.101523   1.198702   -0.011600   -0.057460   -0.040390   0.035590
0.569182   -0.130350   1.306415   0.016570   0.035090   -0.043350   0.029090
0.426272   0.266163   1.578494   0.047170   0.012260   0.046370   0.033640
0.431248   0.243592   1.542173   0.021710   -0.047780   0.037250   0.032180
0.470959   0.099526   1.254283   0.060420   0.040690   0.005870   0.036540
0.487742   -0.004325   1.243843   -0.020270   0.011640   -0.036510   0.021680
0.564740   0.126394   1.161347   -0.008790   -0.020160   -0.047060   0.025970
0.584782   -0.186361   1.249149   0.025690   0.010840   0.054710   0.030710
0.607395   -0.509955   1.225998   -0.038960   -0.060830   -0.002580   0.036140
0.618975   -0.374482   1.267579   0.002740   0.028540   -0.035910   0.022980
0.532593   -0.474996   1.210788   0.006890   -0.010030   -0.055510   0.028410
0.589990   -0.382529   1.268734   0.020100   0.020680   -0.045830   0.027080
0.579753   -0.318730   1.267153   -0.024760   0.010500   -0.058690   0.032280
0.558118   -0.280529   1.225401   -0.034700   -0.003700   -0.068080   0.038250
0.493314   -0.073813   1.141566   -0.045280   0.005470   -0.038460   0.029830
0.471492   -0.125392   1.090117   -0.045230   0.005660   -0.067210   0.040610
0.612749   -0.461569   0.877896   -0.037600   -0.065320   -0.029340   0.040430
0.576016   -0.326765   0.864115   0.009040   0.045010   -0.058050   0.037000
0.542408   -0.285683   0.906365   -0.031820   0.018810   -0.059350   0.034960
0.414041   -0.262640   0.770667   -0.021090   -0.001140   -0.046600   0.025580
0.472847   -0.800033   0.882191   0.043270   0.003070   -0.042050   0.030210
0.463924   -0.769354   0.741671   0.029910   0.032380   -0.027790   0.026060
0.463924   -0.769354   0.741671   -0.018590   -0.070700   -0.012070   0.037050
0.532465   -0.749221   0.671979   0.019960   0.006330   -0.051590   0.027840
0.646714   -0.714453   0.745269   0.022300   -0.081250   0.013420   0.042650
0.578166   -0.735313   0.701296   0.002780   -0.060990   -0.025740   0.033130
0.481601   -0.704329   0.615120   -0.017910   0.015160   -0.046950   0.026240
0.451096   -0.641917   0.697599   0.025330   0.058020   0.002460   0.031680
0.406267   -0.600296   0.668397   0.035170   0.031340   -0.034940   0.029330
0.382193   -0.484266   0.516317   0.051150   -0.020000   -0.022720   0.029710
0.407635   -0.462163   0.316026   -0.007730   0.018630   -0.075360   0.039010
0.544180   -0.256818   0.443851   -0.021020   0.039830   -0.048420   0.033060
0.439925   -0.277951   0.406858   0.004480   -0.063800   -0.003750   0.032030
0.529244   -0.223503   0.465055   -0.015220   0.043960   -0.024830   0.026370
0.354011   -0.311896   0.616374   0.026270   -0.041640   0.041210   0.032100
0.702558   1.297253   2.079895   -0.027970   -0.014780   -0.026950   0.020780
0.634407   1.347560   2.097735   0.017130   0.043740   0.057870   0.037270
0.424482   1.623228   2.160632   -0.015430   -0.035660   -0.012430   0.020400
0.737354   1.360193   1.881092   0.003510   0.062010   -0.017680   0.032290
0.677938   1.374531   1.926188   -0.044520   0.066320   -0.029550   0.042580
0.548985   1.381757   1.948163   -0.040120   -0.092700   0.009550   0.050730
0.387945   1.596508   1.867597   0.044370   0.046510   -0.001450   0.032150
0.417837   1.545218   1.879140   0.029620   0.060750   0.005050   0.033890
0.920224   1.397559   2.007627   -0.035600   0.030420   0.018400   0.025160
0.626789   1.067566   2.005672   -0.055090   0.004100   -0.003740   0.027680
0.577381   1.168368   1.929914   -0.018890   -0.020130   -0.056230   0.031320
0.563283   1.199283   1.869400   0.032230   0.029380   -0.050110   0.033220
0.557957   1.205965   1.870523   0.016660   -0.065860   -0.041040   0.039680
0.435384   1.344745   1.741587   0.037660   0.036470   -0.019960   0.028050
0.449291   1.319702   1.746915   0.016080   0.015230   -0.050760   0.027690
0.586341   1.333798   1.541289   0.039520   0.031520   0.010980   0.025870
0.527297   1.292292   1.627021   0.003900   -0.054770   -0.018530   0.028970
0.485984   1.263250   1.687009   0.050200   0.019610   -0.019730   0.028700
0.485984   1.263250   1.687009   0.009700   -0.064170   0.026500   0.035050
0.355910   1.138200   1.483507   0.027720   0.027430   -0.027120   0.023750
0.461304   1.224478   1.673620   -0.007440   0.001150   0.013460   0.007710
0.580542   1.025524   1.724369   0.071930   -0.002440   0.015780   0.036840
0.544454   1.044213   1.656208   -0.026470   -0.044900   -0.019230   0.027780
0.499348   1.067573   1.571016   0.039490   -0.027070   -0.044850   0.032800
0.499460   1.345595   1.435696   -0.027200   0.048440   0.013620   0.028600
0.495190   1.303186   1.477016   0.049780   0.006500   0.029250   0.029050
0.490373   1.272286   1.502609   -0.031680   -0.045140   -0.030540   0.031520
0.442684   1.111976   1.387918   0.031120   -0.019180   -0.040970   0.027460
0.437954   1.097277   1.396031   -0.059500   0.017380   0.013170   0.031690
0.409320   1.393775   1.314160   0.011570   -0.002470   -0.068470   0.034740
0.382131   1.449942   1.283206   -0.024550   0.021850   -0.076050   0.041420
0.388637   1.389963   1.295436   -0.010320   -0.007480   -0.069070   0.035120
0.524501   1.054624   1.323759   0.014890   -0.014350   -0.044940   0.024740
0.479082   1.041734   1.322657   0.015710   -0.016350   -0.048080   0.026580
0.629617   1.241139   1.237865   0.011130   0.050270   -0.028890   0.029520
0.559829   1.244194   1.236020   0.020180   -0.038220   -0.032630   0.027070
0.518916   1.217703   1.273051   -0.002650   0.020830   -0.049610   0.026930
0.509327   1.282002   1.172756   0.024530   0.010590   -0.042570   0.025130
0.488061   1.044125   1.260160   0.008870   0.014890   -0.057450   0.030000
0.593281   1.193223   1.140205   -0.006970   0.006950   -0.066720   0.033720
0.532752   1.163834   1.172210   -0.019750   0.013170   -0.070310   0.037100
0.587763   1.139376   1.113082   -0.023560   0.003240   -0.061970   0.033190
0.594338   1.074554   1.059167   -0.012310   -0.004330   -0.059540   0.030480
0.277631   1.006240   0.978202   0.000610   -0.050650   -0.035160   0.030830
0.433436   0.864982   0.998873   0.025220   -0.020200   0.053300   0.031160
0.461063   0.850523   1.016071   0.007500   0.033980   -0.064650   0.036710
0.494668   1.074389   1.328011   -0.007990   -0.056890   0.010070   0.029160
0.414005   0.996160   1.271205   0.002670   0.019860   -0.043350   0.023880
0.411823   0.985923   1.253455   0.030540   -0.049100   -0.022900   0.031090
0.409436   0.921480   1.142484   0.027650   0.006600   -0.056680   0.031710
0.386263   0.902235   1.106025   0.017420   -0.028150   0.057560   0.033200
0.368343   0.888083   0.741633   0.025280   -0.033700   -0.040960   0.029380
0.362325   0.740968   0.857334   0.048800   0.019680   -0.050070   0.036320
0.307297   0.581243   0.503094   -0.014920   0.038030   -0.051430   0.032840
0.248179   0.316001   0.531571   -0.014890   0.049670   -0.048310   0.035440
0.248179   0.316001   0.531571   -0.013120   -0.031250   -0.049540   0.030010
