422
-0.00000   -0.00000   0.00000   0.01981   -0.01835   0.33927   0.06052
0.01981   -0.01835   0.33927   0.24038   -0.08016   0.23790   0.05849
0.26019   -0.09851   0.57717   -0.09109   -0.00104   0.15179   0.02917
0.16910   -0.09955   0.72895   -0.23655   -0.10538   0.08909   0.02869
-0.06745   -0.20493   0.81804   -0.29141   -0.30932   -0.00841   0.02149
-0.35886   -0.51425   0.80963   0.03320   -0.24787   0.00777   0.02396
-0.32566   -0.76211   0.81740   0.02398   -0.40699   0.36333   0.00962
-0.30407   -1.12841   1.14441   -0.14763   -0.04131   0.16151   0.00774
-0.45170   -1.16972   1.30591   -0.07028   -0.16762   0.22445   0.00500
-0.52198   -1.33735   1.53037   -0.02864   0.01666   0.20556   0.00500
-0.55062   -1.32069   1.73593   0.00755   -0.06065   0.08551   0.00500
-0.52198   -1.33735   1.53037   -0.00382   -0.03555   0.08155   0.00500
-0.46927   -1.21163   1.36203   -0.07716   -0.15475   0.02257   0.00500
-0.40003   -1.15526   1.24939   -0.02311   -0.06401   0.03385   0.00500
-0.30887   -1.04701   1.07174   -0.06800   -0.06698   0.00523   0.00500
-0.37688   -1.11400   1.07697   -0.00806   -0.14544   -0.02215   0.00562
-0.38493   -1.25943   1.05482   0.03912   -0.36456   0.40684   0.00500
-0.34581   -1.62399   1.46166   0.04709   -0.05804   0.06493   0.00500
-0.35168   -1.56931   1.40064   0.05701   -0.04035   0.03189   0.00500
-0.36733   -1.42348   1.23790   -0.00782   -0.06829   0.01377   0.00500
-0.38050   -1.17944   1.06700   -0.12239   -0.05072   0.06436   0.00500
-0.30887   -1.04701   1.07174   0.04224   -0.07933   0.00176   0.00566
-0.26663   -1.12633   1.07350   0.00548   -0.01556   0.08668   0.00500
-0.26115   -1.14189   1.16018   -0.03179   -0.12910   0.24532   0.00500
-0.31127   -1.00631   1.03540   0.14364   -0.01598   0.11947   0.00727
-0.31966   -0.86386   0.90824   -0.06308   -0.11879   0.00761   0.00910
-0.38274   -0.98265   0.91585   -0.25978   -0.06377   0.02753   0.00830
-0.64252   -1.04642   0.94338   -0.11444   -0.12896   0.11070   0.00800
-0.75697   -1.17539   1.05409   0.02894   -0.07884   0.11468   0.00500
-0.72803   -1.25423   1.16877   -0.12874   -0.14070   0.26292   0.00500
-0.82458   -1.35975   1.36595   0.02420   0.01181   0.09460   0.00500
-0.79883   -1.33161   1.31336   0.02355   -0.04156   0.05421   0.00500
-0.77308   -1.30347   1.26078   -0.04608   -0.04659   0.00584   0.00500
-0.76021   -1.28940   1.23449   0.04657   -0.05410   0.14124   0.00500
-0.75697   -1.17539   1.05409   -0.06765   -0.07903   0.00332   0.00828
-0.82462   -1.25442   1.05741   -0.06710   -0.02742   0.05672   0.00500
-0.89171   -1.28184   1.11412   -0.09644   -0.06742   0.02195   0.00500
-0.98816   -1.34927   1.13607   -0.12036   -0.16890   0.16346   0.00500
-1.05436   -1.44215   1.22597   -0.05046   0.00103   0.04661   0.00500
-1.03028   -1.40837   1.19328   0.01143   -0.04974   0.08323   0.00500
-0.97368   -1.33914   1.13278   0.01126   -0.05181   0.03606   0.00500
-0.59056   -1.03367   0.93787   -0.07515   -0.05642   0.31783   0.00500
-0.53861   -1.02092   0.93237   -0.04629   0.02654   -0.02384   0.00500
-0.48665   -1.00816   0.92686   0.07744   -0.07062   0.04838   0.00500
-0.34174   -0.90544   0.91090   0.06154   -0.14317   -0.02128   0.00544
-0.28020   -1.04861   0.88962   0.13035   -0.09703   0.07213   0.00500
-0.14984   -1.14565   0.96176   0.15562   -0.29782   0.13152   0.00500
0.00578   -1.44347   1.09328   0.01419   -0.06557   0.00488   0.00500
-0.01757   -1.39879   1.07355   0.03954   -0.01141   0.08317   0.00500
-0.22805   -1.08743   0.91848   0.00752   -0.07487   0.00900   0.00500
-0.28943   -1.02713   0.89282   0.07516   -0.04558   0.02448   0.00500
-0.32020   -0.95556   0.90345   0.06344   -0.03146   -0.00649   0.00500
-0.32206   -0.82316   0.87190   0.06335   -0.03010   0.01012   0.00500
-0.25871   -0.85326   0.88202   0.14915   -0.02699   -0.01923   0.00500
-0.22142   -0.86001   0.87722   0.06385   0.03398   -0.01065   0.00500
-0.29355   -0.83671   0.87646   -0.01834   -0.06134   -0.00190   0.00500
-0.33230   -0.71253   0.81585   0.06951   0.06097   0.23184   0.00500
-0.34724   -0.60099   0.81235   0.05552   -0.00088   0.01520   0.00500
-0.29171   -0.60187   0.82755   -0.02003   -0.06551   -0.04502   0.00500
-0.03885   -0.19219   0.80727   -0.09296   -0.01363   0.03956   0.02272
-0.06415   -0.19589   0.81805   -0.29310   -0.01013   0.05849   0.02097
-0.35725   -0.20602   0.87654   -0.12395   0.13750   0.03230   0.00500
-0.48120   -0.06852   0.90884   -0.16914   0.15418   0.20781   0.00821
-0.65034   0.08566   1.11665   0.02888   -0.19905   0.35808   0.00500
-0.62146   -0.11339   1.47473   0.03829   -0.00905   0.19713   0.00500
-0.58317   -0.12244   1.67186   -0.06401   -0.03063   0.09802   0.00615
-0.64718   -0.15307   1.76989   0.04748   -0.03988   0.34913   0.00500
-0.59657   -0.11927   1.60288   0.08276   0.00284   0.18715   0.00500
-0.51381   -0.11643   1.79003   0.00021   -0.03382   0.05726   0.00500
-0.60614   -0.11701   1.55359   0.00623   -0.08878   0.13930   0.00500
-0.61188   -0.11565   1.52403   0.06320   0.02550   0.01352   0.00500
-0.62579   -0.08353   1.42103   -0.04237   -0.02833   0.05875   0.00855
-0.66815   -0.11186   1.47977   0.02895   -0.14961   0.15025   0.00500
-0.63920   -0.26147   1.63003   -0.00008   -0.15107   0.31925   0.00500
-0.65657   -0.17170   1.53987   -0.05028   -0.06423   0.01477   0.00500
-0.62435   -0.09349   1.43894   0.00762   -0.02248   0.04050   0.00500
-0.62868   -0.06363   1.38522   -0.12134   -0.03824   0.17935   0.00500
-0.75002   -0.10187   1.56457   -0.00507   -0.13433   0.23654   0.00500
-0.63157   -0.04372   1.34940   0.11242   -0.23744   0.06105   0.00500
-0.51914   -0.28118   1.41046   0.00627   -0.04192   -0.02296   0.00500
-0.53038   -0.25742   1.40435   -0.03899   -0.06997   -0.01806   0.00500
-0.53600   -0.24556   1.40130   0.04009   -0.07953   0.06728   0.00500
-0.54725   -0.22181   1.39519   0.09796   -0.02517   0.09903   0.00500
-0.63590   -0.01387   1.29570   -0.02463   -0.04566   -0.01769   0.00500
-0.64312   0.03589   1.20619   -0.04383   0.03809   0.07077   0.00500
-0.64456   0.04585   1.18827   -0.02100   -0.18884   -0.01694   0.00500
-0.65611   -0.05802   1.17896   0.01866   -0.05924   0.02813   0.00500
-0.64745   0.06575   1.15247   -0.06412   0.06011   0.12013   0.00500
-0.71156   0.12586   1.27259   -0.12618   0.04946   -0.03565   0.00500
-0.83774   0.17532   1.23694   -0.10718   0.10331   0.10349   0.00500
-0.94492   0.27863   1.34043   -0.04865   0.10878   0.06943   0.00500
-0.87525   0.21147   1.27316   -0.09375   0.01514   0.08343   0.00500
-0.85382   0.19082   1.25247   0.02792   0.05945   0.08513   0.00500
-0.84310   0.18048   1.24212   -0.13980   0.06051   0.03984   0.00500
-0.73680   0.13575   1.26546   -0.03396   0.05581   0.19268   0.00500
-0.66348   0.08078   1.18251   -0.02158   0.09543   0.06750   0.01071
-0.68506   0.17620   1.25000   0.01634   0.08135   0.02906   0.00500
-0.66872   0.25755   1.27906   -0.01804   0.06158   0.05138   0.00500
-0.62496   0.06253   1.08548   0.03318   0.05363   0.04577   0.00500
-0.59113   0.03169   1.04391   -0.09156   0.15335   0.02263   0.00743
-0.56577   0.00858   1.01275   0.10040   0.09327   0.14124   0.00701
-0.46537   0.10185   1.15399   0.12821   0.02451   0.06878   0.00500
-0.33715   0.12636   1.22278   0.10367   0.00502   0.02521   0.00500
-0.39485   0.11533   1.19182   0.07374   -0.05409   0.06243   0.00500
-0.54885   -0.00684   0.99197   -0.15923   -0.02005   0.02690   0.00641
-0.70807   -0.02689   1.01887   -0.11019   -0.01732   0.07116   0.00581
-0.81826   -0.04421   1.09002   0.00414   -0.16887   0.20201   0.00500
-0.81412   -0.21308   1.29203   -0.16575   -0.10037   0.19645   0.00500
-0.97987   -0.31345   1.48848   -0.00330   -0.02254   0.07014   0.00500
-0.84727   -0.23316   1.33133   -0.01639   -0.04043   0.03820   0.00500
-0.83070   -0.22312   1.31168   -0.00903   0.02110   0.07365   0.00500
-0.81826   -0.04421   1.09002   -0.06417   0.02917   0.11105   0.00500
-0.70807   -0.02689   1.01887   -0.05113   -0.10954   0.00933   0.00500
-0.75934   -0.13673   1.02822   -0.05618   -0.06661   0.09695   0.00500
-0.73875   -0.09262   1.02446   -0.02112   -0.05648   -0.00363   0.00500
-0.62050   -0.01587   1.00407   -0.01305   0.03129   -0.01687   0.00500
-0.59661   -0.01286   1.00004   -0.00564   0.02985   0.04099   0.00500
-0.42542   -0.13039   0.89431   0.17726   0.03085   0.37618   0.00500
-0.35725   -0.20602   0.87654   -0.08806   -0.01577   0.00449   0.01101
-0.44531   -0.22179   0.88103   -0.08198   0.01641   0.09216   0.00500
-0.10433   -0.19435   0.83637   -0.06584   -0.01732   0.04551   0.00911
-0.17016   -0.21167   0.88188   -0.10116   -0.09893   0.03407   0.00722
-0.27132   -0.31060   0.91595   0.06142   0.06302   0.15931   0.00500
-0.20990   -0.24758   1.07526   -0.01055   0.02379   0.05819   0.00500
-0.27132   -0.31060   0.91595   0.01603   -0.01267   0.06752   0.00500
0.06266   -0.14697   0.76904   0.05224   -0.09936   0.06749   0.00500
0.12179   -0.12063   0.74677   -0.06774   0.03367   0.09163   0.00500
0.18276   -0.09939   0.70619   0.04701   -0.05000   0.16088   0.01844
0.22977   -0.14939   0.86706   0.01018   -0.10592   0.05023   0.00990
0.23995   -0.25531   0.91729   0.06820   -0.09088   -0.01722   0.00500
0.23792   -0.23413   0.90725   -0.03574   0.00936   -0.01105   0.00500
0.22507   -0.14439   0.85097   -0.06219   0.01067   0.01376   0.00500
0.22831   -0.09887   0.63029   0.20096   -0.04497   0.17325   0.01889
0.42927   -0.14384   0.80354   0.16689   -0.06240   0.09271   0.00902
0.59616   -0.20624   0.89625   0.06316   -0.08155   -0.01648   0.00500
0.65933   -0.28780   0.87977   0.01284   -0.07148   -0.00142   0.00500
0.67217   -0.35928   0.87835   0.14309   0.02908   0.16708   0.00500
0.76517   -0.34038   0.98695   0.05368   -0.04649   0.09555   0.00500
0.73656   -0.34620   0.95354   0.09021   0.04374   0.02690   0.00500
0.65933   -0.28780   0.87977   0.05016   -0.00531   0.06117   0.00500
0.26019   -0.09851   0.57717   0.04951   -0.08632   0.15320   0.04271
0.30970   -0.18483   0.73037   0.24653   0.07831   0.32573   0.02458
0.54376   -0.11048   1.03962   0.08579   -0.02504   0.10864   0.01810
0.62955   -0.13552   1.14826   0.23890   -0.18773   0.11339   0.01145
0.86845   -0.32325   1.26165   0.00292   -0.09101   0.03656   0.01140
0.87137   -0.41426   1.29821   0.04426   -0.09129   0.03006   0.00719
0.91563   -0.50555   1.32827   0.05143   -0.15515   0.12186   0.00795
0.96706   -0.66070   1.45013   -0.06058   -0.03242   0.11064   0.01093
0.90648   -0.69312   1.56077   -0.04413   -0.09632   0.11431   0.00500
0.86235   -0.78944   1.67508   -0.00651   -0.17139   0.22782   0.00500
0.85584   -0.96084   1.90291   0.01085   -0.03925   0.04104   0.00500
0.85812   -0.90085   1.82317   -0.04383   -0.03995   0.07783   0.00500
0.86235   -0.78944   1.67508   0.02104   -0.03800   0.07506   0.00500
0.90648   -0.69312   1.56077   -0.02942   -0.00407   0.02100   0.00500
0.90648   -0.69312   1.56077   -0.06408   0.05644   0.39145   0.01012
0.84240   -0.63668   1.95222   -0.02667   -0.19296   0.27743   0.00500
0.81973   -0.80070   2.18804   0.02864   -0.01553   0.08576   0.00500
0.82640   -0.75246   2.11868   -0.00769   0.00284   0.04669   0.00500
0.83306   -0.70422   2.04932   0.00169   0.01976   0.06138   0.00500
0.83573   -0.68493   2.02159   0.06703   -0.08200   0.06164   0.00500
0.85201   -0.64515   1.89350   0.02457   -0.06439   0.05479   0.00500
0.86483   -0.65644   1.81521   -0.02405   0.01860   0.04601   0.00500
0.84077   -0.63783   1.86123   0.00010   -0.00193   0.12241   0.00500
0.87764   -0.66772   1.73692   0.00828   0.11236   0.10981   0.02050
0.90327   -0.69030   1.58034   0.00385   0.08492   0.00418   0.00500
0.93979   -0.67529   1.49993   0.04306   -0.06027   0.10234   0.00938
0.98286   -0.73558   1.60229   0.22644   0.02854   0.20054   0.00500
1.20930   -0.70704   1.80283   0.01363   -0.04018   0.05601   0.00500
0.94391   -0.59088   1.39529   0.11094   -0.17426   -0.02086   0.00500
1.02157   -0.71286   1.38069   -0.03589   -0.12212   0.05439   0.00500
0.99824   -0.79225   1.41605   -0.06233   -0.10754   0.07059   0.00500
1.00493   -0.68673   1.38382   0.08475   -0.01072   -0.01102   0.00500
1.08968   -0.69745   1.37280   0.14057   -0.06634   0.05119   0.00500
1.13185   -0.71735   1.38815   0.07469   -0.11581   0.12330   0.00500
0.96056   -0.61702   1.39216   0.15025   -0.18513   -0.20153   0.00500
0.88244   -0.43709   1.30573   0.04718   -0.01818   0.03799   0.00500
0.92962   -0.45527   1.34372   0.06686   -0.07085   0.07232   0.00500
0.89128   -0.45534   1.31174   -0.07454   0.05161   0.10111   0.00500
0.87122   -0.40972   1.29639   -0.08588   -0.12446   0.17551   0.00500
0.78964   -0.52795   1.46311   -0.02781   0.00447   0.04288   0.00500
0.81969   -0.48440   1.40170   -0.01420   -0.06731   -0.02221   0.00500
0.87108   -0.40516   1.29456   -0.07437   0.01595   0.03874   0.00500
0.85650   -0.31387   1.25598   -0.01427   -0.03360   -0.01588   0.00500
0.84238   -0.34712   1.24026   -0.09482   -0.08528   -0.01088   0.00500
0.84223   -0.34747   1.24010   -0.02373   -0.04750   0.02964   0.00500
0.83261   -0.29509   1.24464   0.06094   0.02957   0.16592   0.00688
0.89355   -0.26552   1.41056   0.01829   -0.02132   0.07049   0.00500
0.91184   -0.28684   1.48104   -0.04541   0.05510   0.18395   0.00710
0.86643   -0.23174   1.66499   -0.08230   0.06344   0.14564   0.00500
0.79647   -0.17781   1.78879   0.02068   0.05011   0.06020   0.00500
0.83762   -0.20953   1.71597   -0.02747   0.07315   0.03701   0.00500
0.87551   -0.24276   1.62820   0.12767   0.03259   0.28767   0.00500
0.95211   -0.22320   1.80081   -0.01474   -0.03619   0.08429   0.00500
0.92020   -0.23135   1.72890   0.06744   0.01776   0.04292   0.00500
0.89466   -0.23787   1.67136   0.04761   -0.02881   0.04382   0.00500
0.88336   -0.25228   1.59640   -0.08138   -0.05968   0.04909   0.00500
0.90544   -0.27937   1.45637   0.00850   -0.04530   0.02747   0.00500
0.79678   -0.26693   1.22763   0.07612   -0.00449   -0.00357   0.00500
0.87290   -0.27142   1.22406   0.08280   -0.00504   0.04694   0.00500
0.74899   -0.22938   1.20495   0.11384   -0.00896   0.06224   0.00500
0.73706   -0.22000   1.19929   -0.03394   -0.04105   0.08162   0.00500
0.70312   -0.26105   1.28091   -0.05071   0.01250   0.04279   0.00500
0.62955   -0.13552   1.14826   0.01534   0.05823   0.06406   0.00500
0.64489   -0.07729   1.21232   0.07280   -0.02723   0.14856   0.00870
0.71769   -0.10452   1.36088   -0.04867   -0.14972   0.28520   0.00500
0.67632   -0.23178   1.60330   0.02184   0.01579   0.07939   0.00500
0.68119   -0.21681   1.57478   -0.00445   -0.08614   0.06055   0.00500
0.68605   -0.20184   1.54626   0.04626   -0.04602   0.04840   0.00500
0.70313   -0.09908   1.33117   -0.02572   0.03044   0.04811   0.00500
0.63492   -0.11514   1.17068   -0.15509   -0.02682   0.12385   0.00500
0.59952   -0.12676   1.11024   0.08445   0.26775   0.19209   0.01294
0.68397   0.14099   1.30233   0.12408   0.06061   0.14005   0.01566
0.80638   0.20078   1.44049   0.10321   0.06771   0.19495   0.01270
0.90536   0.26572   1.62745   0.13978   0.02493   0.14265   0.01078
1.04514   0.29065   1.77010   0.08368   -0.05813   0.03376   0.01176
1.12394   0.23591   1.80189   0.08700   -0.00944   0.24278   0.00500
1.21094   0.22647   2.04468   -0.05847   -0.02254   0.09340   0.00709
1.15247   0.20393   2.13808   0.03965   -0.03929   0.19830   0.00500
1.16124   0.20731   2.12407   -0.05500   -0.02553   0.00398   0.00500
1.19789   0.22789   2.00825   0.05858   0.04642   0.02911   0.00500
1.21547   0.24182   2.01699   -0.00645   0.02351   0.07520   0.00500
1.15874   0.23213   1.89901   0.01125   -0.02136   0.05556   0.00500
1.12882   0.23252   1.80386   0.07775   0.01550   0.02367   0.00500
1.12882   0.23252   1.80386   0.06421   -0.09813   0.02810   0.00500
1.19303   0.13439   1.83196   0.01827   -0.11692   0.01404   0.00500
1.21130   0.01748   1.84600   0.05046   -0.05565   0.08870   0.00500
1.21130   0.01748   1.84600   -0.00837   -0.09508   0.02994   0.00500
1.19851   0.09933   1.83617   0.03027   -0.02936   -0.05465   0.00500
1.19577   0.11686   1.83407   0.07974   -0.10515   0.11446   0.00500
1.00321   0.28317   1.72731   0.02376   0.00883   0.05566   0.00500
1.02697   0.29200   1.78297   0.01101   0.13757   0.06537   0.00500
1.01152   0.28626   1.74678   0.04839   0.02981   0.04803   0.00500
0.98922   0.28068   1.71303   0.02126   0.13472   -0.03418   0.00500
1.01048   0.41540   1.67885   0.06910   0.23903   0.09444   0.00500
0.94031   0.27195   1.66312   -0.03174   0.04847   0.16724   0.00972
0.90857   0.32042   1.83036   -0.05376   0.10392   0.05673   0.00741
0.85481   0.42434   1.88709   -0.08820   -0.03380   0.09981   0.00556
0.76661   0.39054   1.98690   0.01591   -0.06288   0.29154   0.00500
0.76900   0.38111   2.03063   -0.06424   0.00664   0.05903   0.00500
0.81954   0.41082   1.92701   0.00534   -0.04094   0.01174   0.00500
0.85481   0.42434   1.88709   -0.05739   0.11537   0.03209   0.00500
0.84250   0.22448   1.50872   -0.13277   0.09826   0.11175   0.01249
0.70972   0.32275   1.62048   -0.00426   0.02144   0.09826   0.00575
0.70546   0.34419   1.71874   -0.07814   0.03145   0.06224   0.00500
0.62733   0.37564   1.78097   -0.11091   0.27877   0.19852   0.00500
0.51642   0.65441   1.97949   -0.00208   0.05763   0.13573   0.00500
0.51486   0.69763   2.08130   0.01205   0.06008   0.05478   0.00500
0.51569   0.67458   2.02701   0.04034   -0.00205   0.07419   0.00500
0.56078   0.54291   1.90009   0.02170   0.07320   0.05532   0.00500
0.58248   0.61611   1.95541   0.02936   -0.00103   0.06222   0.00500
0.57742   0.50109   1.87031   -0.11457   -0.01391   0.20781   0.00500
0.48003   0.48927   2.04695   0.03741   -0.02884   0.07451   0.00500
0.62733   0.37564   1.78097   -0.12274   -0.10810   0.11125   0.00500
0.51440   0.27618   1.88333   -0.11879   0.06168   0.10507   0.00500
0.39561   0.33786   1.98840   -0.07917   0.03229   0.11423   0.00500
0.78406   0.26773   1.55791   -0.11308   -0.19846   0.10334   0.00500
0.67101   0.06931   1.66123   0.00822   -0.03865   0.19855   0.00500
0.67224   0.06351   1.69100   -0.03454   -0.05033   0.10567   0.00500
0.83218   0.21771   1.48923   0.04273   -0.14621   0.09210   0.00500
0.87491   0.07150   1.58133   0.06274   -0.05308   0.03865   0.00500
0.93765   0.01842   1.61998   0.05175   -0.08644   0.13312   0.00500
0.85141   0.15192   1.53068   0.09756   -0.02024   0.00295   0.00500
0.81670   0.20756   1.45998   0.22493   0.01364   0.09807   0.00500
1.04163   0.22120   1.55805   0.12241   0.00750   0.20437   0.00500
1.10896   0.22532   1.67047   0.00275   0.01665   0.07888   0.00500
0.73360   0.16523   1.35834   0.12182   0.18272   0.11102   0.00685
0.85542   0.34795   1.46936   -0.05773   0.05521   0.05978   0.00500
0.77624   0.22919   1.39720   -0.00931   0.10533   0.06788   0.00500
0.75188   0.19265   1.37500   0.12138   0.02347   0.07947   0.00500
0.87326   0.21612   1.45447   0.16399   0.04837   0.24243   0.00500
0.88966   0.22096   1.47872   0.02941   0.03761   0.08919   0.00500
0.77015   0.22005   1.39165   0.13005   0.08561   0.07592   0.00500
0.75188   0.19265   1.37500   0.06488   0.30413   0.02540   0.00500
0.65864   0.06067   1.24470   -0.12311   0.02977   0.11456   0.00500
0.51925   -0.11827   1.00724   0.02815   0.13679   -0.01340   0.00500
0.45762   -0.13784   0.92581   0.06406   -0.08775   0.08963   0.00500
0.26019   -0.09851   0.57717   0.06986   0.17093   0.08868   0.02918
0.33005   0.07242   0.66585   -0.12084   0.31107   0.06557   0.03374
0.20921   0.38349   0.73142   -0.15388   0.11752   0.07173   0.01730
0.05533   0.50101   0.80315   -0.61930   0.34377   0.57725   0.02276
-0.56397   0.84478   1.38040   0.00790   -0.03285   0.39773   0.00500
-0.55607   0.81193   1.77813   -0.05186   -0.07221   0.08854   0.00500
-0.60793   0.73972   1.86667   0.03915   -0.07277   0.07655   0.00500
-0.56878   0.66695   1.94322   0.05833   -0.04714   0.15045   0.00500
-0.51045   0.61981   2.09367   0.07235   -0.01497   0.07341   0.00500
-0.52503   0.63160   2.05606   0.02950   0.03157   0.06785   0.00500
-0.56003   0.65988   1.96579   0.02739   0.02366   0.08939   0.00500
-0.58053   0.68878   1.92026   0.05998   -0.00068   0.08027   0.00500
-0.55726   0.81686   1.71847   0.06595   -0.04657   0.05526   0.00500
-0.55765   0.81850   1.69859   0.04867   0.02605   0.07457   0.00500
-0.55805   0.82014   1.67870   -0.17271   0.16528   0.19545   0.00500
-0.56397   0.84478   1.38040   -0.09557   -0.06643   0.07193   0.01019
-0.64998   0.78500   1.44514   -0.04763   -0.15722   0.01810   0.00500
-0.68570   0.66709   1.45871   0.09330   -0.06308   0.12977   0.00500
-0.62973   0.62924   1.53657   -0.01839   -0.02238   0.04380   0.00500
-0.64372   0.63870   1.51710   0.07727   -0.05693   -0.00773   0.00500
-0.67618   0.69853   1.45509   -0.03785   -0.08610   -0.03266   0.00500
-0.71403   0.61243   1.42243   -0.00198   -0.09810   0.10210   0.00500
-0.71403   0.61243   1.42243   0.02690   -0.08372   -0.03140   0.00500
-0.65954   0.77835   1.45233   -0.19024   0.03790   0.20504   0.00798
-0.84978   0.81625   1.65737   -0.03328   0.04587   0.02700   0.00500
-0.84978   0.81625   1.65737   0.05713   -0.00617   0.14241   0.00500
-0.83264   0.81440   1.70009   -0.00687   0.11048   0.16175   0.00500
-0.83835   0.81502   1.68585   -0.07814   -0.17195   0.19189   0.00500
-0.91635   0.64339   1.87738   0.03330   -0.04031   0.07409   0.00500
-0.80222   0.80678   1.60611   -0.29192   0.15156   0.25904   0.00500
-0.96278   0.89014   1.74858   -0.06993   0.06024   0.05292   0.00500
-0.93359   0.87498   1.72268   -0.07505   -0.01543   0.10827   0.00500
-0.88980   0.85225   1.68382   -0.13556   0.05650   -0.03206   0.00500
-0.84601   0.82952   1.64497   -0.01011   0.07927   0.10822   0.00500
-0.50205   0.81041   1.32268   -0.01670   0.09014   0.03794   0.00990
-0.51874   0.90054   1.36062   0.12297   0.27482   0.10990   0.00699
-0.39577   1.17536   1.47052   -0.04943   0.12645   0.06376   0.01159
-0.43986   1.28815   1.52739   -0.10089   0.07524   0.18897   0.00500
-0.54076   1.36340   1.71638   -0.00276   -0.08008   0.27088   0.00500
-0.54352   1.28332   1.98726   -0.07352   -0.08453   0.22822   0.00500
-0.60601   1.21147   2.18124   0.03157   -0.02911   0.07022   0.00500
-0.59131   1.22837   2.13559   -0.00830   0.02246   0.07757   0.00500
-0.57660   1.24528   2.08995   0.05461   0.02018   0.08497   0.00500
-0.54173   1.33537   1.81119   0.00722   0.03274   0.07491   0.00500
-0.53451   1.36811   1.88609   0.06625   0.00928   0.07024   0.00500
-0.53776   1.35337   1.85238   0.03561   0.04590   0.03541   0.00500
-0.52058   1.34835   1.67858   0.15531   0.01616   0.06312   0.00500
-0.50545   1.33706   1.65023   -0.25459   -0.15758   0.08058   0.00500
-0.59455   1.28191   1.67843   -0.02442   -0.02071   0.05336   0.00500
-0.44520   1.30181   1.53428   0.01339   0.08701   0.03083   0.00500
-0.43583   1.36271   1.55586   0.01964   0.02013   0.05558   0.00500
-0.43850   1.34531   1.54969   0.00734   0.07731   -0.01660   0.00500
-0.39824   1.18168   1.47371   0.12146   -0.03092   0.24774   0.00577
-0.27978   1.15153   1.71533   0.01228   -0.05027   0.23912   0.00500
-0.26748   1.10117   1.95485   0.03514   -0.02744   0.07858   0.00500
-0.29500   1.15540   1.68429   0.14802   0.03111   0.12133   0.00500
-0.34966   1.16932   1.57280   -0.15082   -0.00068   0.19744   0.00500
-0.36788   1.17395   1.53564   0.11170   -0.01310   0.06914   0.00500
-0.28893   1.15386   1.69667   0.08726   -0.12211   0.05525   0.00500
-0.20484   1.03618   1.74991   0.10758   -0.16667   0.13851   0.00500
-0.20604   1.03785   1.74915   0.07188   -0.02076   0.07207   0.00500
-0.22785   1.06838   1.73534   0.02264   -0.18462   -0.03875   0.00500
-0.31323   1.16004   1.64712   0.13727   0.03822   0.12308   0.00500
-0.40807   1.14788   1.45953   0.06190   0.16200   -0.02730   0.00500
-0.34617   1.30987   1.43223   0.08794   0.20852   0.10436   0.00500
-0.44496   1.06544   1.42656   -0.02082   -0.04665   0.08929   0.00500
-0.51791   0.89604   1.35872   0.01336   0.00294   0.04758   0.00500
-0.51374   0.87350   1.34924   0.04535   0.04712   0.24775   0.00500
-0.44011   0.77603   1.26495   0.01455   -0.05487   0.07276   0.00500
-0.42478   0.76752   1.25066   -0.05730   -0.08263   0.00601   0.00500
-0.37818   0.74165   1.20723   -0.12423   0.14935   -0.00864   0.01016
-0.50241   0.89100   1.19859   -0.10207   0.00170   -0.00496   0.00575
-0.60449   0.89270   1.19363   -0.21855   -0.05619   -0.03238   0.00500
-0.82304   0.83651   1.16125   -0.14827   -0.16456   0.16942   0.00500
-0.86010   0.79537   1.20360   -0.00038   -0.04513   0.07846   0.00500
-0.91941   0.72955   1.27137   -0.06645   -0.01449   0.02100   0.00500
-0.84528   0.81183   1.18666   -0.08471   -0.00768   0.02256   0.00500
-0.81211   0.83932   1.16287   0.00436   0.01135   0.09433   0.00500
-0.77933   0.84775   1.16773   -0.10626   0.10286   0.04070   0.00500
-0.88559   0.95061   1.20843   0.11073   0.22078   0.14644   0.00500
-0.63727   0.88427   1.18877   -0.02976   -0.21320   0.07388   0.00500
-0.59428   0.89253   1.19413   -0.16017   0.14751   -0.02530   0.00500
-0.54324   0.89168   1.19661   0.04859   -0.11555   0.02643   0.00500
-0.16142   0.62133   1.00519   0.07162   0.21425   0.00470   0.00500
-0.12919   0.71774   1.00730   -0.07397   0.09255   -0.01950   0.00500
-0.20257   0.80954   0.98796   -0.07151   0.12699   0.00767   0.00500
-0.25978   0.91114   0.99409   -0.06872   0.01599   0.05173   0.00500
-0.22044   0.84129   0.98988   -0.05022   0.00815   0.06767   0.00500
-0.18467   0.78715   0.99268   0.01671   0.09234   0.08219   0.00500
-0.14352   0.67489   1.00636   0.21461   0.08982   -0.01387   0.00500
-0.02549   0.72429   0.99873   0.07600   0.05387   0.06612   0.00500
-0.08987   0.69734   1.00289   0.11660   -0.02898   0.05850   0.00500
-0.14352   0.67489   1.00636   -0.01208   0.01778   0.02657   0.00500
-0.28529   0.69008   1.12064   -0.01585   0.04654   -0.01979   0.00500
-0.30114   0.73663   1.10085   0.06204   0.17736   -0.03597   0.00500
-0.23910   0.91399   1.06488   0.07372   0.15033   -0.02056   0.00500
-0.19486   1.00418   1.05254   0.07108   0.06360   0.10173   0.00500
-0.28563   0.78097   1.09186   0.01178   0.04168   0.07634   0.00500
-0.28529   0.69008   1.12064   -0.02879   -0.05455   -0.00295   0.00500
-0.31407   0.63554   1.11769   0.15817   -0.15932   0.17864   0.00500
-0.24587   0.66821   1.08390   0.03703   -0.04573   0.06570   0.00500
-0.22335   0.65571   1.06291   -0.00223   0.04525   0.05742   0.00500
-0.22558   0.70095   1.12033   0.14210   -0.02581   0.11561   0.00500
-0.03757   0.55258   0.88974   0.02298   -0.09126   0.09549   0.00500
0.00159   0.53084   0.85324   -0.10839   -0.02813   0.03354   0.00500
-0.10680   0.50271   0.88678   -0.18938   -0.02077   0.20124   0.00500
-0.00660   0.53539   0.86088   -0.02288   -0.07844   -0.01994   0.00500
-0.02948   0.45695   0.84094   0.00346   -0.04864   0.04366   0.00500
0.02437   0.51820   0.83201   0.03505   0.06770   0.18848   0.00843
0.03138   0.53174   0.86971   0.19245   -0.03900   0.03127   0.00500
0.04189   0.55205   0.92625   0.19565   -0.07431   0.23488   0.00500
0.04014   0.54866   0.91683   0.08411   0.13520   0.14481   0.00500
0.07127   0.48884   0.79572   -0.03004   -0.03132   0.08124   0.00500
0.20921   0.38349   0.73142   -0.00171   0.09102   0.05035   0.00984
0.20750   0.47451   0.78177   0.04744   0.15528   0.02102   0.01219
0.25385   0.62622   0.80231   0.00996   0.18920   0.16410   0.01550
0.26381   0.81542   0.96641   0.07632   0.29572   0.31555   0.01053
0.34013   1.11114   1.28196   0.01070   0.10780   0.08184   0.00626
0.35083   1.21894   1.36380   0.10747   0.28004   0.01901   0.00500
0.35083   1.21894   1.36380   -0.00088   0.06269   0.15854   0.00500
0.35083   1.21894   1.36380   0.04880   0.03685   -0.02082   0.00500
0.34548   1.16504   1.32288   -0.12895   -0.02046   0.24060   0.00500
0.34441   1.15426   1.31469   0.06725   0.03923   0.04766   0.00500
0.35243   1.15894   1.32038   0.09266   -0.04457   0.11446   0.00500
0.34173   1.12731   1.29423   0.24144   0.01959   0.07285   0.00500
0.33631   1.09635   1.26618   -0.14922   0.16566   0.12993   0.00500
0.18709   1.26201   1.39611   -0.17161   -0.02839   0.15104   0.00500
0.07555   1.24356   1.49428   -0.01555   0.00931   0.07509   0.00500
0.32868   1.06678   1.23462   -0.17434   0.02533   0.04720   0.00500
0.29052   0.91892   1.07685   -0.03442   0.14756   0.01586   0.00500
0.25625   1.06585   1.09264   0.05894   0.17127   0.03550   0.00500
0.27144   0.84499   0.99796   0.14351   0.08600   0.13046   0.00648
0.38625   0.91379   1.10233   0.14109   -0.08354   0.05661   0.00500
0.49207   0.85114   1.14479   0.14666   0.02379   0.05976   0.00500
0.45679   0.87203   1.13064   0.00852   -0.05518   0.09641   0.00500
0.40036   0.90544   1.10799   0.03406   0.04078   0.09411   0.00500
0.37190   0.90519   1.08929   0.01437   0.08266   0.05404   0.00500
0.35037   0.89229   1.06971   -0.02062   0.04021   0.04873   0.00500
0.33602   0.88369   1.05667   0.04209   -0.05451   -0.02735   0.00500
0.25833   0.71136   0.87615   -0.04486   -0.01977   0.06110   0.00500
0.24071   0.58321   0.79648   -0.04455   0.03622   0.05095   0.00500
0.24308   0.59097   0.79754   0.08062   -0.09753   0.14855   0.00500
0.26359   0.24351   0.70191   -0.03756   0.11278   0.10408   0.01528
0.22603   0.35629   0.80599   0.19407   0.30153   0.20155   0.00957
0.42010   0.65783   1.00755   -0.00099   0.04935   0.06408   0.00500
0.41995   0.66523   1.01716   -0.00542   -0.02407   0.02947   0.00500
90
-0.42314   -1.21926   1.28323   -0.01937   -0.00826   -0.03813   0.02178
-0.34581   -1.62399   1.46166   0.01801   -0.02530   -0.03981   0.02525
-0.29294   -1.27099   1.40550   0.02602   -0.00216   -0.04932   0.02790
-0.82458   -1.35975   1.36595   -0.05460   0.00063   0.01720   0.02863
-0.71364   -1.34350   1.37573   0.02998   0.01974   0.02920   0.02314
-0.68257   -1.09156   0.98212   -0.02708   0.01731   -0.03600   0.02413
-0.58490   -0.99438   0.90853   -0.03685   -0.01244   -0.01831   0.02149
-0.58490   -0.99438   0.90853   -0.01520   0.03076   -0.01885   0.01957
-0.40922   -1.07877   0.97524   0.00034   -0.00874   -0.05125   0.02600
-0.30547   -0.87658   0.87522   0.00361   -0.02423   -0.03858   0.02285
-0.31392   -0.60152   0.82147   0.02050   -0.00029   -0.05906   0.03126
-0.55105   -0.11771   1.70582   0.01662   -0.04104   -0.04388   0.03117
-0.54868   -0.09015   1.53755   -0.01218   0.04417   -0.03191   0.02792
-0.63925   -0.35211   1.82157   0.01829   -0.02601   -0.05620   0.03229
-0.62146   -0.11339   1.47473   -0.00202   -0.01567   -0.03011   0.01700
-0.61673   -0.11597   1.47944   0.03774   -0.02481   -0.04514   0.03193
-0.75179   -0.14888   1.64736   0.03294   0.04248   -0.00799   0.02717
-0.75357   -0.19589   1.73014   0.04176   -0.01152   -0.03503   0.02786
-0.75357   -0.19589   1.73014   -0.03697   0.00664   -0.02757   0.02330
-0.60908   -0.09122   1.36162   0.03026   0.03611   -0.02553   0.02679
-0.66053   -0.05953   1.27801   0.01980   -0.01139   -0.04738   0.02630
-0.66989   0.08679   1.19452   -0.02388   0.00358   -0.01258   0.01361
-0.79358   0.15801   1.24942   0.00582   -0.00389   -0.01472   0.00815
-0.67503   0.27910   1.29704   -0.01261   0.03828   -0.04729   0.03107
-0.48043   0.08785   1.13280   -0.00138   0.05423   -0.01186   0.02776
-0.86318   -0.02379   1.16776   0.01116   -0.03652   -0.02437   0.02265
-0.62572   -0.00335   0.99732   0.00705   0.00635   -0.03632   0.01877
-0.62833   0.00291   0.99395   -0.03794   0.00731   -0.01326   0.02042
-0.63355   0.01542   0.98720   0.00180   0.01784   -0.04138   0.02255
-0.31907   -0.11188   1.12001   -0.04963   -0.02086   -0.01610   0.02810
-0.22525   -0.26333   1.03544   0.04285   -0.02808   -0.01866   0.02726
0.87705   -0.69719   1.58178   -0.03319   0.01796   -0.03981   0.02743
0.88592   -0.55536   1.84673   0.03245   0.00636   -0.00931   0.01717
0.88013   -0.63401   1.76987   -0.04194   -0.00754   -0.00364   0.02138
1.19797   -0.70846   1.79280   0.02810   0.00038   -0.03562   0.02269
0.80549   -0.55171   1.37949   -0.01220   -0.01033   -0.04512   0.02393
1.00318   -0.21017   1.91587   -0.05061   0.00384   -0.01728   0.02681
0.80198   -0.31196   1.64549   0.00030   -0.02703   -0.02645   0.01891
1.10626   0.18179   2.12805   -0.00558   -0.01360   -0.04666   0.02446
0.67872   0.03304   1.84756   -0.03101   0.01032   -0.02950   0.02201
0.98681   -0.06369   1.74644   -0.00247   -0.04161   -0.03603   0.02755
0.95835   -0.01615   1.67322   0.00149   -0.01303   -0.05011   0.02590
1.15792   0.22832   1.75221   0.02613   -0.01721   -0.03684   0.02417
1.09672   0.22457   1.65003   0.01154   -0.01620   -0.05780   0.03056
0.76485   0.25346   1.38008   0.01750   0.00563   -0.04772   0.02557
-0.60793   0.73972   1.86667   -0.02279   0.03317   -0.02384   0.02339
-0.60015   0.75055   1.85339   -0.00335   -0.02490   -0.04298   0.02489
-0.73076   0.98542   1.87415   -0.05075   -0.00206   -0.01537   0.02653
-0.60986   0.86973   1.73734   -0.00570   -0.00835   -0.04862   0.02483
-0.64266   0.61351   1.56736   -0.01600   0.05301   -0.01018   0.02815
-0.71024   0.62104   1.42570   0.03434   -0.01043   0.02307   0.02133
-0.83951   0.92488   1.86184   0.00411   0.02334   -0.03856   0.02263
-0.36527   1.36451   1.74170   0.02677   -0.02454   -0.00881   0.01869
-0.43516   1.35724   1.71329   0.01733   -0.03795   -0.03227   0.02637
-0.76003   1.17948   1.73081   -0.00840   0.04484   -0.02903   0.02704
-0.50048   1.16864   1.77024   -0.01938   -0.03368   -0.02305   0.02259
-0.27856   1.14650   1.73924   -0.01181   -0.03049   -0.03303   0.02324
-0.36874   1.16923   1.59777   -0.03263   0.01485   -0.03591   0.02537
-0.25619   1.16085   1.60478   0.02441   -0.03005   -0.01829   0.02141
-0.46839   0.92062   1.59699   0.00745   -0.03852   -0.03037   0.02481
-0.49786   0.88999   1.43595   -0.04088   -0.01340   -0.03769   0.02860
-0.42556   0.72116   1.33771   0.03366   0.02234   -0.01338   0.02128
-0.86048   0.75024   1.28206   0.00961   -0.04545   -0.02078   0.02544
-0.80884   0.84783   1.23362   0.01007   0.02247   -0.04289   0.02473
-0.88559   0.95061   1.20843   -0.02954   -0.03161   0.02057   0.02395
-0.84130   1.03893   1.26701   -0.01533   0.01204   -0.05543   0.02938
-0.66703   0.67107   1.26265   0.01865   -0.01408   -0.04143   0.02378
-0.65811   0.73503   1.24049   -0.01298   -0.00396   -0.04048   0.02135
-0.18467   0.78715   0.99268   0.00620   -0.00175   -0.03752   0.01903
0.07108   0.76471   0.99249   -0.01255   -0.00765   -0.05414   0.02805
-0.04695   0.71531   1.00012   -0.01533   -0.01935   -0.04462   0.02550
-0.14859   0.68235   1.01751   -0.00584   -0.04333   0.00662   0.02211
-0.16538   1.06432   1.04432   0.00430   0.01817   -0.04550   0.02459
-0.19523   1.00344   1.05264   0.01910   -0.02097   -0.05659   0.03165
-0.27012   0.82531   1.08286   -0.00653   0.00694   -0.06188   0.03131
-0.15589   0.47622   1.29634   -0.00780   0.05621   0.01267   0.02907
-0.20427   0.69708   1.13767   0.02258   0.01256   -0.02620   0.01840
-0.01459   0.46131   0.98524   0.01722   -0.03524   -0.04308   0.02913
-0.29618   0.48194   1.08802   -0.01166   -0.00766   -0.05691   0.02930
-0.02740   0.42776   0.86714   0.01275   -0.00381   -0.04756   0.02469
0.45830   1.49898   1.38281   0.00036   0.00426   -0.04799   0.02409
0.42606   1.41497   1.37710   0.01700   0.00161   -0.03144   0.01789
0.01548   1.23362   1.54715   -0.02584   0.03487   -0.04022   0.02958
0.01548   1.23362   1.54715   -0.00587   -0.01866   -0.03249   0.01896
0.18709   1.26201   1.39611   -0.01796   -0.01042   -0.04729   0.02582
0.15434   1.09211   1.28182   -0.00149   -0.00082   -0.04701   0.02352
0.51406   0.85471   1.15375   0.01799   -0.03621   -0.03338   0.02621
0.46233   0.83616   1.19331   -0.02991   0.02479   -0.03193   0.02514
0.41453   0.64116   1.04663   -0.00274   -0.00922   -0.02271   0.01233
0.41453   0.64116   1.04663   -0.05003   -0.00839   -0.00150   0.02538
