599
-0.00000   -0.00000   0.00000   -0.01948   0.01707   0.37021   0.08513
-0.01948   0.01707   0.37021   0.02284   -0.14839   0.21257   0.04161
0.00336   -0.13132   0.58278   -0.04299   -0.16712   0.13377   0.03500
-0.03964   -0.29844   0.71655   -0.09897   -0.19954   0.05410   0.02370
-0.13861   -0.49798   0.77065   -0.07301   -0.20955   0.31749   0.02000
-0.21162   -0.70754   1.08815   -0.07604   -0.12268   0.31086   0.01763
-0.28766   -0.83020   1.39896   -0.01209   -0.00611   0.01984   0.00500
-0.29977   -0.83632   1.41885   -0.06325   -0.14335   0.21498   0.00690
-0.36302   -0.97968   1.63384   0.07675   -0.16618   0.08045   0.00500
-0.36301   -0.97966   1.63382   0.19139   -0.08004   0.06386   0.00500
-0.36301   -0.97966   1.63382   -0.11788   -0.09658   0.24567   0.00500
-0.43374   -1.03761   1.78122   0.03673   0.03286   0.10737   0.00500
-0.41606   -1.02312   1.74436   -0.05705   -0.07285   0.02042   0.00500
-0.36301   -0.97966   1.63382   0.00135   0.02805   0.07970   0.00500
-0.36301   -0.97966   1.63382   -0.01637   0.02767   0.02134   0.00500
-0.37938   -0.95199   1.65515   -0.11785   0.17212   0.35282   0.00500
-0.49723   -0.77987   2.00798   -0.07223   0.07429   0.10015   0.00500
-0.48544   -0.79708   1.97269   -0.06928   0.00015   0.02305   0.00500
-0.42652   -0.88314   1.79628   -0.00248   -0.04432   0.08087   0.00500
-0.31874   -0.87932   1.48333   0.03602   -0.00275   0.04473   0.00500
-0.30925   -0.85782   1.45108   -0.07851   -0.00968   0.08788   0.00500
-0.28766   -0.83021   1.39900   0.02969   -0.09121   -0.00225   0.01299
-0.25797   -0.92142   1.39675   -0.04255   -0.31067   0.00964   0.00500
-0.28776   -1.13889   1.40350   0.01365   -0.07835   0.00634   0.00500
-0.27925   -1.07675   1.40157   -0.03896   -0.07855   0.04504   0.00500
-0.27074   -1.01462   1.39964   -0.04783   -0.07340   -0.05024   0.00500
-0.26648   -0.98355   1.39868   0.05238   -0.12759   0.01932   0.00500
-0.27282   -0.87581   1.39787   0.14445   0.01310   0.08716   0.00500
-0.21504   -0.87057   1.43274   0.04061   -0.04610   0.08645   0.00500
-0.17443   -0.91668   1.51919   0.06377   -0.07534   0.21662   0.00500
-0.15849   -0.93551   1.57334   0.01047   -0.06194   0.07921   0.00500
-0.19067   -0.89824   1.48461   0.00108   -0.03081   0.17850   0.00500
-0.20059   -0.86927   1.44145   0.01391   0.05171   0.07839   0.00500
-0.25837   -0.87450   1.40659   -0.12579   0.09558   -0.01138   0.00500
-0.28006   -0.81794   1.36791   0.11394   0.08163   0.07583   0.00852
-0.16612   -0.73631   1.44374   0.08313   0.02801   0.14242   0.00681
-0.08298   -0.70829   1.58616   0.10401   -0.11067   0.11881   0.00594
0.02102   -0.81896   1.70497   0.25684   -0.05024   0.29051   0.00500
0.02102   -0.81896   1.70497   0.00669   -0.03300   0.02817   0.00500
0.02772   -0.85197   1.73314   0.09411   -0.00807   0.07946   0.00500
0.01582   -0.81343   1.69903   -0.00039   0.01658   0.15580   0.00500
0.01062   -0.80790   1.69309   -0.07794   -0.03212   0.06353   0.00500
-0.00498   -0.79130   1.67526   0.01708   0.01536   0.07179   0.00500
-0.03098   -0.76363   1.64556   0.07986   0.01963   0.03782   0.00500
-0.07258   -0.71936   1.59804   0.05970   -0.20087   0.07924   0.00500
-0.08298   -0.70829   1.58616   -0.01202   0.00884   0.10644   0.00500
-0.12455   -0.72230   1.51495   0.11188   0.03820   0.01006   0.00500
-0.02386   -0.68792   1.52400   0.08712   -0.06532   0.03741   0.00500
-0.03505   -0.69174   1.52299   0.03489   0.07197   0.09585   0.00500
-0.12455   -0.72230   1.51495   -0.11906   0.24255   0.28505   0.00500
-0.24362   -0.47975   1.79999   -0.03356   -0.00505   0.08368   0.00500
-0.23766   -0.49188   1.78574   -0.05400   0.08113   0.01957   0.00500
-0.23171   -0.50401   1.77149   0.02585   0.02544   0.08409   0.00500
-0.19004   -0.58890   1.67172   -0.08196   0.02586   0.04114   0.00500
-0.24204   -0.75660   1.21248   -0.07414   -0.02826   0.16139   0.00500
-0.22303   -0.72593   1.13477   -0.11476   -0.00796   0.07208   0.01511
-0.33779   -0.73390   1.20684   -0.31045   -0.04769   0.39305   0.01386
-0.64824   -0.78158   1.59989   -0.01870   0.05664   0.04634   0.00500
-0.66694   -0.72494   1.64622   -0.07033   0.00099   0.05419   0.00500
-0.73727   -0.72395   1.70041   0.01420   0.08420   0.25395   0.00500
-0.72307   -0.63976   1.95436   0.11370   0.01568   0.12026   0.00500
-0.64348   -0.62879   2.03854   0.00257   -0.03797   0.05104   0.00500
-0.66622   -0.63192   2.01449   -0.02523   0.02233   0.10312   0.00500
-0.72733   -0.66502   1.87817   -0.05667   -0.03897   0.10599   0.00500
-0.73017   -0.68186   1.82738   0.01009   0.04833   0.02794   0.00500
-0.61719   -0.77681   1.56058   -0.08979   -0.05103   0.05378   0.00500
-0.58615   -0.77204   1.52128   -0.24066   -0.04625   0.07292   0.00600
-0.82681   -0.81830   1.59420   -0.06056   -0.08957   0.08705   0.00500
-0.82681   -0.81830   1.59420   -0.10432   0.08369   0.11180   0.00500
-0.82199   -0.81737   1.59274   -0.14915   0.17930   0.03573   0.00500
-0.95623   -0.65600   1.62490   -0.04234   -0.01089   0.04666   0.00500
-0.93386   -0.68290   1.61954   -0.07886   0.00551   -0.00310   0.00500
-0.80274   -0.81367   1.58691   -0.10018   -0.09606   0.02527   0.00500
-0.90292   -0.90973   1.61218   -0.19591   -0.14568   0.11220   0.00500
-1.09883   -1.05541   1.72437   0.01731   -0.02263   0.07913   0.00500
-1.09883   -1.05541   1.72437   -0.08148   -0.03849   -0.00318   0.00500
-1.05964   -1.02627   1.70193   -0.11190   -0.00491   0.02061   0.00500
-0.77867   -0.80905   1.57961   -0.02364   0.04909   0.08870   0.00500
-0.73054   -0.79980   1.56503   -0.04656   0.03852   -0.02536   0.00500
-0.55511   -0.76728   1.48198   0.00944   0.18538   0.18505   0.00500
-0.54567   -0.58190   1.66703   -0.02521   0.08612   0.17193   0.00500
-0.57088   -0.49579   1.83896   0.00756   0.00214   0.08286   0.00500
-0.57088   -0.49579   1.83896   -0.04120   0.05658   0.07028   0.00500
-0.57088   -0.49579   1.83896   -0.03168   0.09671   0.04287   0.00500
-0.47749   -0.75535   1.38371   0.11839   -0.11158   0.14433   0.00500
-0.49302   -0.75774   1.40337   -0.11161   0.12982   0.25654   0.00500
-0.46197   -0.75297   1.36406   -0.21482   0.01340   -0.05190   0.00500
-0.47749   -0.75535   1.38371   0.07669   -0.10276   0.13054   0.00500
-0.39988   -0.74343   1.28545   0.03437   0.04385   0.07174   0.00500
-0.39988   -0.74343   1.28545   -0.11783   -0.17761   -0.17215   0.00500
-0.51770   -0.92104   1.11330   -0.13448   -0.23841   0.10116   0.00500
-0.65218   -1.15946   1.21446   -0.21951   -0.11058   -0.09342   0.00500
-0.70706   -1.18710   1.19110   -0.04195   -0.00172   0.04810   0.00500
-0.68511   -1.17604   1.20045   -0.00746   -0.05726   0.01771   0.00500
-0.64546   -1.14754   1.20940   0.00704   -0.04117   0.04953   0.00500
-0.45879   -0.83224   1.19937   -0.01049   -0.05533   -0.02494   0.00500
-0.45879   -0.83224   1.19937   -0.20989   0.01030   -0.02449   0.00500
-0.21922   -0.71980   1.11922   0.04063   0.19117   0.20254   0.00500
-0.17860   -0.52863   1.32176   0.14164   0.04471   0.23890   0.00500
-0.03696   -0.48391   1.56066   0.15268   0.12489   0.16464   0.00500
0.11573   -0.35902   1.72530   0.03984   -0.00682   0.02595   0.00500
0.09283   -0.37776   1.70060   -0.02672   0.04083   0.11933   0.00500
0.08519   -0.38400   1.69237   0.06088   0.09987   0.01697   0.00500
0.04702   -0.41522   1.65121   0.08315   0.05125   -0.00817   0.00500
0.02412   -0.43396   1.62651   -0.00410   0.04279   0.07419   0.00500
0.02412   -0.43396   1.62651   -0.02078   -0.02084   0.06397   0.00500
-0.03696   -0.48391   1.56066   0.06530   -0.01493   0.01562   0.00500
-0.18672   -0.56686   1.28125   0.03352   0.03835   -0.00204   0.00500
-0.19282   -0.59553   1.25087   0.00099   -0.00633   0.09223   0.00500
-0.21162   -0.70753   1.08814   -0.01272   -0.06581   0.02339   0.01277
-0.22434   -0.77333   1.11153   0.11858   -0.13074   0.03967   0.00611
-0.12948   -0.87793   1.14326   0.02624   0.00669   0.02889   0.00500
-0.10324   -0.87123   1.17216   0.00541   0.09852   0.14713   0.00500
-0.10054   -0.82197   1.24572   0.03939   -0.03385   0.12348   0.00500
-0.10162   -0.84168   1.21630   -0.03938   0.01088   0.05997   0.00500
-0.16505   -0.83870   1.13136   -0.08756   -0.08171   0.08411   0.00500
-0.21249   -0.78641   1.11549   0.00452   -0.06819   0.03811   0.00620
-0.21023   -0.82050   1.13455   -0.06974   -0.07381   0.09602   0.00500
-0.21113   -0.80686   1.12693   -0.03052   -0.02257   0.00118   0.00556
-0.24165   -0.82943   1.12811   -0.05752   -0.00364   0.11374   0.00500
-0.22180   -0.76017   1.10685   -0.26713   0.00637   -0.02303   0.00500
-0.21417   -0.72069   1.09281   0.21824   -0.05408   0.19574   0.00500
0.00408   -0.77477   1.28855   0.14105   0.03628   0.03752   0.00500
0.07460   -0.75662   1.30731   0.05098   -0.04290   0.01253   0.00500
0.06050   -0.76025   1.30356   0.04282   -0.00402   0.07368   0.00500
0.00408   -0.77477   1.28855   0.04467   -0.04948   0.04809   0.00500
-0.12687   -0.74232   1.17111   0.04706   -0.05767   0.03253   0.00500
-0.17511   -0.60275   0.92939   0.05546   -0.01295   0.07631   0.00554
-0.11966   -0.61570   1.00570   0.01608   0.08233   0.09855   0.00500
-0.10385   -0.53472   1.10264   0.13042   -0.01704   0.25010   0.00500
-0.10358   -0.53337   1.10426   -0.01503   0.03775   0.00618   0.00500
-0.17623   -0.60595   0.93423   -0.01358   -0.08175   0.03741   0.00500
-0.16781   -0.58180   0.89764   0.12342   0.07795   0.12554   0.00500
-0.16051   -0.56084   0.86589   -0.06769   0.17040   0.44130   0.00500
-0.22820   -0.39044   1.30720   -0.03831   0.11687   0.30363   0.00500
-0.26651   -0.27357   1.61083   -0.20938   -0.12263   0.30315   0.00500
-0.41308   -0.35941   1.82303   -0.10165   -0.09967   0.03989   0.00500
-0.26651   -0.27357   1.61083   0.05061   0.03531   0.06632   0.00500
-0.26076   -0.29110   1.56528   0.02551   -0.03406   0.05668   0.00500
-0.25502   -0.30863   1.51974   -0.03568   -0.03359   0.05065   0.00500
-0.25119   -0.32032   1.48937   0.05317   0.07492   0.04158   0.00500
-0.24736   -0.33201   1.45901   0.02439   -0.02880   0.05131   0.00500
-0.24544   -0.33785   1.44383   0.03900   0.03608   0.03807   0.00500
-0.24544   -0.33785   1.44383   -0.11340   0.02104   0.05950   0.00500
-0.24161   -0.34954   1.41347   -0.01778   0.08573   0.02646   0.00500
-0.23778   -0.36122   1.38310   -0.08234   -0.01824   0.06382   0.00500
-0.22820   -0.39044   1.30720   0.00542   0.10767   0.05175   0.00500
-0.21805   -0.41600   1.24100   0.04395   0.02505   0.04673   0.00500
-0.21466   -0.42452   1.21894   -0.06601   0.06337   0.02123   0.00500
-0.20113   -0.45860   1.13068   0.03484   -0.03771   0.08087   0.00500
-0.19774   -0.46712   1.10861   -0.06439   0.02727   0.00824   0.00500
-0.19436   -0.47564   1.08654   0.00184   0.04256   0.00563   0.00500
-0.17405   -0.52676   0.95415   0.01040   0.10860   0.09035   0.00500
-0.16365   -0.41816   1.04450   0.00174   0.08765   0.13410   0.00500
-0.16191   -0.33051   1.17860   -0.07062   -0.00714   0.09155   0.00500
-0.16191   -0.33051   1.17860   0.03386   0.06443   0.03038   0.00500
-0.16209   -0.33928   1.16519   0.02116   0.00055   0.05833   0.00500
-0.00072   -0.10484   0.54485   0.13028   -0.06000   0.15403   0.01573
0.12956   -0.16484   0.69888   0.15034   -0.13173   0.10840   0.01579
0.27991   -0.29657   0.80728   0.09184   0.06362   0.11701   0.01679
0.37175   -0.23295   0.92430   0.07090   -0.01533   0.22390   0.00848
0.44265   -0.24828   1.14820   0.24743   -0.11159   0.05086   0.00865
0.69008   -0.35987   1.19906   0.02666   -0.07124   0.03857   0.00977
0.71674   -0.43111   1.23763   -0.06492   -0.19732   0.02899   0.00500
0.65182   -0.62842   1.26663   -0.00968   0.00098   -0.02090   0.00500
0.65182   -0.62842   1.26663   -0.00421   -0.03023   -0.01623   0.00500
0.65182   -0.62842   1.26663   0.31233   -0.10131   0.08079   0.00500
0.96414   -0.72973   1.34742   0.04454   -0.05695   0.03486   0.00500
0.87045   -0.69934   1.32318   0.01436   -0.02550   0.05784   0.00500
0.74551   -0.65881   1.29086   0.08265   -0.08602   0.04141   0.00500
0.71428   -0.64868   1.28279   -0.02255   -0.01527   -0.01121   0.00500
0.66480   -0.58896   1.26083   0.03097   -0.01525   0.13672   0.00500
0.66480   -0.58896   1.26083   0.06601   -0.02071   0.02161   0.00500
0.67129   -0.56923   1.25793   -0.01930   0.09584   0.35000   0.00500
0.66068   -0.51652   1.45043   -0.05453   -0.02161   0.08263   0.00500
0.66357   -0.53089   1.39793   -0.03621   -0.04113   0.11010   0.00500
0.69077   -0.51003   1.24923   -0.11882   -0.00162   0.17643   0.00500
0.68428   -0.52977   1.25213   -0.08657   -0.19893   0.11581   0.00500
0.70700   -0.46070   1.24198   -0.14689   -0.11394   0.00529   0.00500
0.61886   -0.52907   1.24516   -0.07626   0.02633   0.01941   0.00500
0.67762   -0.48349   1.24304   -0.13514   0.02334   0.04308   0.00500
0.71674   -0.43111   1.23763   0.05583   -0.04927   0.01461   0.00500
0.69008   -0.35987   1.19906   0.01652   -0.04897   -0.04117   0.00500
0.70659   -0.40884   1.15789   0.09226   0.01358   -0.02680   0.00500
0.79886   -0.39525   1.13109   0.15444   -0.02156   0.02462   0.00500
0.40720   -0.24061   1.03625   0.00283   0.02912   0.03136   0.00500
0.41002   -0.21149   1.06761   0.13580   0.02690   0.05738   0.00500
0.41002   -0.21149   1.06761   -0.14941   0.00683   -0.00020   0.00500
0.26102   -0.20468   1.06741   -0.17030   0.04368   0.14659   0.00500
0.22696   -0.19594   1.09673   -0.00667   0.04722   0.08371   0.00500
0.40011   -0.23908   1.01386   -0.08067   -0.11935   0.04148   0.00515
0.31944   -0.35843   1.05534   0.02375   -0.04593   0.09871   0.00500
0.34318   -0.40436   1.15404   0.01181   0.01855   0.04682   0.00500
0.35499   -0.38581   1.20086   -0.12803   -0.02205   0.25251   0.00500
0.37591   -0.27489   1.02630   0.05538   -0.00590   0.11262   0.00500
0.38593   -0.23601   0.96908   -0.02274   -0.05284   0.00263   0.00500
0.36319   -0.28886   0.97170   -0.06458   -0.04984   0.04022   0.00500
0.37884   -0.23448   0.94669   -0.38049   -0.15322   0.15320   0.00500
0.27991   -0.29657   0.80728   -0.08744   0.09329   0.15554   0.00500
0.31664   -0.27112   0.85409   0.02056   0.08885   0.03744   0.00500
0.12956   -0.16484   0.69888   0.03370   0.02585   0.03551   0.00600
0.16327   -0.13899   0.73440   -0.04595   0.05757   0.02245   0.00500
0.16327   -0.13899   0.73440   0.04384   -0.07255   0.20198   0.00500
0.16327   -0.13899   0.73440   0.02551   0.00774   0.02765   0.00500
-0.01738   0.02661   0.37664   0.17039   0.08178   0.19978   0.01919
0.15301   0.10840   0.57643   0.34702   -0.14961   0.12998   0.01942
0.50002   -0.04121   0.70640   0.08205   -0.08053   0.68271   0.01329
0.58207   -0.12174   1.38911   0.07210   0.09236   0.10859   0.00684
0.65416   -0.02937   1.49771   0.04334   0.05227   0.19631   0.00555
0.69751   0.02289   1.69401   0.00710   0.01198   0.07167   0.00500
0.68450   0.00721   1.63512   -0.01790   0.00034   0.14237   0.00500
0.66660   0.00755   1.77749   -0.01523   0.10322   0.22872   0.00500
0.65137   0.11077   2.00620   -0.01992   0.00894   0.09298   0.00500
0.65594   0.07980   1.93759   0.02950   0.00413   0.07096   0.00500
0.65899   0.05916   1.89185   0.03576   0.04364   0.05985   0.00500
0.65975   0.05400   1.88041   -0.04048   -0.03632   0.09605   0.00500
0.66279   0.03335   1.83467   0.04115   0.02583   0.05532   0.00500
0.67287   0.00743   1.72766   -0.00978   -0.02706   0.02466   0.00500
0.67584   -0.00324   1.59586   -0.12166   0.11444   0.25870   0.00500
0.61501   0.05398   1.72521   -0.04406   0.07212   0.05838   0.00500
0.63325   0.03682   1.68640   -0.02222   -0.00810   0.07911   0.00500
0.64542   0.02537   1.66053   0.00240   0.13208   0.13149   0.00500
0.67367   -0.00585   1.58604   0.01681   -0.03255   0.04578   0.00500
0.66500   -0.01631   1.54678   0.17553   0.15217   0.20377   0.00500
0.64650   0.08481   1.71970   -0.00572   0.00160   0.08462   0.00500
0.66712   -0.01375   1.55640   -0.02939   0.00101   0.07773   0.00500
0.65416   -0.02937   1.49771   0.25465   0.14442   0.26990   0.00500
0.90882   0.11505   1.76761   -0.03796   0.04582   0.13073   0.00500
0.85789   0.08617   1.71363   0.07808   -0.02284   0.04353   0.00500
0.84516   0.07894   1.70013   -0.03963   0.04227   0.07498   0.00500
0.78149   0.04284   1.63266   0.05507   -0.03782   0.04974   0.00500
0.61812   -0.07555   1.44341   -0.01324   0.07507   0.06427   0.00500
0.65056   -0.03399   1.49228   -0.16701   0.17684   0.15690   0.00500
0.60370   -0.09403   1.42169   -0.13163   0.13364   0.08054   0.00500
0.58207   -0.12174   1.38911   -0.02633   0.06871   0.13447   0.00979
0.56232   -0.07021   1.48996   -0.14496   -0.03703   0.22713   0.00500
0.41736   -0.10723   1.71709   -0.01511   0.05053   0.28229   0.00500
0.41736   -0.10723   1.71709   -0.04081   -0.06154   0.10055   0.00500
0.41736   -0.10723   1.71709   -0.01622   -0.07251   0.09963   0.00500
0.50433   -0.08502   1.58081   -0.01258   -0.07018   0.06897   0.00500
0.56363   -0.07364   1.48324   -0.05217   0.00965   0.04166   0.00500
0.57417   -0.10112   1.42945   0.08442   -0.06904   0.04805   0.00500
0.58207   -0.12174   1.38911   -0.00135   -0.06126   0.01846   0.00500
0.58072   -0.18300   1.40757   -0.05537   -0.17866   0.18209   0.00500
0.52536   -0.36166   1.58966   -0.04866   -0.07025   0.03297   0.00500
0.47670   -0.43192   1.62264   -0.11401   -0.08529   0.11511   0.00500
0.55304   -0.27233   1.49862   -0.07993   -0.00282   0.02131   0.00500
0.58072   -0.18300   1.40757   -0.08506   0.05837   0.05908   0.00500
0.56566   -0.10563   1.25257   0.07149   0.06319   0.04684   0.00500
0.54925   -0.08953   1.11603   0.21483   -0.01110   0.10349   0.00500
0.76408   -0.10063   1.21952   0.11422   0.09049   0.16473   0.00500
0.83832   -0.04181   1.32659   0.01429   -0.01775   0.06332   0.00500
0.76408   -0.10063   1.21952   0.11954   -0.03682   0.06487   0.00500
0.54104   -0.08147   1.04776   -0.05835   0.00639   0.04551   0.00500
0.53284   -0.07342   0.97949   0.02310   -0.05400   0.02919   0.00500
0.52874   -0.06939   0.94535   -0.27522   0.03309   0.01723   0.00500
0.52464   -0.06537   0.91121   -0.00008   -0.08214   -0.02696   0.00500
0.52456   -0.14751   0.88426   0.06147   -0.00695   0.22071   0.00500
0.50002   -0.04121   0.70640   0.11858   0.12498   0.25339   0.01025
0.60674   0.07127   0.93445   -0.03636   0.01121   0.03881   0.00500
0.57038   0.08249   0.97326   0.11473   -0.05484   0.11679   0.00500
0.66217   0.03861   1.06669   0.02700   0.02364   0.07838   0.00500
0.63348   0.05232   1.03750   0.01350   0.02174   0.07047   0.00500
0.58303   0.04628   0.88377   0.15696   0.17543   0.00902   0.00500
0.55338   0.01503   0.82043   0.04050   0.04435   -0.04452   0.00500
0.52374   -0.01621   0.75708   -0.00428   0.04584   0.05881   0.00500
0.00336   -0.13132   0.58278   0.17733   -0.02744   0.09691   0.02844
0.18069   -0.15875   0.67969   -0.06622   -0.11342   0.05849   0.01652
0.11446   -0.27218   0.73819   -0.04389   -0.22580   0.49441   0.01664
0.07058   -0.49798   1.23259   0.19751   -0.14583   0.21027   0.00509
0.26808   -0.64381   1.44286   0.21059   -0.06570   0.14059   0.00500
0.47867   -0.70951   1.58346   0.05838   -0.02716   0.02656   0.00500
0.45761   -0.70294   1.56940   0.01396   -0.02410   0.06505   0.00500
0.39444   -0.68323   1.52722   0.01032   -0.04719   0.04519   0.00500
0.26808   -0.64381   1.44286   0.03006   -0.01124   -0.02717   0.00500
0.26808   -0.64381   1.44286   0.00826   -0.00291   0.09573   0.00500
0.22858   -0.61464   1.40081   0.00389   -0.05776   0.09370   0.00500
0.14958   -0.55631   1.31670   0.08268   0.03642   0.00487   0.00500
0.17921   -0.57818   1.34824   -0.08175   -0.08721   0.13605   0.00500
0.09745   -0.66539   1.48429   -0.05595   -0.00667   -0.00553   0.00500
0.05370   -0.67061   1.47997   -0.13204   -0.07877   0.38682   0.00500
0.13971   -0.54902   1.30619   0.18571   0.07449   0.19935   0.00500
0.32541   -0.47453   1.50554   0.13527   -0.14439   0.19630   0.00500
0.07058   -0.49798   1.23259   -0.04315   -0.01495   -0.01055   0.00510
0.02743   -0.51293   1.22204   -0.24617   -0.13623   0.40618   0.00500
-0.21874   -0.64916   1.62823   0.01829   -0.12885   0.19774   0.00500
-0.20959   -0.71358   1.72710   0.03774   -0.00960   0.07183   0.00500
-0.21142   -0.70070   1.70732   0.03639   -0.00255   0.05817   0.00500
-0.21874   -0.64916   1.62823   -0.09539   -0.03531   0.07724   0.00500
-0.20643   -0.64235   1.60792   -0.01630   -0.05834   0.02822   0.00500
-0.16950   -0.62191   1.54699   0.01401   -0.04457   0.06018   0.00500
-0.09566   -0.58104   1.42514   -0.03808   -0.07427   0.03230   0.00500
-0.08335   -0.57423   1.40483   0.01946   -0.02087   0.04624   0.00500
-0.07104   -0.56742   1.38452   0.02258   -0.00790   0.06884   0.00500
-0.00950   -0.53336   1.28297   -0.10250   0.00070   0.02023   0.00500
0.00281   -0.52655   1.26266   0.00934   0.02356   0.08256   0.00500
0.08374   -0.43024   1.08427   0.08839   0.01876   0.18194   0.00500
0.08813   -0.40766   1.03483   -0.05002   -0.06705   0.00400   0.00500
0.09691   -0.36250   0.93595   0.01491   -0.15181   0.01777   0.00502
0.11182   -0.51431   0.95372   0.05126   -0.04240   -0.03120   0.01074
0.16308   -0.55671   0.92252   0.07723   -0.02627   0.05151   0.00500
0.24031   -0.58298   0.97402   0.10606   0.01944   0.10081   0.00500
0.29334   -0.57326   1.02443   0.02624   0.03551   0.05391   0.00500
0.27213   -0.57714   1.00427   0.02264   0.03241   0.04852   0.00500
0.13233   -0.53127   0.94124   -0.00521   -0.03670   0.01589   0.00500
0.10349   -0.32863   0.86179   -0.16314   -0.03052   0.10483   0.00500
0.10130   -0.33992   0.88651   0.09889   -0.00638   0.03345   0.00500
0.20019   -0.34630   0.91996   0.15151   -0.14588   0.14146   0.00500
0.15074   -0.34311   0.90324   0.05124   0.03048   0.01356   0.00500
0.11008   -0.29476   0.78763   -0.04608   -0.02268   -0.00794   0.00500
0.06399   -0.31743   0.77969   -0.15582   0.03972   0.16189   0.00500
-0.09183   -0.27772   0.94158   -0.02794   -0.10169   -0.01780   0.00500
-0.11977   -0.37940   0.92378   0.07158   -0.32915   0.15577   0.00500
0.13433   -0.23815   0.72064   0.10339   -0.17066   -0.04571   0.00500
0.14758   -0.21546   0.70894   -0.01540   0.00342   0.07043   0.00500
0.16082   -0.19278   0.69724   -0.10769   0.03454   -0.04023   0.00500
-0.01206   0.00595   0.36165   -0.38364   0.38250   0.20915   0.03738
-0.39570   0.38845   0.57080   -0.17142   -0.04899   -0.05780   0.03334
-0.56712   0.33946   0.51299   -0.15339   0.03094   0.05895   0.02452
-0.72051   0.37041   0.57194   -0.04212   -0.08551   0.17125   0.01437
-0.76263   0.28490   0.74320   -0.25991   -0.06050   0.66700   0.01656
-1.02254   0.22439   1.41019   -0.04180   -0.03515   0.00880   0.00500
-1.02254   0.22439   1.41019   -0.01913   -0.03683   0.01669   0.00500
-1.04168   0.18756   1.42688   -0.04286   0.01768   0.17023   0.00500
-1.06096   0.19552   1.50348   -0.01742   -0.04552   0.06396   0.00500
-1.05239   0.19198   1.46944   -0.11979   0.03426   0.14864   0.00500
-1.00955   0.22742   1.37684   -0.02763   0.08059   -0.00246   0.00500
-1.03718   0.30801   1.37438   0.00266   0.04043   0.04872   0.00500
-1.03571   0.33024   1.40118   0.04400   0.05873   0.08614   0.00500
-1.03678   0.31407   1.38169   -0.03238   0.06308   0.01789   0.00500
-0.98356   0.23347   1.31014   0.00586   0.12097   0.10718   0.00500
-0.95757   0.23952   1.24344   0.02366   -0.04242   0.03176   0.00500
-0.94573   0.21831   1.25932   0.03192   0.03473   0.08510   0.00500
-0.94457   0.24254   1.21009   -0.01133   0.23223   0.10552   0.01276
-0.95590   0.47478   1.31561   0.03076   0.09845   0.02050   0.00917
-0.92513   0.57323   1.33611   0.02429   0.09174   0.00682   0.00500
-0.90084   0.66497   1.34293   0.02886   0.15044   0.11526   0.00500
-0.87198   0.81541   1.45819   -0.08028   0.03992   0.12147   0.00500
-0.87631   0.79285   1.44090   0.05048   0.01798   0.05603   0.00500
-0.88208   0.76276   1.41785   0.01321   -0.01480   0.07472   0.00500
-0.88930   0.72515   1.38904   -0.05705   0.00866   0.03814   0.00500
-0.89074   0.71762   1.38327   0.03440   -0.00525   0.06976   0.00500
-0.89362   0.70258   1.37175   0.01016   0.11456   0.01675   0.00500
-0.89795   0.68001   1.35446   -0.14722   0.13554   0.15787   0.00500
-0.90934   0.63286   1.34054   -0.04685   0.05766   -0.00617   0.00500
-0.91420   0.61451   1.33918   0.04028   0.03089   0.06551   0.00500
-0.92392   0.57781   1.33645   -0.02213   0.04084   0.03946   0.00500
-0.93436   0.54369   1.32996   -0.04104   0.14636   0.22984   0.00500
-0.97541   0.69006   1.55980   -0.06094   0.01001   0.09842   0.00500
-1.03634   0.70007   1.65821   -0.10911   -0.04136   0.07406   0.00500
-1.02111   0.69756   1.63361   0.01670   -0.01909   0.11369   0.00500
-1.00892   0.69556   1.61393   -0.02215   0.13340   0.03493   0.00500
-0.99064   0.69256   1.58440   0.00476   0.06387   0.08338   0.00500
-0.98636   0.75004   1.65944   0.01160   -0.02458   0.09749   0.00500
-0.98731   0.73727   1.64277   0.01808   0.07385   0.04273   0.00500
-0.98455   0.69156   1.57456   -0.08638   0.00525   0.03091   0.00500
-0.93898   0.52893   1.32689   0.13892   0.00035   0.06692   0.00500
-0.94820   0.49939   1.32074   -0.06308   0.16200   -0.02173   0.00500
-0.95476   0.45156   1.30506   -0.09579   0.03361   0.04981   0.00542
-1.05056   0.48516   1.35487   -0.10014   0.04441   0.18021   0.00923
-1.15070   0.52958   1.53507   -0.03087   -0.08747   0.28990   0.00500
-1.17385   0.46398   1.75250   -0.01228   0.03739   0.07472   0.00500
-1.16768   0.48147   1.69452   -0.02979   -0.02506   0.05495   0.00500
-1.15070   0.52958   1.53507   -0.00928   -0.04468   0.02338   0.00500
-1.15348   0.51618   1.54209   -0.10402   -0.00395   0.12493   0.00500
-1.15070   0.52958   1.53507   -0.01145   0.07588   0.06486   0.00500
-1.14068   0.52514   1.51705   0.10516   -0.04361   0.23701   0.00500
-1.11064   0.51181   1.46299   -0.06824   -0.07402   0.03958   0.00500
-1.17888   0.43780   1.50257   -0.05154   -0.02693   0.00152   0.00500
-1.13111   0.48961   1.47487   -0.04178   -0.01536   0.04727   0.00500
-1.07559   0.49627   1.39992   -0.01276   0.08193   0.11948   0.00500
-1.02661   0.47676   1.34242   -0.09387   0.09323   -0.01477   0.00500
-0.94683   0.28899   1.23120   0.04387   -0.11348   0.17453   0.00500
-0.91858   0.24859   1.14339   -0.02367   0.05688   0.00216   0.00500
-0.84060   0.26675   0.94329   -0.20433   -0.12679   0.18748   0.00500
-0.82761   0.26977   0.90994   0.15308   0.12897   0.21695   0.00500
-0.67453   0.39874   1.12689   0.13600   0.24854   0.27285   0.00631
-0.55893   0.61000   1.35881   -0.04117   0.14604   0.21100   0.00500
-0.57951   0.68302   1.46431   -0.02642   -0.00847   0.06623   0.00500
-0.57128   0.65381   1.42211   0.04108   0.03158   0.08850   0.00500
-0.53853   0.64728   1.39974   0.03390   0.03689   0.03377   0.00500
-0.50463   0.68417   1.43352   0.06602   -0.01050   0.07740   0.00500
-0.59973   0.53544   1.27696   0.03600   0.01906   0.00375   0.00500
-0.65413   0.43602   1.16782   0.00850   -0.01050   0.09692   0.00500
-0.70514   0.37294   1.08350   -0.04772   0.03638   -0.01253   0.00500
-0.79699   0.29556   0.95333   0.01231   0.00659   0.05470   0.00500
-0.81996   0.27622   0.92079   0.02661   0.04500   -0.02113   0.00500
-0.77563   0.28187   0.77655   0.03680   0.14678   0.12673   0.00500
-0.68984   0.36422   0.56015   -0.07859   -0.06416   0.03322   0.01279
-0.76843   0.30006   0.59337   -0.00133   -0.00368   0.05903   0.00500
-0.72051   0.37041   0.57194   -0.05339   0.11472   0.04693   0.01923
-0.75522   0.44497   0.60245   -0.12419   -0.05990   0.02363   0.00837
-0.87941   0.38508   0.62608   -0.29487   0.00009   0.32508   0.00519
-1.17428   0.38516   0.95116   -0.03435   0.03823   0.02734   0.00500
-1.20864   0.42340   0.97850   0.06693   0.04125   0.03844   0.00500
-1.11531   0.38515   0.88614   -0.10028   -0.21405   0.21164   0.00500
-1.05633   0.38513   0.82113   -0.15698   0.04648   0.02226   0.00500
-1.04159   0.38513   0.80487   0.06630   0.06165   0.01547   0.00500
-0.98262   0.38511   0.73986   0.07485   0.07610   0.15669   0.00500
-0.95313   0.38510   0.70735   -0.10399   -0.11765   0.10201   0.00500
-0.89415   0.38508   0.64234   -0.00723   0.05118   0.04367   0.00500
-0.84215   0.40305   0.61899   -0.04169   0.06387   -0.00891   0.00500
-0.86717   0.44137   0.61365   0.05149   0.12250   -0.00156   0.00500
-0.77391   0.48513   0.61888   -0.01785   0.20649   0.01833   0.01397
-0.79176   0.69162   0.63721   0.02617   0.04630   0.02433   0.01007
-0.76559   0.73792   0.66154   0.11396   0.13638   -0.02220   0.00500
-0.73140   0.77883   0.65488   -0.10751   0.23206   0.06700   0.00523
-0.83354   0.99929   0.71852   0.07837   0.05697   0.26276   0.00500
-0.79043   1.03062   0.86304   -0.02754   0.07697   0.07572   0.00500
-0.80611   1.01923   0.81049   -0.08072   0.03591   0.06104   0.00500
-0.82570   1.00499   0.74480   -0.04368   0.13305   0.10211   0.00500
-0.81741   0.96448   0.70847   -0.08752   0.02778   -0.05375   0.00500
-0.81204   0.95288   0.70512   -0.20616   -0.00674   0.12511   0.00500
-0.79053   0.90646   0.69173   -0.10734   -0.02701   0.09662   0.00500
-0.77978   0.88326   0.68503   -0.15366   -0.01399   0.02004   0.00500
-0.77441   0.87166   0.68168   -0.03130   -0.00078   0.13474   0.00500
-0.76366   0.84845   0.67498   0.01040   0.09155   0.11020   0.00500
-0.74280   0.76519   0.65710   -0.09783   0.02426   0.09939   0.00500
-0.78998   0.67097   0.63538   0.03454   0.02244   0.08798   0.00500
-0.77616   0.67995   0.67057   -0.08934   0.12632   0.25785   0.00500
-0.80296   0.71784   0.74792   -0.07189   0.03851   0.07414   0.00500
-0.73653   0.40482   0.58602   0.04477   0.08739   0.11688   0.00500
-0.69624   0.48348   0.69121   -0.16022   0.06752   0.26992   0.00500
-0.70519   0.46600   0.66784   0.03471   0.06120   -0.00265   0.00500
-0.67450   0.36112   0.55426   0.07045   -0.01224   0.02557   0.00500
-0.63575   0.35439   0.56832   0.02156   -0.11882   0.04059   0.00500
-0.51570   0.35416   0.53033   -0.02314   0.11206   -0.02177   0.00500
-0.52842   0.41580   0.51836   -0.18432   0.02587   0.05346   0.00500
-0.42142   0.38110   0.56213   0.00503   0.03814   0.02467   0.01393
-0.41639   0.41925   0.58679   -0.03319   -0.01959   0.06880   0.00848
-0.44958   0.39966   0.65559   -0.00383   -0.02349   0.06475   0.00500
-0.43299   0.40945   0.62119   0.05893   0.07295   0.13129   0.00500
-0.37406   0.48240   0.75249   -0.07270   -0.00996   0.09962   0.00500
-0.26143   0.25458   0.49759   0.11634   0.06262   0.21098   0.00500
-0.16836   0.30468   0.66638   0.01473   0.03513   0.03194   0.00500
-0.20326   0.28589   0.60308   -0.01174   0.07595   0.07557   0.00500
-0.28061   0.27370   0.50805   -0.07582   -0.01403   0.04246   0.00500
-0.32989   0.26458   0.53565   -0.02429   -0.01562   -0.02899   0.00500
-0.18470   0.17808   0.45577   -0.02707   -0.04268   0.09738   0.00814
-0.21177   0.13540   0.55315   -0.05255   0.00710   0.06393   0.00500
-0.26432   0.14250   0.61708   -0.02815   0.09734   0.08045   0.00500
-0.21177   0.13540   0.55315   0.01407   -0.05055   0.07196   0.00500
-0.10797   0.10158   0.41394   -0.11737   -0.01209   0.00590   0.00500
-0.12715   0.12070   0.42439   0.11519   0.04107   0.01548   0.00500
-0.01947   0.01706   0.36992   0.05308   0.24932   0.21228   0.03862
0.03361   0.26638   0.58220   0.29149   0.32894   0.12487   0.03362
0.32510   0.59532   0.70707   0.12486   0.55663   0.54496   0.02215
0.44995   1.15195   1.25203   0.11731   0.12591   -0.00852   0.01159
0.56727   1.27786   1.24351   -0.01297   0.09880   -0.00405   0.01148
0.55430   1.37666   1.23946   -0.05042   0.25888   0.17536   0.00500
0.50388   1.63553   1.41483   -0.10734   0.20541   0.36438   0.00500
0.39654   1.84094   1.77921   -0.05406   0.02971   0.02513   0.00500
0.49314   1.65607   1.45126   -0.04650   0.03491   0.07321   0.00500
0.50892   1.60965   1.39729   0.01659   0.22289   0.06617   0.00500
0.51396   1.58376   1.37975   0.11798   -0.00355   0.11595   0.00500
0.51900   1.55787   1.36222   -0.10507   0.09868   0.05158   0.00500
0.55430   1.37666   1.23946   -0.00909   0.08601   -0.04584   0.00500
0.54566   1.45837   1.19591   0.11456   0.09643   0.03066   0.00500
0.56727   1.27786   1.24351   0.22920   0.14450   -0.01419   0.00500
0.44371   1.12412   1.22478   -0.06029   -0.03803   0.12099   0.00871
0.38343   1.08609   1.34577   0.12867   0.03556   0.33327   0.00500
0.49280   1.11632   1.62905   0.03184   0.24699   0.36445   0.00500
0.39629   1.08965   1.37910   -0.13933   0.01951   0.08565   0.00500
0.43747   1.09629   1.19753   0.00392   0.08209   0.00934   0.01240
0.44139   1.17838   1.20688   0.03436   0.06949   0.08732   0.00588
0.46029   1.21660   1.25490   -0.09388   0.05802   0.28247   0.00500
0.40396   1.25141   1.42438   0.01338   0.05609   0.05556   0.00500
0.45342   1.20270   1.23744   0.04822   0.10039   -0.00915   0.00500
0.42498   1.04062   1.14304   -0.32600   0.01245   0.19453   0.00619
0.14788   1.05120   1.30839   -0.05665   0.18999   0.19883   0.00500
0.09124   1.24119   1.50722   -0.13611   0.04052   0.18903   0.00555
-0.04487   1.28171   1.69625   -0.06392   0.17506   0.20252   0.00500
-0.01765   1.27361   1.65844   0.01001   -0.02482   0.05024   0.00500
0.05040   1.25335   1.56392   -0.03442   0.04786   0.02861   0.00500
0.10257   1.20319   1.46745   -0.00232   0.06766   0.02534   0.00500
0.10024   1.27085   1.49279   -0.02689   0.08786   0.07447   0.00500
0.13372   1.09870   1.35809   -0.03925   -0.01182   0.05395   0.00500
0.24568   1.04747   1.25003   -0.10442   0.24023   0.08449   0.00500
0.14127   1.28770   1.33452   0.03889   0.22476   0.20048   0.00500
0.18016   1.51246   1.53499   -0.16740   0.09748   0.24818   0.00500
0.17627   1.48998   1.51494   0.03053   0.07686   0.01138   0.00500
0.16071   1.40008   1.43475   -0.01898   0.01257   0.03902   0.00500
0.17259   1.21563   1.30917   -0.04188   -0.01729   0.05856   0.00500
0.32718   1.04436   1.20140   -0.05036   0.05708   -0.01652   0.00500
0.43123   1.06846   1.17028   0.28835   -0.12446   0.21136   0.00616
0.69074   0.95644   1.36051   0.11875   0.06903   0.12113   0.00500
0.80949   1.02547   1.48164   0.02329   0.02910   0.31734   0.00500
0.79168   1.01512   1.46347   0.10544   0.08569   0.00177   0.00500
0.66191   0.96889   1.33937   0.01719   -0.08719   0.02838   0.00500
0.67909   0.88170   1.36775   -0.05267   -0.23683   0.20728   0.00500
0.65803   0.78696   1.45066   -0.05173   -0.01556   0.03773   0.00500
0.66964   0.92965   1.35214   0.05945   -0.06530   0.37494   0.00500
0.38128   0.84580   0.95230   -0.18338   0.19805   0.09870   0.00743
0.19790   1.04386   1.05100   -0.23683   0.08766   0.07175   0.00883
-0.03893   1.13152   1.12275   -0.31002   0.11109   0.29213   0.00500
-0.34895   1.24260   1.41487   -0.12160   -0.02248   0.02440   0.00500
-0.33345   1.23705   1.40027   -0.11439   0.34793   0.27894   0.00500
-0.44212   1.56758   1.66526   -0.08361   0.02140   0.05645   0.00500
-0.43068   1.53279   1.63737   -0.07542   -0.01788   0.09417   0.00500
-0.41924   1.49800   1.60948   0.03763   0.03411   0.05144   0.00500
-0.37920   1.37622   1.51185   -0.06693   0.04521   0.00295   0.00500
-0.31795   1.23150   1.38566   -0.09486   0.05832   0.01720   0.00500
-0.41281   1.28981   1.40286   -0.24824   0.25636   0.20062   0.00500
-0.66105   1.54617   1.60348   -0.09711   0.00237   0.07304   0.00500
-0.45004   1.32826   1.43295   -0.07633   -0.00789   0.02986   0.00500
-0.25595   1.20928   1.32724   -0.08947   -0.08831   0.23262   0.00500
-0.31857   1.14746   1.49007   -0.01917   0.03004   0.07737   0.00500
-0.27831   1.18720   1.38539   -0.04527   0.00611   0.09407   0.00500
-0.24044   1.20372   1.31263   0.01088   -0.12106   0.12615   0.00500
-0.20944   1.19261   1.28342   -0.23202   -0.01947   -0.02336   0.00500
-0.14744   1.17040   1.22499   -0.00327   -0.04593   0.09750   0.00500
-0.11644   1.15929   1.19578   -0.10893   0.17193   0.03512   0.00505
-0.22537   1.33122   1.23090   -0.00327   0.35289   0.27811   0.00500
-0.22864   1.68411   1.50901   -0.03594   0.01659   0.06116   0.00500
-0.20903   1.30543   1.22563   -0.06857   0.11640   -0.02926   0.00500
-0.27760   1.42183   1.19637   -0.15756   0.18933   0.13871   0.00500
-0.43516   1.61117   1.33508   -0.02103   0.14288   0.00910   0.00500
-0.41153   1.58277   1.31428   -0.07306   0.17483   0.02903   0.00500
-0.39577   1.56383   1.30041   -0.03377   -0.01370   0.07029   0.00500
-0.34850   1.50703   1.25879   0.04484   0.02837   0.04554   0.00500
-0.34062   1.49757   1.25186   -0.03374   -0.01970   0.06630   0.00500
-0.30123   1.45023   1.21718   0.01677   0.05073   0.03614   0.00500
-0.10094   1.15373   1.18117   0.00417   -0.04084   0.10243   0.00500
-0.06994   1.14263   1.15196   -0.04678   -0.00740   0.00096   0.00500
0.07948   1.08769   1.08687   -0.01192   0.19389   0.12715   0.00500
0.17422   1.05262   1.05818   0.00056   0.07328   -0.03747   0.00500
0.20707   1.03395   1.04607   -0.15625   0.11084   0.15512   0.00500
0.21624   1.02405   1.04113   -0.15343   0.08328   0.06935   0.00500
0.27125   0.96463   1.01152   0.02786   0.06736   0.00886   0.00500
0.36880   0.79014   0.89780   0.03184   0.26240   0.06077   0.00746
0.40064   1.05254   0.95857   0.07943   0.06722   -0.00926   0.00500
0.39905   1.03942   0.95553   0.12135   0.12451   -0.03673   0.00500
0.39586   1.01318   0.94945   -0.02845   0.10256   0.05288   0.00500
0.39109   0.97382   0.94034   0.09885   0.07045   0.00805   0.00500
0.48993   1.04427   0.94839   0.11726   0.13117   -0.02108   0.00500
0.50752   1.06395   0.94523   0.05437   0.03011   0.05523   0.00500
0.38631   0.93446   0.93123   -0.10909   0.08557   -0.01229   0.00500
0.37357   0.82950   0.90692   0.02516   0.00661   0.00077   0.00500
0.36256   0.76231   0.87056   0.24967   0.04437   0.02169   0.00500
0.61222   0.80667   0.89225   -0.00800   -0.10115   0.21758   0.00500
0.60982   0.77633   0.95752   0.07393   -0.02138   0.04898   0.00500
0.61102   0.79150   0.92489   0.06705   0.08607   0.14954   0.00500
0.47491   0.78227   0.88032   0.01575   0.02201   -0.05358   0.00500
0.35007   0.70664   0.81606   -0.06530   0.09138   0.01911   0.00500
0.28477   0.79802   0.83516   -0.12520   -0.07535   0.11145   0.00500
0.33758   0.65098   0.76156   -0.28620   0.20437   0.30672   0.01012
0.05138   0.85535   1.06829   -0.22875   -0.06196   0.35204   0.00742
-0.17736   0.79340   1.42033   -0.01425   0.08933   0.15613   0.00500
-0.19162   0.88273   1.57646   -0.18373   0.02378   0.37926   0.00500
-0.15449   0.79959   1.38512   -0.15001   -0.14042   0.28274   0.00500
-0.30450   0.65918   1.66786   -0.00285   0.06398   0.12253   0.00500
-0.30450   0.65918   1.66786   -0.10608   0.11025   0.10055   0.00500
-0.30450   0.65918   1.66786   -0.11147   0.05642   0.08105   0.00500
-0.29700   0.66620   1.65372   -0.06803   -0.04925   0.06545   0.00500
-0.29700   0.66620   1.65372   0.01174   -0.08751   0.07461   0.00500
-0.28200   0.68024   1.62545   0.02230   0.01220   0.06671   0.00500
-0.28200   0.68024   1.62545   -0.09347   -0.01043   0.05781   0.00500
-0.23699   0.72236   1.54063   -0.06989   -0.08392   0.01613   0.00500
-0.21449   0.74343   1.49822   -0.07414   -0.00506   0.03703   0.00500
-0.16949   0.78555   1.41340   -0.10624   0.01123   0.03916   0.00500
-0.14305   0.80269   1.36752   -0.01179   -0.03547   0.05401   0.00500
-0.14305   0.80269   1.36752   -0.16259   0.01156   0.07555   0.00500
-0.30564   0.81426   1.44307   -0.26076   0.05325   0.27918   0.00500
-0.52728   0.85952   1.68037   -0.04123   0.03397   0.02294   0.00500
-0.09730   0.81508   1.29711   -0.00234   -0.03948   0.02807   0.00500
-0.02868   0.83367   1.19150   0.05798   0.09381   0.20420   0.00500
0.09431   0.82470   1.02228   -0.02421   -0.03017   0.07125   0.00500
0.13724   0.79404   0.97627   -0.21689   0.16776   0.07165   0.00500
0.20879   0.74295   0.89959   -0.03208   -0.02426   0.05898   0.00500
0.23741   0.72251   0.86892   -0.29838   0.02937   -0.11788   0.00500
-0.00129   0.74601   0.77461   -0.05591   -0.02952   0.05759   0.00500
0.16282   0.72985   0.83945   -0.09815   -0.05722   0.01424   0.00500
0.33134   0.62315   0.73432   0.11187   0.00886   0.18745   0.01067
0.40406   0.62891   0.85616   -0.04851   0.03338   0.04051   0.00500
0.35555   0.66229   0.89666   -0.01033   0.07035   0.15043   0.00500
0.35372   0.62492   0.77181   -0.05735   -0.16329   0.17228   0.00500
0.31052   0.57887   0.70082   -0.20890   0.11221   -0.11171   0.00500
0.28138   0.54598   0.68834   0.20281   -0.09460   0.52533   0.00500
0.48419   0.45138   1.21366   -0.07407   0.05588   0.33780   0.00500
0.42493   0.49608   1.48391   -0.14509   -0.03956   0.21044   0.00500
0.45377   0.46557   1.13487   0.19575   0.02163   0.23005   0.00500
0.62994   0.48503   1.34191   0.04673   0.17708   0.31061   0.00500
0.67667   0.66211   1.65252   0.09842   0.06094   0.12818   0.00500
0.70127   0.67735   1.68456   -0.00856   0.00527   0.07389   0.00500
0.58100   0.47962   1.28440   0.00696   -0.03331   0.05862   0.00500
0.16478   0.41440   0.63839   -0.08752   0.03593   0.03555   0.00754
0.07726   0.45033   0.67395   -0.11454   0.12845   0.14943   0.00500
0.00281   0.53382   0.77108   -0.09734   -0.00298   0.09188   0.00500
0.09914   0.44135   0.66506   -0.18515   0.16034   -0.05955   0.00500
0.03433   0.49746   0.64422   -0.04751   0.07893   0.01188   0.00500
0.09914   0.44135   0.66506   -0.20516   -0.15884   0.23886   0.00500
-0.01370   0.35398   0.79643   -0.07867   -0.01489   0.03577   0.00500
0.15021   0.39795   0.63215   0.06099   -0.03021   0.16497   0.00500
0.02830   0.24144   0.56097   0.04332   -0.00607   -0.01453   0.00500
0.07163   0.23537   0.54644   0.00713   -0.09212   0.06565   0.00500
0.07876   0.14326   0.61209   0.04616   -0.00002   0.10802   0.00500
0.07840   0.14786   0.60881   -0.04502   -0.05701   0.03492   0.00500
0.07769   0.15707   0.60225   0.04273   -0.02345   0.03457   0.00500
0.07662   0.17089   0.59240   -0.02615   -0.04523   0.08019   0.00500
28
-0.56225   -0.71300   2.09813   -0.03728   -0.01755   -0.02142   0.02322
-0.03505   -0.69174   1.52299   0.03597   -0.04416   -0.01689   0.02970
-0.27910   -0.77073   1.29316   -0.01550   0.00649   -0.05439   0.02846
-0.85182   -0.78151   1.59989   -0.00253   0.01064   -0.05468   0.02788
-1.09880   -1.05539   1.72436   0.02203   -0.05208   -0.01094   0.02880
-0.46823   -0.88203   1.17693   0.01140   -0.00114   -0.05580   0.02848
-0.64768   -0.82297   1.17733   -0.03209   -0.03134   0.02384   0.02540
-0.02167   -0.47141   1.57713   0.02671   0.00575   -0.02814   0.01961
0.09128   -0.37402   1.69406   0.02535   -0.00716   -0.05503   0.03051
-0.12948   -0.87793   1.14326   -0.01300   -0.00781   -0.02332   0.01391
-0.11861   -0.49562   1.11044   -0.01369   -0.00296   -0.04466   0.02340
-0.14092   -0.33873   1.22352   -0.01339   0.01069   -0.01218   0.01052
0.65875   -0.50693   1.48543   0.01647   0.01651   -0.03193   0.01977
0.95329   -0.41682   1.15571   0.02206   0.03606   -0.01664   0.02271
0.79886   -0.39525   1.13109   -0.00931   -0.00406   -0.04237   0.02179
0.29861   -0.33870   1.01192   -0.00450   -0.02260   -0.02695   0.01773
0.18738   -0.17889   0.84549   -0.00156   0.03875   -0.02594   0.02333
0.65416   -0.02937   1.49770   0.00917   0.02182   -0.04016   0.02331
0.41736   -0.10723   1.71709   -0.05143   -0.00268   0.01816   0.02730
0.54915   -0.15029   0.97254   -0.03747   0.03133   -0.02557   0.02756
-0.07834   -0.74938   1.86678   -0.00287   0.03787   0.01927   0.02130
0.10142   -0.42648   1.12066   0.02576   0.00595   -0.04358   0.02549
0.19637   -0.34055   0.69321   -0.01697   -0.00471   -0.03654   0.02028
-0.75517   1.05626   0.98128   0.04823   -0.03754   -0.02874   0.03377
-0.90494   0.99226   0.65472   -0.00945   -0.00965   -0.06652   0.03394
-0.35418   0.24896   0.50666   0.00659   -0.01861   -0.05295   0.02826
-0.31104   0.89819   1.82297   0.00596   -0.04614   -0.02579   0.02659
0.34780   0.71506   1.00949   -0.01112   0.00957   -0.03343   0.01826
